-5.93
-25.88
4.18
-26.8
92.61
-18.95
-181.13
5.61
10.48
2.23
-14.78
210.82
-2.59
19.54
-25.83
14.4
-2.37
5.88
-16.85
-105.85
-9.5
28.66
-11.87
-3.91
16.29
-9.09
-3.99
5.24
2.55
-81.89
39
41.53
77.41
8.74
-66.6
-142.85
0.99
12.35
6.13
-5.61
-66.35
-1.22
-11.48
38.02
-7.51
106.86
-13.41
81.53
-13.99
0.53
-17.84
8.44
7.37
113.06
91.57
-73.72
-217.04
8.54
18.37
-1.69
-8.05
-5.81
-3.34
-8.43
-13.19
-400.87
-17.94
53.66
37.19
-2.17
-27.94
-2.65
15.7
-186.77
3.43
2.32
-10.21
-2.32
-2.56
110.52
2.37
-81.41
-7.78
19.25
88.04
-97.44
-6.57
5.51
14.14
157.88
-4.91
-94.1
-52.06
38.64
33.62
-65.83
4.67
6.64
68.59
-1.97
3.07
12.53
6.85
3.52
10.89
100.1
-0.34
-67.09
-11.43
-14.76
-16.35
-73.01
-1.35
1.07
62.9
12.82
-3.94
24.18
-8.5
-13.33
0.52
-4.91
46.53
-26.59
4.21
5.98
46.85
38.48
59.89
348.97
-19.95
11.91
1.24
-8.93
-10.41
-33.77
-43.64
3.86
-4.19
-21.38
-1.95
40.13
-38.02
8.87
44.94
-9.58
-13.06
-100.5
8.8
34.89
-16.52
-6.71
21.08
-3.65
2.05
1.96
12.7
13.9
6.89
13.27
126.28
47.93
-12.5
-1.99
-2.48
-8.04
56.47
9.78
-64.6
-4.25
-8.43
-0.66
34.65
-15.19
-20.75
-33.62
-0.45
-5.94
12.2
-22.52
-6.11
9.8
-1.09
-65.28
41.95
-133.1
-5.09
-7.02
106.37
-36.11
38.93
7.71
-6.26
29.24
155.7
10.35
49.42
59.12
-98.78
-9.42
-71.83
-10.38
-5.82
-7.54
-40.98
-16.36
-4.9
-7.2
-57.69
-101.04
10.05
-9.67
-38.24
-19.54
7.6
-5.8
-76.52
48.09
-1.48
-31.63
-9.66
-133.34
-4.59
11.77
51.26
-10.34
-17.76
1.06
-6.96
-208.45
-32.65
-10.15
-9.45
-69.66
6
70.5
17.18
5.9
-188.6
-93.83
-103.09
-30.94
53.68
-35.61
-12.33
85.79
-329.72
-6.47
-2.29
14.04
5.73
7.09
-1.85
6.29
-5.37
-10.36
-49.2
7.04
10.72
0.76
-57.62
-7.98
1.42
-125.38
-18.69
-3.78
-2.88
16.14
1.65
-184.38
-98.76
1.04
-0.19
-48.63
19.01
-6.41
6.21
-13.63
1.61
70.65
5.28
-8.72
-4.06
-9.94
-27.65
2.04
7.16
7.51
-25.72
-45.85
18.86
-67.11
48.04
15.95
4.62
41.24
-32.86
68.85
10.18
-9.75
-216.51
-29.69
8.33
30.06
45.12
2.37
-144.46
-17.09
-60.86
-9.92
22.58
9.66
4.81
9.96
39.66
9.67
42.51
13.21
10.63
4.63
2.67
9.32
0.05
16.29
-10.29
28.43
-286.46
17.67
62.97
14.23
35.41
14.05
74.86
-2.05
0.8
12.37
2.73
3.26
-8.98
88.79
59.2
-55.05
-6.13
-53.93
37.52
-11.33
0.63
8.77
-34.02
0.01
52.45
-5.47
4.55
15.77
-45.06
-12.87
6.25
-42.24
52.94
34.46
12.82
6.12
-84.59
-11.33
14.81
-23.06
25.12
12
-58.82
24.29
-47.1
4.17
21.19
58.62
3.14
-98.74
-3.23
90.25
80.97
41.66
-10.83
75.81
13.12
93.35
-10.52
-12.55
-1.34
6.2
50.98
34.29
77.14
-77.67
-16.43
26.31
63.44
-6.02
0.2
56.02
122.22
9.42
13.6
-6.44
-5.92
-11.82
-18.21
5.14
-151
-54.14
-4.98
14.22
-15.82
96.47
-6.47
-185.51
-2.7
28.28
21.58
13.86
5.36
-2.13
14.61
52.92
7.12
-10.46
-6.76
10.7
-23.8
14.39
-8.11
51.34
-4.12
-6.39
-9.6
10.16
9.88
2.55
14.02
5.66
79.59
-7.14
35.06
-17.48
2.54
-8.58
64.84
-0.22
18.66
13.08
-66.04
-62.89
104.22
-9.32
37.74
25.29
-19.22
28.17
7.71
59.97
-9.16
-10.81
0.35
4.4
-19.64
-18.61
-11.79
10.53
-7.04
-122.76
-0.74
19.95
4.62
-56.71
7.97
203.12
46.54
80.48
-121.1
-32.6
8.48
-12.03
-6.53
3.42
6.79
-6.29
4.5
-5.46
-3.89
2.41
1.9
8.02
38.22
-48.42
-0.5
9.29
72.18
-11.63
-52.82
-74.21
1.16
10.77
6.88
-8.76
25.47
-41.97
87.55
-1.7
-1.98
51.43
37.61
-4.07
-35.59
-12.32
47.53
-8.42
-6.77
9.27
165.14
-4.35
5.16
7.56
-23.67
124.53
5.71
-4.75
-9.17
34.51
-26.21
-143.77
11.34
-46.16
86.45
61.36
41.98
8.73
62.01
-51.6
5.73
-49.86
-0.89
25.98
5.27
-5.94
-2.85
-4.76
-7.66
-6.52
15.81
13.96
-71.41
0.19
90.48
185.65
-1.37
-38.13
152.77
10.65
77.6
8.05
14.9
-9.15
-63.17
-70.88
1.83
4.03
-107.64
-10.03
-71.42
-27.96
21.34
132.53
-5.59
-10.5
10.4
35.31
1.37
-40.47
181.78
3.03
-11.89
12.5
-0.58
13.55
-26.79
-8.28
-5.53
-8.01
161.84
38.27
-11.23
71.58
2.77
54.92
24.5
-8.77
15.66
42.43
72.19
99.91
91.21
1.8
-17.79
1.68
24.63
13.81
9.3
-14.26
-51.27
51.83
-84.85
-2.97
-9.35
4.28
-23.51
-24.54
-55.28
35.7
-10.88
-24.39
-14.72
33.48
-13.12
-9.34
3.11
-11.1
-20.24
125.04
-7.51
-15.79
-187.58
19.96
46.62
88.19
-1.61
4.75
23.16
20.28
-50.4
-35.76
15.01
-6.68
43.47
-3.89
-25.33
-56.32
9.28
10.69
13.6
0.81
-41.8
-57.74
-7.2
55.28
37.13
-112.2
-0.49
5.72
-2.78
-240.99
-76.63
-1.77
-5.11
10.72
-15.83
-2.54
-36.9
-9.6
108.13
15.53
90.46
3.03
-1.97
-2.52
104.04
-70.15
-2.6
2.41
-139.44
17.7
39.96
9.84
-3.24
-11.73
7.22
7.75
25.48
-42.09
-5.11
-1.38
31.27
32.21
6.8
-9.35
-1.35
74.24
63.21
17.86
40.94
15.35
-48.42
50.21
57.57
-7.24
-5.18
-12.56
-78.76
150.77
10.73
10.52
-8.31
6.18
-14.78
-8.1
-8.98
-14.27
9.51
104.08
-255.94
139.39
-14.95
1.96
42.33
-20.11
-10.72
-2.2
-37.65
13.88
-34.74
-6.81
-11.77
-21.88
-3.5
-37
-2.61
-14.84
-6.64
3.12
10.9
-13.14
11.49
-51.62
-9.98
-3.14
78.6
-67.97
42.61
57.17
103.14
3.46
-21.77
8.49
4.17
17.65
-13.08
6.88
2.34
19.29
9.66
-7.9
-4.93
2.45
-4.78
1.21
14.72
-0.44
-14.16
-23.96
-9.76
-11.38
-20.74
-100.69
26.86
-9.73
3.28
-62.16
23.19
17.07
35.3
7.69
-3.54
-34.53
5.52
-0.63
-8.29
4.04
-9.02
41.96
-8.29
-7.29
-22.95
-0.16
-3.13
-19.76
33.02
-12.74
-17.25
-6.22
-108.91
-52.05
0.89
-11.04
6.31
61.46
-44.25
28.7
-41.15
6.29
-25.56
-7.33
7.8
12.25
-8.15
-7.42
-9.91
7.02
-15.69
-147.08
-12.31
-9.72
-65.35
-47.57
47.65
-102.61
42.75
14.86
12.12
33.65
25.76
-194.94
6.92
-36.62
-6.67
-1.6
-5.54
84.73
13.45
-33.99
-91.88
-146.91
4.86
4.53
36.86
16.28
-57.89
-10.35
1.52
-4.03
-0.28
-8.08
9.88
-16.63
52.62
-2.44
-103.26
21.61
6.13
31.19
14.49
8.12
-10.69
-6.17
-12.36
-1.19
55.45
-20.85
-6.34
-8.46
119.07
3.74
-6.22
-46.07
-75.54
-65.15
-51.97
-13.63
6.08
-32.68
13.61
-9.25
35.53
-14.2
9.77
-74.86
10.15
16.34
-55.02
24.27
-5.08
-1.37
-28.35
61.46
-42.65
8.34
-40.24
10.7
93.8
5.87
5.36
-120.14
-39.07
-3.68
18.96
6.75
28.2
8.94
6.73
-10.53
-0.59
22.55
36.11
54.71
93.83
22.78
5.14
44.39
11.49
-21.4
-24.34
-33.44
38.36
46.47
44.56
3.24
29.8
9.89
9.58
1.76
102.6
76.04
38.67
-3.25
10.04
7.85
5.91
101.8
19.85
-6.92
-12.02
35.5
4.94
63.28
59.08
-70.79
-8.46
-394.83
59.88
53.56
-15.1
2.68
11.13
-0.38
-12.17
-52.31
6.62
-8.11
13.05
48.27
102.14
-7.26
83.93
-184.22
8.94
2.56
11.19
2.73
-123.31
23.38
-85.02
11.05
30.23
-6.07
153.97
-72.89
-40.55
17.61
13.63
3.32
-57.72
7.36
-33.76
0.82
-34.64
34.66
60.24
13.08
-109.24
-96.82
79.73
10.74
45.64
1.2
-6.88
3.56
-28.45
-2.12
50.23
8.59
32.64
57.96
-2.35
-0.1
-13.52
5.1
-6.56
-116.53
13.63
8.15
-4.58
-1.2
-1.51
136.44
8.45
9.24
-7.73
-11.17
34.8
-30.36
77.55
2.64
-81.64
-123.56
19.46
-0.22
3.57
-105.78
