-12.9
7.33
16.47
-16.83
-6.24
12.1
59.23
-130.85
-5.89
99.93
38.72
-7.43
-87.48
30.41
-175.36
0.17
42.39
24.56
-24.06
-5.46
-11.02
10.79
70.12
-40.24
4.9
-214.26
31.48
-40.51
-10.48
-2.13
-10.13
-133.78
-1.66
2.39
-8.28
2.33
-4.05
-2.84
-2.96
-2.15
42.24
43.47
34.12
14.11
8.92
3.68
-10.25
-7.68
3.25
-99.77
37.9
19.91
-41.67
27.3
10.78
2.55
13.36
-63.88
9.44
-15.22
5.5
-39.71
-7.13
-83.37
3.97
54.15
2.39
-34.68
5.33
-0.28
-54.71
-7.84
6.99
32.83
-67.96
3.8
48.08
6.56
23.34
5.95
14.22
-7.44
16.43
112.24
82.26
10.26
-6.57
-19.04
32.45
32.43
-70.39
-15.82
-91.74
-10.27
14.34
-43.59
-83.17
-6.33
1.14
-0.28
-35.85
-39.68
-12.29
-18.93
9.79
-16.46
-8.36
-12.51
68.27
13.29
34.32
10.95
-9.21
55.37
7.41
114.77
39.45
-15.73
-47.94
-5.36
-41.16
-14.5
50.84
-2.44
6.39
-101.28
-11.21
12.87
8.3
-54.11
31.97
30.16
-25.8
139.65
4.06
27.83
31.59
7.02
-53.41
31.9
7.06
-12.51
21.62
9.36
-117.57
1.85
36.22
14.52
72.94
22.55
107.9
-72.96
-174.46
33.24
3.18
-14.17
53.76
1.33
-30.28
14.37
-96.76
-18.73
20.4
50.51
10.31
59.94
-1.12
27
-27.97
-19.81
7.71
-31.71
-18.08
17.97
-11.95
13.18
-8.24
37.51
-10.82
7.11
7.93
-20.73
10.13
31.01
27.38
-53.52
4.03
-37.2
4.39
-66.2
-67.38
14.29
12.06
-103.23
104.33
65.6
8.91
56.98
6.01
0.66
71.93
49.63
21.05
-75.87
-27.43
-97.55
50.46
3.63
31.13
15.45
-49.24
8.67
6.02
-13.38
46.67
-35.69
10.15
-54.87
7.38
4.6
-14.19
-13.96
4.36
-72.06
-6.22
-45.95
-13.35
-29.58
-12.92
77.5
-8.97
-8.74
32.53
-8.06
-3.87
7.74
45.67
9.38
-57.53
38.43
-7.59
-5.68
8.55
2.43
-62.84
149.77
84.69
0.86
8.43
21.13
-12.17
-2.38
-27.34
-1.97
5.61
-0.21
-7.21
23.18
-62.12
-4.42
136.75
-34.3
142.4
-5.01
22.78
93.51
-55.82
-6.31
-119.49
-6.44
-11.31
-67.7
2.11
-2.85
9.18
29.15
14.43
7.46
60.42
21.01
3.85
20.07
-19.36
-35.78
-0.3
-0.31
-2.16
22.44
41.75
14.77
-81.63
14.7
21.89
-6.79
-84.65
-10.61
-118.7
7.99
2.48
-16.11
-2.25
45.71
117.22
-13.16
45.1
38.43
4.36
-12.9
-27.17
10.07
-106.14
-7.43
-5.75
7.47
3.13
-10.85
8.22
4.5
-8.31
-0.66
-2.71
-42.88
-29.25
-14.91
-3.62
83.65
38.22
-0.94
8.54
19.96
52.91
-56.64
8.64
8.02
-9.5
12.03
-80.93
73.56
-9.39
34.78
-3.55
-63.21
-71.15
-35.46
-12.75
-129.59
-53.95
-4.94
65.26
-46.66
-6.6
-12.29
5.21
4.89
-48.54
44.07
33.81
102.44
79.1
49.14
19.14
-7.6
-3.91
3.1
-27.8
-31.8
-118.63
-130.26
15.86
-0.83
4.94
-8.49
-100.49
-41.79
-76.51
-5.36
0.01
-22.11
7.04
108.19
36.59
32.32
3.68
-35.45
11.53
-62.68
-72.01
-66.48
-6
8.62
7.36
22.29
-92.65
-2.52
-1.4
16.07
1.6
10.03
71.99
55.34
-44.55
13.45
5.56
38.32
2.47
26.79
-9.21
-8.83
3.77
-61.94
4.46
39.05
10.45
91.54
15.61
-8.82
-11.92
-36.96
0.01
-19.79
-131.84
-43.29
-131.47
162.39
-79.29
-27.52
0.04
-11.36
16.85
-8.57
110.48
-59.85
10.36
18.34
-10.66
14.71
11.32
37.52
-112.77
-9.22
22.89
-53.1
-6.4
-19.92
19.97
-3.48
45.57
-30.98
-57.38
-28.85
18.56
33.5
45.7
59.02
-38.93
3.07
19.08
-4.47
1.07
-13.4
-12.41
228.55
-101.73
-13.35
35.19
-26.82
-24.04
0.87
10.42
35.6
-4.13
18.95
49.76
-13.04
111.87
8.14
18.29
-10.54
-20.73
43.5
-1.06
13.24
80.08
12.83
5.1
-10.01
-20.59
-10.18
-10.19
22.16
-35.23
8.59
11.22
-17.58
8.1
47.05
6.58
-15.66
-77.09
-0.55
-9.59
62.52
15.36
18.34
-80.42
-36.79
-2.96
-271.69
98.04
-21.83
-44.46
-38.97
-70.12
-44.86
88.7
-84.3
-8.67
39.08
5.96
-106.41
-0.97
4.5
4.3
7.87
-17.43
22.62
42.93
-130.97
20.26
-2.64
2.77
6.72
4.42
-8.84
-0.38
30.68
-28.79
1.97
41.98
11.8
2.74
-1.49
8.7
10.06
-3.88
-17.37
-2.34
-7.11
-34.34
23.58
9.98
55.6
64.23
-35.58
107.35
-11.58
23.48
20.84
-1.24
-18.4
-13.65
-44.99
-2.71
-49.76
31.06
-54.59
-20.4
18.29
-13.77
-37.46
-33.33
-67.3
-11.84
5.93
-10.15
-141.38
4.28
-0.07
58.17
65.17
-6.35
-160.49
-6.04
0.11
20.97
-2.96
17.64
-0.53
-153.66
-11.18
17.73
-1.02
11.25
1.21
5.23
1.63
-6.84
-7.7
2.02
6.17
-0.4
12.9
-80.6
-9.67
-9.51
20.74
-134.47
-14
2.05
17.42
17.43
14.16
-9.32
20.72
-11.6
-20.84
91.43
6.36
-31.49
32.94
-125.91
-28.89
29.82
-4.69
-1.36
-10.27
7.08
-160.78
62.83
39.31
-15.49
15.11
-10.06
67.75
117.5
298.08
-73.35
-15.97
22.97
-5.04
7.01
-5.65
15.55
-34.48
33.81
5.97
11.82
8.26
-0.42
41.06
-9.01
24.51
29.85
30.88
-177.36
15.53
-5.04
-10.32
22.56
-0.87
-6.5
51.39
-26
71.74
8.12
10.26
-11.26
-36.03
45.41
-14.64
-87.18
7.91
6.25
-7.79
81.96
9.64
-148.67
-47.28
11.46
14.64
15.78
13.4
8.29
-27.46
10.94
12.73
57.65
-2.89
-15.16
8.76
-27.06
-20.52
10.7
-10.94
-13.14
-15.39
76.06
6.64
6.77
-4.4
-66.12
4.51
11.23
-21.59
20.17
12.5
30.31
-10.08
-1.11
30.18
-34.83
96.2
-7.76
4.65
1.56
11.85
-8.38
-13.55
-43.3
-28.83
10.22
-3.7
-46.28
-22.89
32.29
-29.16
35.13
5.68
73.06
-7.76
-25.95
-6.46
-56.77
-17.99
3.85
4.82
3.15
-121.91
35.01
9.86
1.6
-37.52
-9.42
5.92
-6.07
5.2
-3.17
37.93
8.91
-26.27
37.6
4
-122.57
-3.87
-8.52
6.51
41.13
55.29
-14.3
21.69
13.99
2.74
-10.67
-23.1
4.12
-12.25
-9.68
-18.73
1.53
-14.56
-32.37
-50.77
4.96
0.88
-37
7.32
6.02
61.68
57.43
-40.1
-7.07
2.91
85.73
-20.54
-3.52
111.48
-11.05
-3.68
56.36
12.36
7.8
13.19
53.86
5.85
-20.69
-31.96
-24.84
-95.03
5.14
1.89
112.71
26.05
-7.07
11.7
-12.54
52.24
-14.68
22.42
-21.53
19.39
212.06
9.78
7.58
-55.04
3.1
-44.84
-23.44
85.17
38.62
-8.86
-22.87
-56.18
87.62
29.54
65.51
-35.57
9.7
64.09
-59.77
-43.14
66.31
11.13
46.67
-8.04
-21.17
-6.79
-99.67
-37.1
7.99
-2.47
0.28
8.61
-9.61
87.02
24.2
9.44
-46.31
-7.09
5.87
10.1
40.64
22.55
-3.39
24.58
-1
-9.76
-80.25
30.72
-5.59
65.88
6.32
66.03
-7.01
-53.06
-6.32
10.23
-3.5
8.62
-200.32
-174.58
-13.81
54.96
49.62
-52.91
21.06
18.48
12.07
44.79
57.18
6.95
56.66
-18.7
-52.77
-88.5
59.28
-16.49
-2.62
-8.44
2.98
57.22
3.85
16.02
-62.79
57.08
-49.45
11.12
36.36
12.4
79.68
14.06
4.6
5.58
7.05
39.61
-70.83
-63.43
-22.78
37.36
-47.22
-4.18
17.29
54.28
54.76
45.06
-8.41
10.5
-32.17
-95.87
-5.01
-8.93
20.24
34.24
82.58
-4.1
14.36
-46.05
-11.02
-2.97
-217.73
7.41
22.99
81.88
-155.12
48.18
12.44
36.82
26.08
-5.59
7.8
-0.46
25.67
30.31
-31.16
2.73
47.67
11.58
-12.48
-10.91
28.13
-22.48
113.27
50.44
17.75
24.37
3.4
77.89
9.2
7.7
-14.02
-51.56
0.96
83.74
12.07
-6.14
6.06
-3.07
44.32
34.98
-21.98
-39.93
-10.52
-24.22
-67.96
9.53
-85.16
-5.99
-0.38
6.63
7.89
-13.76
12.6
60.98
1.46
30.17
-53.09
-131.02
-39.27
17.44
59.95
0.07
14.77
59.39
6.43
23.13
37.33
83.24
66.32
2.04
6.67
-8.01
-2.11
-7.77
-9.6
-8.07
-13.83
-23.89
-40.23
-63.46
132.31
-0.73
-10.85
-27.29
-3.23
-7.99
-1.13
13.61
-11.63
2.99
5.69
0.47
-224.76
2.08
6.29
-59.15
