-8.48
-70.15
-8.11
-118.22
-63.97
42.76
11.02
-143.43
-8.88
-20.11
42.97
-78.92
-24.59
-38.06
-44.28
-7.65
32
53.98
130.67
5.52
85.4
-15.04
11.59
6.89
-15.02
-2.93
-19
-24.85
37.94
-3
-8.97
-57.25
-264.09
-23.05
2.15
-97.11
3.6
-12.8
-6.75
9.49
3.69
29.23
-17.39
-7.11
102.26
14.05
-43.79
2.56
11.59
-20.77
39.81
-3.04
-69.3
3.52
51.63
48.43
-64.49
70.5
-86.6
-81
-13.83
11.13
10.28
-8.11
10.93
69.8
96.3
4.23
8.07
28.87
15.13
-23.33
-122.27
19.01
3.97
-7.03
-103.78
10.41
-2.91
12.53
1.81
7.25
92.26
-0.77
2.97
-10.74
36.58
-3.76
93.75
10.13
-28.2
5.62
45.22
42.7
-37.54
5.55
-35.14
-11.28
-84.61
-78.36
-2.28
-109.8
-27.44
-9.05
1.33
49.03
-2.02
-40.19
-8.65
20.34
-24.6
-10.08
5.13
-20.38
43.5
-40.26
-65.48
-68.39
84.93
9.91
11.7
2.48
-3.92
-5.48
-12.26
105.34
100.99
87.09
-117.72
-72.33
15.12
-1
-14.92
-3.85
-10.07
-6.78
-9.87
75.22
6.21
-2.46
-55.19
-6.97
-10.9
103.18
2.16
-4.85
-11.56
8.24
-5.83
-3.01
-88.72
-43.53
-13.72
58.15
-95.36
-26.78
145.86
14.2
-8.66
-2.49
2.67
29.8
28.42
52.17
-34.59
11.68
9.2
-5.65
-14.23
63.32
24.39
-4.34
-12.97
-8.2
13.23
-5.72
-104.77
3.31
5.99
-29.98
34.24
-9.1
29.49
2.92
2.74
21.73
16.44
0.29
-39.4
46.45
-12.8
36.97
32.6
-16.48
-75.56
-21.05
28.66
45.76
20.38
9.8
0.16
-10.26
9.23
-10.73
31.53
6.63
30.91
61.34
-10.28
-15.43
76.92
7.26
11.02
-62.52
-10.53
66.51
-20.87
-56.46
-34.25
-9.82
33.85
35.32
-14.17
-40.02
-71.66
41.52
-7.42
-165.6
19.4
-11.66
-56.05
29.67
-18.38
-17.49
-20.47
-3.15
-69.64
-10.06
31.67
-10.29
-39.58
24.67
-46.69
35.34
70.82
-21.22
-7.95
28.49
4.19
-6.47
63.41
14.56
181.31
-16.47
4.84
-106.79
-30.73
-6
-86.28
-11.3
0.12
-11.46
-24.75
114.44
-6.38
-17.89
10.84
123.26
-4.74
10.71
83.23
-29.66
-8.32
10.67
20.31
12.85
10.56
-55.61
-69.58
-129.86
32.91
31.83
6.59
-37.34
7.44
7.31
30.06
58.2
-50.77
-5.64
13.77
2.94
65.46
10.49
9.96
-3.54
40.91
7
-11.57
-21.39
-9.13
64.43
-9.27
58.55
-46.82
79.56
14.67
5.59
-46.56
-7.27
-23.16
63.06
117.93
10.92
-6.8
-8.27
11.53
-37.74
9
1.21
-25.51
-6.42
-52.83
96.83
-84.83
125.8
-13.22
11.38
5.59
-80.62
66.89
0.89
17.23
20.26
17.75
18.17
-10.86
-10.88
38.9
16.64
-154.39
34.1
-47.32
5.43
-10.79
72.78
-10.71
8.16
-4.75
3.47
24.23
16.59
-62.94
1.99
28.79
-43.29
-7.68
-4.33
47.08
9.22
73.03
2.71
-1.84
22.99
-132.3
10.71
-1.79
11.71
-18.31
30.2
7.43
-48.86
3.61
-37.94
14.7
-15.68
24.38
-1.68
50.7
4.85
41.74
-3.21
-89.53
21.07
4.49
40.41
44.1
-5.26
0.88
-13.14
-38.04
-18.45
-18.47
-50.79
-13.55
-12.26
-15.52
172.02
-0.64
-13.49
-19.87
-35.98
-10.32
-5.49
1.74
86.83
-15.8
-1.39
-18.33
-12.32
8.71
-54.98
-113.27
2.15
-5.32
5.49
-10.48
70.92
-12.02
-14.82
0.23
-32.03
0.35
2.42
-21.62
16.39
-7.42
16.12
-9.48
-3.85
90.31
9.96
-15.65
-4.33
-12.28
20.46
59.87
8.95
183.66
-29.45
1.03
12.81
50.88
-10.89
-59.66
39.88
-13.08
-3.34
-72.21
6.21
-3.58
16.59
4.86
2.95
2.97
-8.63
-51.29
36.57
-11.24
-14.24
16.8
-80.39
-9.62
6.92
74.19
49.09
4.82
16.94
-29.68
-1.71
-1.3
55.28
53.47
7.47
5.27
4.6
56.65
-14.55
-6.04
-0.57
-5.47
-9.24
46.91
77.74
-9.09
-54.89
35.13
-65.03
-56.19
-29.58
-28.13
8.04
-243.98
-65.32
-2.72
15.4
-40.77
2.69
112.95
37.29
-42.22
-4.87
52.05
-4.62
-41.42
7.48
-7.89
48.33
104.55
-25.81
-1.35
37.68
13.77
76.91
15.74
11.39
122.33
-2
-23.85
35.84
6.94
5.59
-73.25
-76.63
11.38
29.54
-24.34
46.86
-30.83
3.3
-46.2
14.07
-27.63
-14.89
18.46
7.39
-222.15
15.82
-7.14
249.92
-5
-54.54
-12.37
55.44
-9.52
-73.67
25.43
1.72
-2.63
1.97
-3.75
-13.27
-13.95
-16.57
90.69
-12.8
14.31
-100.66
9.73
19.04
-23.76
-116.43
7.22
-69.35
8.54
-7.72
8.94
1.59
-18.91
-9.51
15.31
-8.94
1.15
43.6
-6.84
102.73
-5.68
74.56
9.09
-4.97
-8.5
-47.2
30.77
9.18
-0.64
-34.92
52.29
51
-0.48
48.16
-8.77
-2.56
-24.93
-4.57
8.2
-71.81
62.34
10.21
40.96
19.68
92.36
69.55
-9.52
12.07
-177.14
-13.26
9.78
17.46
17.53
-44.8
-2.97
-111.88
10.97
-68.18
-49.52
32.24
-9.53
7.97
-8.35
20.28
-7.21
-8.16
-4.79
4.62
40.07
-11.67
48.05
15.84
87.13
3.33
-17.51
-79.02
0.09
9.49
101.95
39.5
-95.8
-0.74
-4.82
45.11
113.74
69.1
-9.16
-79.22
-47.53
11.22
49.34
-88.9
12.58
5.94
5.81
-7.25
67.93
-9.75
15.35
3.47
8.09
4.92
-5.28
55.02
-109.14
-0.96
94.37
-12.75
-46.67
1.95
12.59
-13.72
2.18
56.05
7.55
-12.64
-1.53
-2.93
-5.11
-2.96
-107.21
-50.38
-8.73
-20.66
36.75
38.3
40.08
7.64
-4.76
66
-18.01
0.08
42.41
35.44
23.84
3.52
15.27
-70.13
-6.53
-26.71
148.12
11.18
-21.21
-11.18
-57.86
2.6
12.82
-11.12
0.45
56.62
-9.57
41.43
20.93
-20.23
6.41
121.34
-17.78
-6.3
-61.25
-12.72
-27.02
5.63
3.42
-8.84
-22.48
-6.71
88.66
-15.51
2.74
-5.08
-48.12
34.17
5.81
-180.51
6.17
-7.6
-7.21
2.27
34.63
-64.14
62
35.46
45.41
-1.5
-15.3
40.61
35.25
19.98
13.45
5.11
-26.3
-21.65
-3.7
1.22
-12.34
-9.78
2.25
-19.56
-104.9
16.92
1.15
14.93
-4.7
9.47
5.24
135.27
-10.23
6.47
34.97
-94.9
-45.6
2.01
-9.04
-3.99
51.85
-5.01
-19.94
-15.77
46.4
100.95
-94.07
0.13
14.44
53.8
169.1
48.22
38.01
1.91
8.68
-10.54
-11.47
-6.05
-10.53
30.89
-3.64
-1.27
-16.88
-10.43
-11.85
50.71
-21.1
-20.41
7.57
82.12
-28.16
27.67
-110.88
14.94
10.05
-1.2
8.9
-8.88
-114.59
52.74
-18.81
23.12
29.58
-10.64
16.03
84.36
7.42
-17.56
-1.64
26.56
12.53
7.59
-55.05
-24.89
-10.02
-3.28
-3.8
79.87
-1.44
-55.39
6.45
-2.07
-67.34
-0.12
-42.9
-9.58
2.6
96.61
68.64
-154.94
-10.39
112.97
1.06
-30.07
-84.86
3.17
-5.54
15.81
7.34
13.23
-9.95
-17.75
28.7
-3.17
-18.5
18.5
49.95
-8.94
-83.94
-13.06
-50.49
-7.51
-22.65
-69.28
41.82
13.22
15.37
-24.54
23.67
-39.77
98.55
20.8
3.74
-0.63
-10.36
-123.26
2.01
15.11
-4.29
-57.36
-2.72
-33.28
-7.53
5.34
-3.44
15.27
-25
-0.7
-62.53
2.03
-42.86
14.51
22.37
-23.36
-270.4
30.61
68.26
-44.71
-18.81
2.67
-9.62
-18.28
40.64
-28
17.69
10.06
-7.59
-50.81
48.73
49.77
17.77
9.76
3.49
116.47
-34.55
-3.47
4.08
-16.75
0.33
4.72
0.56
82.01
-40.8
-29.36
-6.87
-5.81
-1.88
94.02
-22.6
-76.86
18.08
-19.61
11.15
28
0.99
-3.64
-8.29
-4.56
53.69
-1.79
205.62
-13.41
128.93
72.3
-0.5
5.63
0.39
-26.49
12.15
12.96
8.79
-8.04
35.82
111.08
278.76
-6.71
9.86
-96.12
-9.63
17.98
58.84
-99.94
-7.25
99.37
30.75
8.85
6.58
4.79
-70.06
-3.53
46.63
-126.15
-29.97
15.39
10.81
-68.18
27.39
-82.26
3.06
29
54.03
7.28
7.98
9.84
14.71
45.47
-25.87
1.6
8.1
17.41
22.73
-4.36
34.72
31.99
104.11
25.24
7.56
21.27
26.2
-12.84
2.01
-1.75
-66.92
-99.12
-6.15
-12.14
98.08
12.72
34.41
8.1
-36.67
-9.46
-56.9
-202.88
35.39
26.99
-3.17
32.78
5.98
19.4
-30.85
64.66
9.87
37.46
