25.22
37.51
-3.71
6.8
48.27
9.52
44.39
5.57
15.39
54.22
23.43
-8.16
9.05
-0.66
-122.44
5.95
26.5
5.81
14.35
-93.29
-10.46
-84.52
-29.9
-4.04
12.65
-10.2
-6.21
1
-9.49
-9.61
38.94
44.3
24.61
3.27
4.48
93.82
5.92
-20.48
-67.96
0.04
1.17
-28.11
21.05
128.22
-8.55
8.4
-73.72
-46.19
-13.59
-34.54
-3.48
-10.31
29.59
50.08
86.04
-18.94
42.16
-13.37
25
-26.72
43.52
-8.38
-6.26
5.51
-50.47
10.47
-6.15
-92.82
-1.16
9.99
-70.33
4.52
-10.02
-15.1
-32.38
-29.46
71.16
-20.45
-10.01
4.26
-10.04
-29.61
-17.15
10.58
1.69
-4.76
98.81
-43.86
3.05
-1.68
120.57
-8.93
10.2
-14.72
-14.71
-17.37
148.51
-8.35
-82.91
12.31
-71.7
108.65
-10.71
-0.3
18.21
2.15
3.02
-18.53
-12.65
-24.23
-34.86
-44.97
-8.97
105.94
11.42
-52.27
-145.5
-10.57
21.91
46.27
-9.01
-4.12
-49.89
-32.05
-4.39
14.15
43.24
11.32
12.28
-119.86
3.6
-2.29
-25.41
-67.28
-9.79
-13.33
3.09
-11.59
110.43
-2.34
-8.21
-3.59
28.85
1.05
6.71
-5.35
-15.67
19.07
5.26
-19.48
-3.89
15.37
0.09
6.33
14.14
10.52
-42.36
4.94
0.3
81.88
-4.04
46.66
-31.3
0.88
-40.55
23.1
0.35
0.35
5.9
-99.55
-7.63
-87.54
-56.66
14.63
0.42
119.45
4.42
43.02
-19.74
-2.76
-142.61
11.67
-8.61
6.52
56.7
-0.6
-3.46
9.8
3.13
6.89
-1.79
-24.13
0.4
4.93
77.29
6.35
63.93
-54.9
72.56
-17.61
25.13
28.45
12.08
-14.79
-16.66
-16.5
-0.17
11.74
4.47
-11.09
7.8
27.74
11.69
8.97
-0.06
-22.79
6.42
5.22
-43.86
-16.78
31.54
1.28
30.4
-2.45
-3.09
-168.56
-45.37
-8
-13.38
12.43
0.53
-7.67
-1.6
-32.07
-0.68
-17.46
44.83
33.78
8.53
41.7
48.75
6.4
44.69
16.53
-3.28
-23.91
-5.55
7.63
-5.02
25.34
-61.42
11.98
-20.17
-10.09
-8.02
3.8
87.15
-7.03
28.08
-1.74
33.99
-2.28
-61.98
-37.03
-57.7
68.06
-17.82
-12.07
4.5
-5.92
14.38
-17.71
-79.95
-88.47
-39.52
43.99
-9.72
34.16
-11.36
27.18
18.59
-89.68
19.28
-0.73
64.3
10.72
-126.3
-8.07
78.62
-84.76
-21.42
-13.95
-135.82
46.7
-84.69
7.19
-95.63
14.65
-10.88
24.76
-8.69
42.12
32.26
7.49
-7.07
33.92
7.88
32.76
3.34
9.53
18.66
-35.98
26.89
-65.67
-10.91
-26.66
-0.49
102.78
-4.62
35.45
-285.3
-11
4.4
10.09
-30.06
-60.2
-5.76
-56.28
23.66
-135.87
72.38
-79.87
23.86
-6.55
-18.49
63.92
-4.93
-11.16
-56.53
88.42
-117.34
-0.1
-8.73
-9.19
-51.18
-12.95
-9.13
3.77
12.23
-28.87
14.33
10.85
25.81
-9.71
-78.18
9.59
11.22
33.46
-0.25
92.08
-8.99
-7.41
-31.2
6.66
-8.19
7.28
11.75
12.62
58.02
-12.98
62.24
2.23
-53.37
3.35
-0.82
-35.97
13.24
-27.4
57.7
-31.91
-127.04
13.78
-86.17
2.83
-187.6
-11.76
-18.07
53.03
-7.6
-5.05
-7.1
-4.59
101.97
-210.73
-57.54
-3.24
-7.06
36.57
-45.36
-11.3
133.79
-1.98
98.99
29.26
163.37
12.55
-31.72
11.43
15.11
-25.11
6.43
-60.7
-22.4
-13.18
64.29
87.36
-28.15
0.45
7.26
-133.65
-6.73
3.51
-263.57
-12.94
17.68
-7.28
-7.53
-7.48
-24.37
-92.92
48.9
-3.48
-1.81
-29.73
-3.75
-7.69
-11.25
45.5
78.22
32.2
-10.68
74.31
-144.84
-57.45
132.83
-45.2
-109.44
-61.69
19.51
-13.33
18.89
43.31
-11.91
-17.25
9.84
7.53
34.42
10.44
31.46
-31.04
37.74
-11.28
21.88
-0.97
3.62
10.67
22.32
-11.84
26.29
8.58
-5.6
-41.34
-15.81
24.81
4.6
-85.44
13.99
5.65
-6.73
0.32
85.37
56.44
-34.31
-13.8
-9.32
8.29
21.77
-4.17
-3.81
-84.68
10.26
-35.06
-162.52
62.51
-198.51
-5.49
56.11
38.02
9.09
-6.97
3.47
-4.18
-76.19
9.06
-9.53
-12.87
-140.4
-5.42
2.45
-2.36
-92.51
-59.42
13.31
79.85
13.6
118.46
-23.2
-13.71
49.31
-127.45
-154.34
-8.88
-1.29
11.7
-71.01
-15.1
26.49
-59.37
-111.88
-18.75
-16.65
18.47
55.52
24.42
0.61
5.4
-14.26
-6.2
-28.24
16.18
-42.96
-24.27
15.49
-11.55
12.49
-56.89
18.03
14.27
10.66
-56.34
27.44
9.01
15.63
-73.94
54.25
-20.35
2.17
-0.12
-5.97
-14.85
57.49
9.85
57
3.53
89.96
0.61
-58.07
4.16
-73.3
-66.11
-37.1
-13.41
-9.63
-49.57
7.02
68.79
-11.46
57.13
-7.23
39.16
-8.82
-6.46
53.06
0.27
18.09
-24.03
47.48
-60.97
2.2
9.37
46.84
-251.16
42.66
-14.79
-4.05
-11.55
3.82
8.62
-193.98
-7.72
81.29
-24.78
15.56
8.09
47.54
14.55
-2.01
-10.48
41.42
4.68
1.69
55.37
32.6
4.48
14.42
10.99
-10.23
-165.98
0.17
10.62
71.25
50.95
-8.66
8.3
16.36
-9.55
23.07
6.33
48.98
4.82
9.48
-88.48
-13.23
-3.91
8.61
-13.47
-6.21
73.91
-55.99
-70.04
-64.32
-56.94
34.42
-33.52
-12.2
-3.7
-8.46
-21.74
7.17
-1.64
-7.56
49.33
-0.32
-5.91
83.82
51.75
54.48
-10.93
-8.84
-77.18
60.73
9.45
-13.33
-24.62
-5.25
7.61
-10.87
25.14
35.2
-6.52
-6.25
-5.2
22.97
-76.34
81.82
-37.23
-10.91
15.7
-3.58
-27.97
-4.11
-8.25
19.37
11.81
-5.34
40.51
22.43
21.84
-9.01
1.52
-6.05
-15.25
6.03
-29.59
11.96
124.21
82.29
10.29
8.23
4.5
-7.88
-17.03
52.58
-2.36
13.88
16.23
69.11
57.29
29.19
13.36
-1.67
15.22
1.32
9.36
-38.02
-1.14
89.66
-17.61
-15.46
-28.11
3.17
15.52
25.99
111.32
31.48
-15.85
-6.4
17.73
36.96
60.72
3.37
19.73
3.27
36.14
39.67
-11.62
1.74
30.59
23.11
6.92
124.67
-6.46
37.89
-81.67
83.94
8.82
-65.71
61.96
-9.27
22.4
-46.46
-4.93
-40.83
-4.66
9.12
-180.47
-20.16
-7.35
-5.22
25.4
-16.33
-4.39
114.16
-15.1
-40.4
48.26
30.87
-31.82
-81.48
9.09
-2.43
-10.85
-48.04
23.79
1.34
-10.63
40.93
186.83
-10.94
10.47
-81.37
11.81
-4.54
-131.08
0.06
-32.99
-4.22
-2.49
-10.66
-15.02
-1.28
-65.6
44.61
-4.48
21.77
-34.97
-17.7
-130.06
-8.37
-6.78
128.71
51.41
-13.85
-1.47
22.8
-9.65
52.64
-22.18
-5.44
5.19
42.44
-5.49
4.87
6.47
-14.83
-14.71
-16
2.99
-86.14
126.42
28.99
-105.12
-22.42
17.26
-6.61
91.12
-99.2
-19.37
-85.21
-14.22
43.95
15.47
45.32
46.52
9.76
1.64
-3.59
32.93
-108.73
18.06
24.93
22.49
15.32
6.82
9.48
5.01
0.82
10.96
0.62
-8.78
31.36
10.67
16.15
16.37
15.94
10.27
98.71
52
-92.48
-2.55
-5.9
12.13
-6.9
-64.05
60.21
64.34
14.83
5.76
44.84
-6.35
-166.21
-5.65
-6.97
48.66
9.21
69.59
47.58
8.36
15.88
40.09
13.18
7.81
23.65
10.35
-19.67
14.01
-2.55
-92.22
6.34
-10.06
110.65
2.36
-60.26
-12.38
-11.31
-0.19
-1.12
-2.51
1.18
-10.72
-49.9
52.78
-0.63
41.79
-141.78
0.78
27.6
-8.81
5.67
73.57
8.49
-14.58
55.71
-13.28
-57.32
14.35
-14.36
-13.51
110.31
2.68
-35.66
-22.55
-69.92
-65.3
5.75
-5.6
-72.37
-86.57
-7.3
-62.1
20.23
-91.11
38.73
15.5
-252.82
19.27
-3.04
-15.59
65.53
53.53
9.06
-12.83
13.06
83.75
-61.67
-85.44
22.33
-59.48
-63.87
6.54
61.54
4.78
-2.41
1.49
6.03
12.59
-26.9
0.38
36.76
-7.14
-10.28
-56.55
-46.36
-125.3
-3.41
-9.26
-26.97
19.43
24.42
2.42
55.6
16.27
16.07
-9.85
44.85
116.33
-7.8
-2.38
-35.09
10.98
11.62
75.86
-12.29
1.44
-70.13
29.39
9.97
36.49
89.54
7.94
-24.33
-10.79
8.41
55.66
-181.71
-12.61
-4.13
108.84
-14.58
34.37
-107.85
-49.64
81.65
14.12
39.57
-3.03
-16.13
142.88
5.19
-4.12
5.7
9.57
15.01
48.88
-19.19
88.18
36.93
-17.1
-8.85
14.77
61.61
-2.53
13.28
152
