5
3.86
1.4
6.68
-31.29
32.41
-35.51
-79.14
-14.47
46.79
-79.12
40.7
7.81
19.17
-7.79
87.57
5.51
-69.14
-94.87
51.5
129.19
13.61
-61.78
15.26
-1.6
15.99
82.17
5.1
49.98
-11.19
5.05
17.92
7.42
-17.36
-14.52
-26.02
13.69
34.52
66.83
-8.87
90.14
6.28
78.21
15.27
-41.83
12.16
-11.66
13.86
-9.55
19.91
1.07
5.32
10.24
11.99
-57.71
-14.85
3.04
-5.53
-44.17
-5.63
-122.34
-15.72
2.29
-8.05
22.55
3.46
3.2
7.49
-6.14
7.15
8.26
10.01
37.44
-29.03
-28.89
70.75
-3.74
-15.83
12.69
-14.18
-17.6
-0.47
67.1
-12.08
18.68
17.4
42.74
7.36
65.63
21.21
-79.36
-8.88
13.63
0.77
68.21
9.71
-20.56
103.84
18.17
12.41
57.34
-19.66
-37.88
-7.02
47.99
-7.53
3.48
-1.61
6.22
2.01
17.22
-38.01
21.6
-11.13
13.37
34.46
1.75
-63.76
3.68
10.44
5.5
-4.57
11.65
-39.96
9.07
-6.1
91.56
128.51
-0.81
-13.54
-37.27
25.32
-10.59
5.06
10.45
-12.07
-12.91
39.24
-47.81
1.97
-1.05
5.26
11.46
13.62
86.95
9.79
60.21
20.93
11.13
2.09
-75.03
-8.16
164.12
-25.33
-97.18
71.95
55.29
11.89
-40.91
-8.83
-12.43
64.21
28.08
-5.53
-31.37
-3.57
69.71
-171.04
22.18
9.63
74.74
-27.31
-46.43
-5.91
-8.05
3.61
-9.68
-6.59
-1.21
-2.68
-1.9
35.72
-9.09
-68.07
-132.97
59.55
-3.82
-16.65
52.82
9.78
-10.95
-70.98
-34.06
-6.39
53.67
51.61
-11.79
13.09
11.36
35.86
11.5
-7.78
12.22
26.75
9.27
-12.86
-8.71
6.96
11.4
-10.41
-6.02
-1.43
-5.3
-7
-17.03
11.29
8.19
5.11
19.62
4.1
-32.25
8
5.75
103.84
16.49
-2.55
-38.26
-0.45
-0.83
-71.11
-145.54
-8.06
-4.55
-50.49
-6.25
-8.4
-16.08
2.15
-9.78
11.28
12.86
70.09
-55
29.66
13.95
38.36
32.94
-1.7
4.49
-27
-19.58
55.91
-2.78
-2.28
16.98
-64.75
-8.08
11.23
-45.74
-74.05
-9.56
58.1
-9.08
-87.98
12.95
-18.82
-9.13
4.27
47.99
5.36
33.88
-7.42
2.13
63.43
-2.47
19.13
12.66
-10.88
-2.67
36.38
-50.89
-164.44
-9.88
10.52
-30.7
5.61
200.92
-19.77
-13.17
-9.12
6.1
7.69
-86.46
-2.85
-4.67
-20
-20.28
-1.48
-7.79
-9.75
-40.19
14.35
-1.44
3.68
107.35
-5.98
84.43
-5.75
36.43
8.5
21.21
17.56
-5.43
152.12
-96.22
57.64
-16.56
-27.43
-2.99
-18.77
25.74
-0.68
-11.22
88.4
34.87
-82.71
-1
-114.2
12.62
48.39
10.48
-20.43
-16.7
-33.68
-67.07
-1.66
-0.16
-9.23
3.29
89.8
-8.88
-2.08
-6.67
-87.31
-30.53
-12.51
-3.17
-46.57
48.19
1.02
-6.99
20.21
-115.33
-39.87
-2.09
43.75
-15.91
-2.23
-0.09
-133.42
-6.54
-8.33
-10.7
0.11
-194.59
-65.92
0.32
-21.84
-22.63
4.96
11.36
5.61
6.6
-99.81
6.47
25.12
141
2.26
50.63
35.72
1.53
17.79
43.06
30.24
-10.9
69.42
-32.37
-28.33
-10.31
26.08
-3.33
27.34
-42.95
-30.3
45.72
-45.68
-9
9.55
-0.77
-61.24
104.73
63.65
3.01
-16.83
5.12
13.66
8.42
27.99
3.27
-21.48
26.15
22.57
17.01
-16.42
-15.81
51.96
55.5
-16.21
88.13
40.65
-11.82
18.82
-10.91
-8.09
8.3
0.63
-105.73
8.06
9.86
12.47
-84.52
3.36
-3.95
1.11
2.37
3.07
78.36
-74.81
0.62
-36.28
28.25
0.82
-206.68
-30.85
5.42
-6.38
-25.49
-4.16
42.87
6.85
-9.31
-11.18
-6.18
39.3
6.9
-4.93
8.22
66.37
2.95
26.92
21.09
-5.85
-3.11
-48.99
-8.89
28.34
-22.44
-30.73
-26.91
-146.73
15.31
-49.39
-4.64
32.04
-22.3
-25.23
0.46
-5
14.24
62.88
82.52
-169.84
11.13
23.53
-91.06
-12.67
25.7
-16.02
85.06
-6.49
12.46
-49.57
-2.04
-14.17
-3.47
22.78
102.74
-5.15
7.5
260.86
-34.29
-20.94
4.51
-25.73
-2.9
9.56
5.34
-31.92
-9.74
-10.52
-4.64
3.68
71.82
-12.67
42.14
-1.86
56.43
-140.11
1.51
57.4
-10.7
-7.37
-4.23
3.19
16.86
-6.78
11.86
22.29
-64.96
3.91
9.03
-73.18
9.02
13.15
10.07
99.44
-98.12
-7.91
26.83
37.24
11.63
116.16
-6.11
45.74
-100.67
55.33
-12.74
21.32
9.64
-70.82
-0.57
-42.53
71.51
11.67
55.86
51.58
3.56
-297.17
94.68
-72.05
-35.62
61.98
7.63
43.48
4.36
81.82
0.63
-55.61
-7.94
12.25
4.7
57.82
3.55
-42.44
1.54
-13.18
1.5
-6.42
7.76
1.15
-14.29
53.39
-36.04
10.97
50.89
12.91
-32.93
80.55
-5.98
23.36
-11.93
1.71
16
-115.09
4.68
93.42
57.64
47.24
-10.04
6.65
113.59
-0.91
3.4
0.27
-3.96
12.28
-10.87
-3
18.15
-4.76
106.63
2.01
-4.13
-0.98
-57.93
40.05
-24.56
34.31
-15.46
15.71
-57.49
34.19
-44.26
-10.85
-48.26
5.54
-6.33
-24.64
-157.08
1.26
-154.02
-11.21
-0.32
-14.85
11.71
-5.44
25.96
1.31
57.78
-4.31
8.17
10.36
7.66
2.44
26.9
-1.94
-17.94
-239.84
-35.6
-10.94
-4.49
25.2
2.84
3.05
94.76
-5.94
5.82
-27.68
10.95
-4.76
4
103.88
-4.31
-9.4
-178.57
12.17
48.66
-94.55
7.55
121.77
54.6
5.64
2.09
-27.93
-14.14
-9.92
-31.11
3.59
-14.61
-1.9
-19.15
-16.54
6.3
39.9
-8.65
33.09
-7.93
10.4
1.02
-125.95
20.79
-0.61
71.68
34.03
-32.65
66.42
-10.13
4.15
-4.19
-6.63
24.22
-145.82
2.74
-34.21
-39.23
48.2
-57.28
11.77
11.07
51.36
9.84
-35.02
-0.35
68.45
22.17
5.08
65.5
24.89
-14.82
45.52
-80.69
6.96
-16.46
58.98
-19.81
-140.76
-8.68
-17.57
-2.41
31.79
-41.51
137.99
3.68
53.56
-3.58
-9.82
11.58
8.75
-4.1
11.71
2.79
67.18
14.67
1.77
13.08
-40.12
-5.96
22.9
1.94
16.22
20.03
-124.88
-98.29
27.79
-85.61
33.7
74.1
33.48
-8.66
21.27
11.8
-10.9
37.52
20.2
-3.69
-19.7
-13.5
-8.81
-2.53
23.51
-8.13
-26.13
-3.62
32.2
-28.25
23.2
4.54
-5.95
72.39
26.32
38.69
9.34
-3.77
38.16
-94.61
50.49
-36.04
-31.64
-12.19
3.97
43.42
13.14
23.67
32.33
-24.77
3.15
-61.46
-2.59
-9.2
15.63
1.69
-3.84
96.89
9.29
35.35
7.29
36.57
-19.79
-31.18
30.18
-3.07
-96.06
-13.33
-24.36
53.87
-19.7
31.3
11.09
20.96
9.46
13.49
37.13
8.24
37.87
8.45
1.31
-3.76
98.58
-34.44
-38.03
34.19
2.1
47.82
-22.1
-1.49
-14.7
19.38
7.22
89.9
2.6
14.91
-28.05
94.07
26.51
-9.25
-8.87
-18.87
21.7
80.35
3.38
-56.77
-15.66
17.5
64.23
8.73
-51.15
1.48
68.91
-37.58
49.65
-8.32
6.88
-10.21
19.73
42.3
-12.71
-0.72
12.13
53.12
-89.21
-20.24
5.34
-9.77
58.48
32.21
39.22
-64.32
38.32
-9.33
5.91
2.58
-9.11
12.28
20.58
-8.24
94.13
86.62
20.87
-56.99
7.46
-2.68
-9.79
29.22
39.87
-2.42
54.74
1.27
9.07
-5.83
-11.37
-109.71
17.28
8.95
6.53
-0.08
-15.52
-31.95
12.12
-208.13
-9.22
-3.15
-99.34
7.34
6.08
-10.98
-41.49
92.31
9.27
24.03
-11.75
142.32
5.14
72.19
-19.58
-11.99
11.34
10.87
-2.37
51.08
-15.01
-19.81
-57.24
-22.06
6.94
51.81
30.73
-6.69
45.19
1.36
-69.67
-2.07
4.42
-26.29
-5.09
-28.1
-2.19
3.49
-2.99
-28.08
-23.86
106.37
-163.55
14.64
-22
-0.16
-7.25
-19.48
-50.78
-2.87
6.81
9.89
24.51
9.2
29.69
-16.19
53.8
-107.66
10.92
17.89
-11.06
-3.07
86.25
140.27
43.05
-7.61
6.98
-8.17
-16.78
-7.65
8.21
-0.37
-21
-2.77
2.49
-8.14
6.54
-1.58
12.04
74.47
-16.61
-7.11
9.64
-39.82
5.47
-14.14
-52.35
-9.99
-92.33
-60.73
-0.55
102.85
-35.25
71.08
46.95
-1.5
51.37
69.91
-61.54
-28.94
-11.57
-55.21
1.14
15.41
7.45
9.31
64.88
6.89
8.21
77.06
111.15
40.52
-3.4
14.03
-2.72
