-0.57
-2.13
12.2
-4.13
10.9
-66.39
-58.53
-32.14
6.96
3.63
-7.13
-9.21
-20.03
-18.45
-150.52
89.09
7.7
38.15
45.53
14.36
-26.59
7.56
13.4
-10.71
-8.59
-46.87
-182.22
-78.2
26.8
5.95
23.87
-8.03
-15.88
-23.02
-31.59
60.93
46.29
-22.07
-10.84
-95.6
13.68
36.28
-5.58
-13.75
14.19
5.09
-38.85
46.7
-12.27
-3.11
5.5
-54.73
44.48
-8.7
275.17
-3.44
-6.97
-3.73
75.55
-2.01
49.59
-5.86
6.99
59.61
-23.41
6.58
19.98
-5.96
-5.47
1.54
-7.34
-8.82
71.98
-9.86
122.4
33.36
60.6
15.31
68.08
-13.23
-38.96
3.22
-26.34
-314.93
-10.52
18.31
10.38
74.3
-0.01
-32.52
-60.7
-6.23
43.73
-0.44
-7.98
39.93
3.11
47.75
-39.77
21.39
-29.97
-9.05
-1.13
14.6
12.25
1.24
-8.18
15.85
5.22
33.91
14.72
-113.82
7.11
-52.22
-63.82
8.71
8.66
-25.61
-1.31
17.22
-27.69
-14.91
-17.23
2.37
12.57
5.86
-62.7
18.04
-2.34
-5.6
11.9
-9.33
-27.39
-3.37
-1.5
23.57
9.18
-6.79
-9.87
19.37
6.83
-5.4
9.5
-48.91
5.22
-1.12
1.61
16.25
-138.67
-78.54
-39.27
-7.21
-27.02
-60.41
-11.07
58.96
39.83
-51.59
-65
149.88
-16.87
-11.48
-9.61
86.46
-80.64
-16.11
-52.04
4.13
-6.97
-15.56
9.41
-11.69
3.37
1.12
15.84
95.93
22.16
3.98
102.17
-40.19
4.64
-12.45
124.66
49.35
5.03
9.71
-137.9
55.82
17.91
73.94
-27.34
2.28
-14.09
5.65
11.36
-43.85
-9.22
-10.65
63.01
10.12
-10.04
44.89
40.18
-7.26
12.67
63.42
23.51
-18.15
5.6
-44.14
70.47
-1.79
109.18
-10.19
10.34
5.53
84.98
6.58
45.98
3.27
8.41
29.17
-10.14
6.59
12.28
-27.84
89.74
7.9
-9.99
-2.58
14.59
19.66
-135.94
-159.91
57.15
-5.93
4.12
3.12
1.82
-28.61
-7.56
-25.73
4.22
-8.6
133.34
-7.34
-10.45
-9.76
2.03
25.93
-3.08
38.45
-5.99
-22.72
0.12
5.77
1.14
25.89
-41.4
-7.07
133.06
5.98
31.51
19.38
12.88
7.86
11.06
-11.53
-10.16
66.16
3.88
-4.85
43.79
96.82
37.67
5.43
7.24
51.05
-95.79
25.63
10.06
-8.08
4.37
-29.59
-5.73
-25.27
-8.32
11.68
-20.28
-14.81
10.08
-8.87
-108.72
-89.26
-76.31
-0.52
0.12
-131.93
-83.68
24.55
-11.23
3.16
-18.82
-28.4
-5.2
8.9
44.15
46.15
16.77
9
-43.07
28.51
-21.94
53.61
-18.67
-12.96
5.11
-5.3
11.71
12.3
-10.94
-0.85
16.15
-17.61
-81.39
43.04
-88.35
3.05
54.27
-11.89
16.41
-19.7
-29.27
-6.84
-11.14
109.69
-80.61
0.23
-3.6
3.92
7.99
-12.01
-0.3
28.8
-144.22
54.87
-5.51
-82.13
18.12
19.76
-4.37
68.45
-66.78
-13.85
-74.37
-44.71
28.56
71.86
27.83
9.87
-80.65
4.74
15.98
77.22
10.69
28.01
-32.88
1.18
-1.72
-8.97
3.91
-11.57
-33.21
-11.64
0.81
88.56
-12.42
5.81
87.77
-1.58
-8.69
15.99
-70.84
37.68
94.99
8.29
6.11
11.03
22
-5.25
-14.19
-22.62
0.43
58.95
3.48
0.99
46.73
14.65
12.44
2.08
-7.33
-54.29
16.41
-8.58
8.61
6.34
11.09
-2.95
14.91
0.09
60.05
-7.57
45.28
125.46
-15.52
-7.33
19.89
-8.06
-14.37
13.68
-151.15
53.49
128.76
-6.42
3.82
15.87
1.85
-31.82
-42.44
8.06
-29.63
17.1
-6.11
134.17
-16.69
34.71
-37.5
-53.74
18.85
-264.38
-110.3
8.29
1.03
-8.99
59.49
-37.29
44.44
110.78
-12.1
6.61
-188.89
-34.49
6.18
-6.28
-6.94
-15.56
48.17
-35.32
-7.17
80.21
-104.26
3.1
4.53
-10.65
-54.98
3.93
-2.18
-126.39
-16.21
-0.87
-98.32
6.03
25.82
1.01
50.3
174.7
-6.04
-20.39
-1.13
69.13
-10.87
188.51
-32.82
19.13
65.98
0.93
53.6
-67.24
6.16
66.86
9.87
-28.52
-35.69
-12.75
-10.77
62.08
90.23
8.05
-34.54
58.99
-8.68
11.49
-104.45
-19.23
8.84
-11.39
40.13
-0.05
-3.83
69.72
18.27
-6.28
6.94
27.93
-176.08
-20.38
-25.13
131.87
9.3
6.15
-11.89
-11.19
-8
5.98
-5.11
-1.81
-0.48
-6.1
1.32
-2.61
-9.07
27.16
8.72
36.11
-6.87
15.11
-9.3
-6.76
-4.53
-4.7
-6.26
-14.12
-31.18
-3.75
0.91
-10.06
-25.15
-69.4
26.76
-49.67
-0.81
-0.65
8.79
-6.44
2.03
5.52
-89.34
-11.21
-109.58
55.32
21.41
127.2
36.64
-85.95
-10.59
34.93
81.17
-8.19
9.56
-0.06
5.83
9.91
-47.48
-129.44
35.06
8.88
34.31
-16.89
-23.58
4.19
-106.38
-29.68
25.48
127.76
-2.99
40.97
2.95
-59.59
44.09
89.81
8.7
0.66
2.16
-5.5
-129.17
32.08
18.96
8.22
-1.23
1.48
10.77
8.53
-20.13
-33.39
-10.27
2.64
44.42
-2.33
6.31
-3.01
31.38
91.99
104.84
-22.77
-8.51
-8.23
-22.97
-92.61
-51.75
4
44.96
-8.35
-3.84
-18.68
2.81
2.63
14.96
15.24
1.13
59.03
11.02
48.8
23.6
40.39
-9.89
-9.11
14.43
-12.53
-21.07
-13.16
77.43
-40.05
8.56
-1.42
-21.04
-7.09
3.13
62.74
-10.21
-40.89
-19.85
17.67
19.73
-10.88
-9.92
-27.47
-56.82
7.35
20.06
122.1
11.77
57.49
61.84
67.69
-16
-13.39
-1.31
-11.08
-59.34
-57.78
-14.27
47.06
2.59
-23.73
-7.28
-20.74
77.16
-43.25
57.62
-67.13
-18.64
104.12
-4.75
59.2
11.84
57.46
-6.58
1.19
7.04
-7.27
14.26
-16.2
9.17
6.66
110.19
77.02
-43.6
-32.07
6.9
24.52
-52.81
23.57
-20.63
-3.09
-0.34
-4.8
17.13
-50.59
17.6
-47.08
124.3
-139.2
-168.26
12.71
13.16
12.89
7.88
-7.2
-10.45
-1.47
-11.12
-53.55
34.91
-36.57
-11.01
52.89
-6.97
-13.38
4.08
-6.96
110.99
-18.43
69.18
13.47
1.98
154.83
38.49
-21.39
-1.03
19.92
-3.71
4.73
-11.04
-0.25
-9.58
-18.54
-39.67
70.06
4.21
66.63
-94.96
-4.97
-28.57
21.46
12.81
-7.51
14.11
-4.1
20.13
13.42
-6.55
-28.27
-58.14
-8.01
-8.54
-16.67
-1.94
23.49
-54.19
7.78
-53.8
-5.33
-127.55
-6.99
1.18
-6.4
-13.23
52.63
65.63
-63.4
-141.65
-230.22
-17.2
13.36
-5.75
6.21
11.98
-20.7
152.45
-110.39
-2.28
4.01
3.41
-51.97
46.95
-7.8
12.48
11.95
-1.92
16.41
-16.1
16.35
-9.41
1.71
11.42
-87.38
-11.52
24.48
-10.4
34.43
-10.15
53.84
-2.36
-15.64
13.5
-164.62
-41.79
-2.49
-8.18
-7.99
-12.65
18.13
-95.98
-7.87
68.33
79.43
-1.21
1.12
-15.67
-46.08
-5.36
-10.55
6.62
50.53
-13.62
-5.6
-11.18
-37.6
146.52
47.7
-19.8
-8.38
49.65
11.99
31.52
11.66
-109.21
13.29
6.32
-32.43
16.11
-46.67
19.28
51.11
43.33
26.06
-14.04
2.24
21.74
-17.27
7.68
-16.92
8.66
-10.3
23.68
8.93
21.36
-46.98
-6.8
-37.36
4.77
11.32
37.92
70.49
-1.2
58.08
49.06
18.66
0.75
-52.04
2.92
-7.05
-13.07
-17.93
25.52
-187.72
11.67
11.21
-14.06
32.61
-3.88
0.21
10.76
1.76
22.37
43.06
34.51
-6.97
-7.23
-29.5
8.43
-2.46
-28.85
0.76
13.39
-26.28
-2.96
8.32
9.84
-4.86
54.56
9.44
11.4
-13.38
0.04
-0.58
28.03
10.05
-47.45
79.78
2.55
-49.6
20.19
-21.26
-79.76
-11.39
-82.19
-80.42
66.35
12.25
-44.33
42.01
108
-179.25
-18.01
-8.82
-12.05
-24.43
7.19
14.38
3.97
6.9
-6.11
-2.3
-2.62
24.98
28.96
0.85
-15.64
60.65
-2.44
-2.69
12.16
1.02
2.59
-45.6
-8.44
3.03
12.24
8.73
-52.41
-27
-19.09
-2.66
-27.91
1.42
-46.18
18.49
-6.41
-48.23
124.99
-33.65
21.07
36.69
-3.71
59.85
-31.09
-4.59
-2.1
-8.7
0.02
-24.01
-18.27
23.53
52.86
-96.25
-11.32
13.24
57.69
-9.07
6.76
2.79
54.17
-2.2
13.67
-22.49
16.89
-70.2
3.15
16.43
-21.18
5.31
10.47
-78.36
15.44
-90.27
4.55
5.97
-16.25
51.99
-0.58
-4.75
12.75
9.53
47.64
-12.86
-61.26
-54.25
27.85
-5.7
1.75
-92.89
-62.69
-15.38
