134.7
-2.9
15.15
96.22
32.28
33.89
-22.47
-3.56
11.62
0.09
22.72
-14.47
-150.52
-69.43
17.65
-2.11
-8.94
-25.12
4.15
-36.59
-12.95
-44.44
72.87
-8.4
-0.14
61.39
9.32
65.11
-4.67
-27.43
27.19
8.87
-2.94
15.64
-16.54
46.38
8.8
-79.01
-85.74
54.42
-26.51
6.23
-6.61
25.16
24.03
67.51
37.57
-25.78
3.92
-178.8
-70.78
-1.99
6.95
16.66
32.66
-7.03
33.23
34.55
66.43
11.18
8.6
80.2
10.11
-57.44
7.82
139.81
5.61
8.29
15.42
-42.2
-3.94
39.25
-6.73
-7.95
-8.5
-30.37
-68.44
-32.57
12.56
-51.86
-43.57
-2.44
0.37
8.9
28.44
2.62
0.89
-2.86
-101.77
11.84
15.68
51.51
-15.08
4.06
1.64
-22.37
76.89
38.44
21.6
24.72
11.62
8.42
63.91
4.87
34.64
32.71
58.29
9.19
-108.36
27.95
35.51
1.3
31.09
22.45
-168.26
-2.48
16.51
-13.35
-3.82
38.5
-4
3.68
11.56
35.27
-43.12
-12.44
10.73
112.53
79.96
4.2
14.94
2.93
17.19
56.27
-5.55
113.79
57.11
2.86
-26.96
-25.66
-86.05
-91.77
62.4
28.1
-5.36
-100.23
-13.84
-32.17
-25.93
-16.29
-4.34
80.41
-69.28
-15.79
-14.58
66.99
-232.17
2.6
-7.7
31.98
25.24
-10.21
10.18
83.53
4.01
-9.07
10.08
-32.22
92.97
-48.6
10.07
89.76
-28.16
2.9
-26.07
-10.77
-14.22
-19.18
6.79
24.81
0.83
9.91
4.5
-15.69
61.84
-32.27
9.35
-5.9
-1.76
34.42
1.24
98.24
-13.47
3.49
75.44
-22.7
-63.98
-27.75
6.68
-138.01
18.39
-27.65
-2.6
12.96
-5.68
0.21
-140.05
1.24
-16.81
-20.05
-101.06
148.81
21.71
17.03
-0.81
-8.97
6.87
85.11
-5.76
10.89
-0.84
26.64
-3.68
-39.53
-16.96
57.42
-9.75
12.35
-2.41
8
24.61
13.44
46.25
-77.98
-2.58
24.11
-4.45
-7.15
14.67
-4.99
4.48
15.01
-31.03
159.72
36.54
3.33
64.29
73.3
22.66
-6.52
6.95
21.03
-28.67
-4.66
76.19
-23.01
-8.87
230.55
24.24
44.97
10.69
-3.9
181.86
-15.28
-56.87
10.06
-54.61
0.87
4.12
-106.96
11.97
-13.44
88.5
-12.47
-5.84
21.83
11.06
15.09
-32.51
32.48
-3.1
-14.28
-2.98
14.05
-26.28
-128.12
-13.31
-28.52
82.64
108.06
-6.82
-68.83
-13.98
25.03
11.85
50.98
3.79
13.14
-4.44
5.15
38.73
-6.6
19.24
-19.91
78.83
3.83
2.85
22.66
-2.92
-11.95
-0.8
23.74
2.59
8.18
35.29
16.35
-93.61
16.7
-11.74
63.61
-33.74
10.98
-62.09
8.83
-43.18
-6.1
-90.31
32.29
-4.54
-23.95
-78.62
33.47
-4.78
-8.34
-4.35
-3.46
-28.04
46.52
-127.09
44.66
7.94
13.08
21.26
8.12
82.59
9.23
42.84
10.59
-121.29
-22.66
-55.68
-42.1
-12.23
-10.71
-77.66
8.42
23.53
-146.69
-17.86
-56.38
8.74
-10.29
13.17
-14.76
-3.71
77.34
-6.93
-6.3
44.41
19.3
-6.37
5.78
-43.8
75.72
55.16
14.73
-4.45
6.77
-113.86
3.16
-36.78
3.95
-1.72
10.39
-30.86
-8.43
1.18
-21.36
-22.08
-54.93
-7.78
3.61
-56.51
-0.86
10.81
10.83
-1.63
-30.89
5.99
6.27
6.01
80.3
4.16
47.65
-7.72
43.17
-10.14
-153.99
47.3
-162.95
-25.13
-77.17
-12.6
10.66
-10
27.2
-5.02
-54.29
-63.53
34.75
-8.88
-11.67
19.35
-68.12
-151.18
-11.64
65.82
-33.63
21.93
6.45
3.26
-12.07
12.97
-11.58
30.73
1.35
-19.92
64.38
-17.98
14.74
-63.21
-9.29
9.52
61.39
-54.15
18.64
0.45
16.88
-16.8
-17.17
4.2
-39.06
4.5
7.55
8.37
-15.24
-160.74
-21.71
-15.63
6.41
12.33
-71.76
102.53
1.16
-0.8
3.86
-54.55
2.04
-1
-113.22
4.58
-25.14
-4
12.68
-45.43
-4.84
-5.44
-5.67
37.17
6.75
-7.97
-69.06
-11.99
16.23
-13.78
-89.49
47.02
5.41
1.49
24.73
69.35
21.04
-3.45
-9.37
2.86
-5.86
-12.43
48.75
11.74
4.97
50.14
0.93
-3.36
-73.83
13.63
10.76
0.77
59.96
30.12
35.37
-21.72
12.81
-2.18
18.91
38.01
-0.26
-8.28
23.95
-32.04
4.24
5.99
35.08
27.45
-12.64
28.98
34.87
111.39
-7.96
-15.16
-9.78
1.66
-5.4
4.24
-11.06
-42.24
14.09
-17.88
-3.11
8.98
5.39
7.06
12.12
25.35
-9.92
-9.45
36.45
67.32
-134.75
13.57
-84.97
-11.47
-18.77
10.75
-17.72
60.22
3.26
13.91
-63.3
15.52
39.57
-14.47
5.87
-8.57
-170.35
-0.45
2.22
-13.23
-32.62
67.26
63.43
44.13
-86.92
-9.47
-65.63
-4.74
10.07
43.98
-20.66
55.5
-6.94
12.38
1.96
4.28
46.96
-52.25
-21.07
-7.96
-9.24
-5.65
-481.08
10.48
5.08
-45.47
1.47
-27.35
-49.11
47.82
7.9
-72.93
23.29
64.12
31.74
14.07
42.1
1.8
-40.96
-16.09
54.01
99.26
3.68
10.07
3.98
105.08
-6.95
54.7
5.19
8.6
-10.33
15.92
-1.78
-24.23
8.62
-9.11
81.27
-7.13
39.91
-10.6
7.99
98.46
-84.82
6.49
-21.75
-10.63
0.89
-86.51
0.23
24.59
129.78
-7.57
6.5
4.82
7.74
5.34
-46.93
46.57
1.18
-60.55
127.17
-11.28
37.78
-22.67
11.26
-28.33
21.9
-17.7
9.84
12.01
10.97
49.65
-56.11
-9.13
-11.29
51.69
1.16
-58.25
52.54
-17.95
4.23
-24.92
-2.01
1.44
11.81
26.51
25.38
-311.95
6.88
39.29
9.05
-13.08
12.41
-12.61
-10.65
-7.2
15.65
54.22
-11.74
47.96
-95.88
43.84
102.89
-50.75
36.32
-52.61
-40.68
25.05
0.89
47.27
-185.33
29.49
-27.02
11.23
-37.93
27.75
39.67
-7.29
-148.86
-51.93
39.82
-142.56
-2.4
-30.18
-7.85
39.71
-5.57
28.51
-326.99
-13.75
1.67
3.47
-23.45
-153.48
10.31
-139.6
46.69
-263
2.51
1.8
-8.89
0.8
16.4
75.23
15.97
-104.29
-0.66
-103.42
-115.57
11.49
-16.12
-9.62
6.08
32.61
-2.16
-39.84
-52.34
-52.75
80.02
-8.49
-5.48
-5.03
9.86
-6.87
38.86
25.41
14.99
-1.57
-197.29
-8.67
1.34
3.58
-57.96
-6.76
0.64
20.7
14.97
26.47
-128.33
44.11
-6.57
84.37
-0.96
-11.73
20.27
10.9
-18.93
-71.71
-78.35
5.49
-72.82
-42.52
9.66
-3.32
86.67
37.28
-5.08
5.11
16.13
7.64
-295.78
-13.74
-39.89
-17.87
14.79
-27.42
1.18
68.29
-28.24
-1.23
-9.6
-12.1
7.29
6.67
-6.45
-13.05
-265.44
-35.34
-2.21
-84.73
-9.19
17.04
-147.37
-84.88
15.92
1.53
26.43
-5.2
-2.46
-5.16
30.42
3.7
-100.09
35.87
9.35
20.76
32
-63.23
2.76
-85.67
-6.28
-13.31
59.97
65.58
-6.67
16.93
-78.75
38.35
6.34
-15.71
104.02
-6.02
111.05
-6.95
2.45
34.82
63.1
-95.57
35.76
22.68
-0.03
-1.17
76.72
28.65
-0.36
-11.04
54.69
-14.64
-39.5
18.84
110.89
9.54
-31.79
37.82
18.68
3.97
17.87
-19.44
47.36
-51.33
8.45
36.4
4.58
-142.76
82.06
-148.35
14.82
0.95
29.5
-71.1
26.02
-2.36
8.67
-20.89
-1.15
-24.42
138.29
-48.45
2.57
8.43
-9.98
0.17
-23.11
12.55
10.78
56.79
-2
4.7
-10.05
5
10.68
8.29
-11.83
-9.44
-67.42
2.02
14.57
1.18
9.3
-79.39
-6.53
-15.8
-5.56
-3.28
-3.85
-8.38
-15.2
-7.97
38.68
-1.82
5.38
2.82
-1.87
-7.86
18.29
-4.65
3.92
-3.69
3.08
-48.71
-166.72
1.18
-6.56
21.04
-9.85
-67.36
-10.89
28.08
-192.13
1.64
-11.02
-16.88
-47.75
7.62
-206.68
-25.28
29.25
9.8
-113.72
-31.75
10.21
79.55
31.27
18
-121.79
3.6
-51.81
12.89
24.29
-9.22
-6.26
-15.22
3
-68.65
14.89
-43.43
-26.31
-2.28
61.07
-38.3
8.79
-11.89
11.91
-5.62
-13.23
-4.4
11.86
-49.39
23
-25.05
-55.51
-26.7
6.4
-63.07
-103
31.76
12.76
-30.12
7.49
-11.41
31.34
-5.69
8.03
6.18
8.08
-2.03
47.46
3.27
-55.1
18.13
-2.6
68.31
-128.89
-93.65
18.63
-43.61
-73.13
-23.86
5.23
-34.18
19.64
-34.24
0.3
3.91
-5.95
-115.43
-18.29
6.18
11.51
-20.54
-20.76
-1.48
7.26
-37.2
-4.61
-17.61
-43.73
