20.21
24.94
8.65
12.11
-29.82
-1.49
12.14
9.14
-3.3
132.06
82.2
10.31
42.72
18.4
252.25
-42.98
-88.82
-6.35
-7.74
37.73
30.32
3.87
73.89
1.27
-93.4
-79.15
-130.5
-51.6
93.72
-15.68
35.09
10.39
15.86
-16.38
95.33
9.02
5.3
37.08
-19.68
-11.39
-26.73
-1.92
32.47
3.27
-198.65
12.01
-84.86
33.35
11.07
-8.59
14.28
17.01
18.03
3.9
-7.36
1.01
2.79
-23.96
3.09
-102.23
9.93
1.7
43.43
79.6
-5.38
28.45
17
12.79
-11.92
184.17
-5.46
42.85
51.56
62.24
-1.25
-8.77
19.9
42.89
-20.38
7.66
1.9
8.54
-42.29
-9.57
10.7
10.63
-2.56
-25.54
43.58
-20.1
6.97
9.7
-28.12
-11
-14.85
-29.99
-8.53
50.77
-66.5
40.51
-16.29
-6.97
9.96
9.66
-11.32
-35.33
-19.47
44.38
-101.42
-100.27
-19.39
-37.83
-39.76
-5.78
-10.39
63.58
76.26
7.73
33.21
-16.02
-57.03
-36.24
-37.64
-3.83
3.94
130.43
58.78
0.01
29.76
83.19
30.83
10.84
45.32
85.01
3
4.53
24.43
23.14
-1.58
9.8
-19.31
8.55
-8.59
-12.54
-7.52
62.46
-4.59
-16.74
-74.75
70.61
28.09
-40.23
36.06
56.08
-8.08
-28.79
137.24
10.85
-85.15
13.46
-1.6
17.57
12.59
-34.27
1.75
-14.45
-3.23
-7.04
-83.6
-4.48
-0.91
8.79
-40.27
74.94
-94.22
74.45
-21.69
-9.34
6.54
12.1
-25.61
61.41
21.09
-125.84
8.18
81.76
22.27
-17.22
26.95
-80.8
1.01
-96.69
46.59
-10.6
114.35
-59.03
-3.84
14.64
-2.72
-8.37
18.72
-59.87
1.18
2.07
-5.27
-5.06
-13.88
-100.68
109.72
-10.97
-5.86
-2.93
4.47
1.43
5.81
-67.3
-1.1
-3.63
-75.47
20.84
-78.05
-67.5
37.31
11.23
192.98
8.93
-25.37
3.38
-50.98
-52.24
-190.47
-16.97
7
-24.48
-41.28
7.78
-1.38
-38.65
0.98
-118.41
64.17
55.36
-17.68
-6.75
1.44
144.23
15.52
-146.96
10.06
-56.58
-272.78
5.97
-39.69
8.6
30.69
35.79
-17.43
6.38
12.5
40.97
14.83
-29.11
15.81
-8.73
-3.11
-19.87
-30.81
-13.16
-34.8
30.06
58.88
27.03
6.82
-13.93
140.05
6.35
-84.38
-7.88
25.31
-3.96
-43.63
57.45
81.68
-13.08
-11.9
-6.77
40.43
-14.29
90.38
6.96
45.46
-0.49
9.27
5.32
8.1
50
-11.88
35.05
-45.33
46.98
54.92
14.99
3.28
-5.77
16.75
-8.44
17.19
4.21
-23.23
0.88
-0.74
12.43
3.63
7.43
73.68
-23.8
33.84
-3.17
14.38
35.83
-21.18
-2.17
49.48
18.46
-33.85
70.05
58.19
-16.03
23.63
-27.16
-10.72
-59.86
8.31
-55.59
-84.13
-10.06
1.59
-7.38
10.24
60.99
57.98
-8.25
-19.18
-144.25
20.69
-2.92
-6.43
2.31
8.7
90.17
-7.91
24.83
1.87
32.1
5.61
11.81
-73.17
-5.71
15.22
95.77
8.4
-12.28
29.06
2.7
13.51
-21.69
-1.08
12.61
43.66
-8.91
-2.92
16.06
37.1
-13.47
-59.02
-7.67
-5.67
9.51
1.39
46.85
-24.17
-23.6
-77.36
42.77
16.68
-7.39
21.23
5.76
-1
-16.34
-36.74
48.06
-99.18
77.94
61.88
-11.58
-83.42
-39.29
-38.29
-26.88
-10.38
-0.87
1.57
-26.97
12.5
33.7
24.58
9.37
8.91
-11.31
9.28
-0.24
-12.47
-6.39
-14.39
-3.77
43.06
8.1
-2.13
-9.95
14.92
4.85
-8.05
18.57
87.89
-8.67
32.46
-4.08
-7.17
7.24
-31.82
42.67
-48.08
-85.79
-2.96
124.23
59.22
-14.78
-6.37
21.9
-67.5
1.08
-28.45
-0.64
-12.2
-11.9
20.84
-36.58
-5
-7.96
-131.75
-13.24
-30.32
-1.83
27.16
-10.2
42.17
-5.28
43.75
105.69
-13.42
64.61
-21.23
-3.53
68.83
-9.14
-22.82
-16.2
-51.62
-99.3
22.23
-0.58
38.14
5.33
10.27
-124.35
-59.62
6.79
-9.73
4.21
38.27
-97.64
-3.82
-31.1
99.97
-49.26
-14.34
-42.75
12.53
-19.48
20.52
7.26
16.57
8.59
-0.27
28.35
-33.93
8.35
4.62
77.81
-2.23
14.07
24.88
7.81
-83.56
-14.14
-7.64
-5.54
41.47
7.7
43.93
-4.22
-3.66
30.6
4.42
8.68
38.91
-14.65
-23.49
-50.85
-12.81
34.43
56.57
2.56
-31.09
22.36
-52.11
62.35
16.9
10.22
26.44
71.3
11.95
-3.94
4.55
5.73
-6.26
8.85
-162.77
9.42
-160.5
-93.39
-4.34
27.12
0.38
41.96
24
2.88
-6.38
-8.03
13.92
4.96
-4.7
-9.24
-2.68
-24.79
36.76
82.05
-7.05
10.74
16.31
3.46
-4.72
7.23
-143.59
39.15
-12.34
20.84
9.98
-33.18
236.34
38.28
21.05
11.08
-9.89
-223.52
-6.29
6.06
6
6
26.86
-18.19
-58.99
-68.31
-9.87
-68.7
47.7
-8.81
27.51
-56.35
-5.93
-10.09
-5.03
-27.71
2.73
75.1
3.59
21.86
-4.19
-12.98
-103.37
8.23
-1.06
8.85
-5.62
0.2
7.34
-7.22
16.45
-8.99
-8.35
5.62
-2.1
12.82
106.56
-4.36
0.52
7.06
-209.87
9.15
8.64
-16.13
92.26
-1.45
3.76
10.41
-7.78
-36.81
-6.32
7.65
-14.9
42.15
60.97
-8.55
27.29
-16.89
-9.58
115.91
7.7
-73.71
19.61
23.69
51.41
-111.59
113.15
-11.2
-55.54
26.87
20.38
40.57
-2.41
45.03
-11.24
24.4
-6.73
-95.52
42.86
73.29
-39.03
2.63
-51.29
-97.76
52.76
12.9
-9.08
-64.32
3.13
91.3
9.9
94.77
-39.19
5
14.04
-11.95
44.13
-30.34
16.84
-7.9
-26.18
-5.99
0.68
27.05
-4.37
22.12
96.72
47.98
-2.29
-7.73
11.95
-10.99
-24.85
52.48
144.29
-155.67
6.47
45.48
-86.93
-86.83
191.08
-81.05
-5.63
0.53
10.47
-10.77
37.69
24.15
6.86
-46.81
-5.59
-17.39
9.03
6.99
-82.32
9.15
39.19
11.3
64.03
12.74
27.3
-3.49
1.12
-10.25
-80.38
21.53
8.19
17.98
67.88
78.32
129.87
-8.89
10.87
4.25
44.39
-8.76
2.97
-4.3
-16.26
5.65
8.09
98.3
-15.82
-13.82
2.69
-20.53
18.55
-15.21
7.11
-50.12
22.64
127.76
24.71
1.07
-4.69
4.72
-31.59
7.29
98.95
-7.96
11.19
61.95
-15.04
-28.08
1.08
5.61
-10.64
-67.95
56.91
-41.99
53.83
-34.23
2.16
2.28
-10.68
12.96
4.26
96.92
-108.5
-14.31
-12.69
-76.14
-3.19
7.83
58.95
-9.12
3.74
-116.74
143.96
-12.64
24.27
1.35
-97.46
6.04
0.4
-2.59
43.2
23.24
-7.87
-216.7
10.59
8.79
2.74
-4.87
-43.92
31.56
13.39
35.66
-51.9
-14.08
39.06
3.55
-0.67
18.48
-29.56
-5.28
12.83
9.79
-31.46
14.7
10.84
10.23
0.23
-3.99
-36.1
4.5
-134.69
26.21
-29.01
6.01
60.36
6.52
6.63
11
73.13
-6.2
-4.21
-5.84
-36.74
4.31
-6.6
-10.15
-114.41
20.24
10.02
50.18
-17.38
-18.15
-12.66
26.61
-49.29
-88.51
-9.85
10.74
23.54
9.29
83.54
9.11
18.46
-15.74
-5.77
12.4
9.03
-9.84
-52
14.78
17.62
74.18
0.95
16.88
58.82
-11.74
40.36
22.68
20.21
-9.66
3.72
55.54
223.92
6.09
-12.04
7.37
5.35
-0.66
6.48
-91.05
6.2
-32.45
-10.6
12.64
-57.95
30
-4.55
-17.16
35.44
17.23
4.41
12.62
4.96
-16.69
10.17
9.46
63.28
0.58
10.92
-15.68
72.81
-2.03
9.23
17.51
29.35
8.6
9.43
-3.4
3.55
11.74
6.32
13.08
-19.59
-1.17
45.3
28.57
-10.76
15.53
6.78
-9.54
-37.77
-45.46
19.36
30.8
-94.59
13.2
-5.94
47.86
17.16
-40.8
-13.63
-28.47
8.44
4.23
41.84
75.3
132.31
19.67
-9.3
-8.27
10.88
-44.5
28.22
42.68
-69.85
-32.24
-8.63
-6.94
8.37
17.32
7.37
62.42
-4.49
-18.68
-11.93
-89.18
8.21
16.55
-7.12
-11.98
-101.15
-1.16
68.09
-38.24
-8.38
-23.38
-6.5
6.95
-53.45
25.46
0.02
16.4
11.69
4.55
3.15
20
-4.36
-7.48
13.81
-8.52
-4.47
53.33
55.33
113.35
3.32
37.49
-37.44
92.24
-9.36
-19.14
-12.5
-31.61
-17.86
-170.78
-4.57
24.61
71.41
77.06
-36.45
2.34
-50.56
1.25
49.46
24.31
33.69
7.84
-70.42
0.06
-3.59
-9.59
61.03
-13.93
0.68
-9.28
-8.73
1.64
-4.51
49.24
-140.46
-12.53
