-32.67
4.9
-8.09
-9.85
69.29
5.21
1.95
38.37
-58.07
-36.68
-24.26
2.49
-26.78
-1.33
36.55
-32.56
58.61
21.03
-12.02
-9.13
-6.23
6.47
4.85
-13.66
-156.68
17.2
-9.13
-4.09
-100.61
-419.48
-9
-15.45
24.49
-133.15
6.53
66.92
-52.55
-1.67
-51.55
16.93
4.77
13.92
-14.62
15.29
-25.2
-7.48
-34.47
-10.91
9.1
77.98
-4
49.4
-9.55
-3.76
-19.03
0.56
-8.15
29.06
-36.9
-36.71
16.69
-9.23
-11.54
-7.21
-7.32
-0.55
38.85
-6.04
18.92
62.19
10.62
-2.03
44.61
3.33
-15.79
-7.53
-3.16
-11.27
5.11
19.17
-1.54
-7.79
12.39
-8.31
183.55
53.25
-3.31
-2.49
-10.53
-14.9
-56.85
-8.16
29.24
6.59
44.18
2.95
-32.33
6.94
8.17
7.62
117.28
55.08
-98.55
-15.07
-6.18
-11.75
-5.25
23.75
-6.58
4.44
143.57
-40.21
-0.6
-5.6
-10.61
-84.43
3.46
121.87
9.63
19.03
104.57
-58.51
9.98
-96.29
-1.39
16.36
-19.17
11.44
51.27
-91.47
-16.57
12.66
-137.75
9.1
1.98
14.75
33.63
40.67
-7.89
61.06
17.79
-45.43
12.59
-33.03
-56.94
-91.8
-7.02
7.31
-23.81
8.34
84.8
-149.6
5.19
-8.23
7.88
-3.63
-10.57
-18.88
-29.9
-51.7
-93.88
-5.1
18.31
-28.95
-40.05
10.61
-7.17
-5.65
28.35
-12.15
-4.61
-60.16
52.73
5.45
-53.46
2.72
-82.66
12.57
62.68
86.53
-73.07
-60.53
-9.59
6.12
3.82
-100.31
-31.32
26.46
-16.47
-13.87
9.66
3.92
-33.35
68.6
33.88
-15.75
108.47
18.63
26.37
-2.64
-60.55
-4.38
14.55
-5.57
12.01
32.42
-61.44
-37.17
-11.95
65.17
-46.52
19.24
-24.83
30.15
-12.69
-21.2
-4.68
-20.2
9.19
10.97
-45.23
2.21
-25.25
-55.28
-23.83
1.36
-28.98
-13.18
10.52
-5.6
9.35
-0.44
9.97
36.41
-40.3
4.81
-180.89
95.07
8.86
69.23
7.11
-42.65
-11.08
-5.32
12.89
-2.58
25.43
-77.57
10.95
26.91
58.07
-6.63
-44.01
-1.58
-4.48
66.72
-100.23
-13.45
55.44
-3.82
67.84
5.7
-13.35
-34.72
63.67
-1
91.1
8.85
26.02
11.44
-8.72
23.76
49.86
-25.4
-0.65
-10.94
4.52
37.15
7.29
-6.62
-2.98
-7.03
-6.67
-7.7
-13.44
-24.68
-26.67
-7.24
4.66
20.43
-10.25
-14.06
83.55
4.16
69.48
99.45
-37.41
4.45
-5.42
7.58
-12.22
-46.57
0.91
4.92
-2.51
-2.01
61.58
58.38
-4.74
-88.7
16.73
38.35
37.04
-8.79
63.49
-2.58
77.94
-84.5
-18.45
94.52
68.31
27.93
5.12
11.83
0.37
-27.2
-31.3
40.94
-76.29
-165.54
3.86
-15.77
-12.05
-74.55
47.72
-0.65
-49.54
-8.63
-98.47
-11.81
159.66
-7.91
19.8
-16.53
24.69
-11.91
5.52
2.79
7.61
49
21.37
-32.1
-118.07
7.79
-22.7
75.57
11.74
-268.31
8.87
-1.95
-13.03
92.67
87.38
-23.33
-4.8
32.81
-34.58
-4.7
-4.97
-12.34
11.04
-4.15
42.83
-27.61
-33.62
7.72
-21.54
-14.2
-6.31
-14.01
-85.67
12.56
2.77
-15.61
5.04
-13.2
18.6
-97.99
27.91
38.31
10.14
4.82
6.78
2.16
-43.14
94.34
27.02
-10.88
-5.06
-60.94
10.07
-5.24
-8.4
10.56
-44.11
-32.49
-5.24
-10.85
-47.17
-1.53
1.41
4.18
-7
9.86
9.39
40.23
-20.67
-22.24
131.04
36.44
-7.74
-10.64
-9.33
17.28
10.24
63.51
9.13
-103.03
-59.58
-0.45
6.71
11.79
-15.8
-9.86
1.3
18.23
40.15
61.02
25.25
2.97
-24.96
-36.3
-3.84
-0.17
-8.29
1.22
-6.29
-16.76
-10.57
-10.34
-97.93
-26.91
52.79
-49.83
5.97
15.69
-26.61
12.18
-1.07
20.86
-9.85
12.18
22.37
-50.89
14.67
79.72
2.56
-16.35
15.52
13.98
-5.66
-12.67
-3.4
-67.75
86.3
11.34
7.67
-0.05
82.5
-8.66
-7.25
-189.21
6.72
83.57
7.15
6.12
-43.55
-9.79
5.5
31.07
-8.63
-1.4
-25.99
23.71
-59.97
4.21
-4.05
-7.16
27.47
19.78
1.27
6.14
-22.05
-26.7
-3.19
-15.51
4.94
-10.3
4.28
10.9
-4.77
12.6
11.33
7.64
-329.25
31.47
-17.79
-31.38
-54.34
-2.84
65.6
-17.4
0.76
15.34
-9.5
82.57
13.37
-37.2
29.63
2.75
-32.61
54.89
4.26
-17.24
14.74
21.18
-99.88
66.99
33.99
41.52
-34.92
-41.19
-50.44
-22.56
-17.97
-7.09
132.73
14.3
4.79
45.46
-6.27
6.42
14.11
55.19
12.2
-3.94
-4.51
154.11
44.18
1.3
-93.53
-1.34
-11.45
19.79
5.04
44.47
0.48
-144.41
-11.88
-4.52
0.59
4.12
-2.8
46.14
-4.7
-7.85
-46.42
24.01
40.09
84.22
20.86
54.94
43.04
-9.8
41.33
4.67
-2.08
62.8
-41.18
-88.7
4.46
-9.53
-7.36
-38.02
-9.57
9.31
-8.8
-85.61
83.25
-11.17
56.18
-7.24
8.41
-13.03
33.91
0.69
0.57
-50.09
-0.64
60.8
60.81
-23.63
-6.11
16.58
6.02
27.31
59.36
24.52
-19.56
-31.63
-18.65
16.52
3.73
21.17
0.46
-119.28
-6.72
4.11
52.48
-64.03
127.53
28.48
7.1
5.05
9.49
3.85
-91.09
28.49
-8.55
-91.53
48.35
-3.04
-8.7
83.22
34.41
-39.39
7.29
-5.55
14.29
21.86
47.23
5.52
-95.23
58.58
21.67
-1.76
-48.56
5
-3.39
24.04
72.18
-5.63
-9.58
35.16
128.32
13.87
50.45
-6.77
3.56
223.64
-79.6
15.24
-11.57
17.09
59.73
-15.7
41.32
25.33
-15.1
-7.57
-45.5
-19.32
30.04
7.93
17.89
4.67
75.85
15.94
67.63
3.73
13.2
-0.44
-7.8
-38.73
-8.92
41.58
-0.99
-1.18
-0.27
9.22
-27.68
20.88
1.61
-47.3
-88.7
-30.8
91.9
29
6.62
205.74
2.36
-94.28
101.1
-118.79
-4.27
63.63
0.38
27.33
-3.83
-20.76
4.15
70.42
-14.55
-18.51
-2.57
-1.65
2.28
68.26
-18.58
43.16
56.26
92.76
-1.75
90.38
46.53
24.39
-3.9
65.56
-7.96
-8.23
31.44
1.24
-26.01
-14.21
47.74
-44.21
-66.05
60.82
-76.16
18.06
-6.29
24.03
80.35
67.14
-2.52
-17.85
-60.65
20.51
-29.56
7.23
-44.45
-43.35
-81.95
-29.44
-53.04
59.09
67.5
-29.07
3.31
-1.45
-12.25
71.08
31.65
8.33
-50.88
16.54
55.9
14.46
-2.15
13.51
7.89
-17.21
22.16
38.84
-10.89
-18.87
13.08
-2.13
20.2
-21.15
-172.93
101.02
-39.44
87.59
-38.52
70.92
14.61
2.24
-9.54
-72.18
44.14
9.54
-16.41
-25.88
-19.18
-32.32
85.42
257.67
-38.17
21.16
10.46
51.82
4.08
-28.38
-10.55
132.94
69.62
4.18
18.89
35.74
16.48
-1.1
-16.1
-70.94
24.61
5.66
-6.38
-35.47
-52.17
57.26
-28.64
-11.61
-5.42
-4.61
-12.56
89.22
-25.79
2.95
-4.48
-1.09
-199.74
6.82
25.58
-4.37
17.67
-117.17
35.28
0.84
-18.37
74.04
84.1
-0.73
15.92
107.15
65.91
39.25
125.97
-2.1
6.1
39.9
26.56
-145.09
-17.12
32.52
13.59
175.48
-3.59
14.94
-129.38
-0.49
44.04
-27.22
34.67
43.3
25.46
35.36
9.64
-18.11
-23.72
-5.25
-3.73
-1.79
-1.9
-11.56
42.52
3.67
50.38
74.41
13.1
-22.48
31.21
-1.57
-42.07
-135.02
-11.45
-13.06
-13.51
-12.71
-9.49
31.9
1.68
12.03
11.14
-12
11.3
-9.39
5.42
-4.07
11.5
26.57
-8.36
85.52
-11.66
75.18
50.36
35.5
-4.04
-6.69
25.37
36.83
-107.15
4.69
-7.48
-60.67
6.23
7.74
37.61
-37.65
-15.08
-5.96
-2.31
-13.48
9.25
127.04
-79.08
-32.44
7.96
80.57
17.38
31.83
-1.71
0.4
7.6
0.85
-2.9
-0.63
-46.04
-101.43
1.97
-39.06
-3.18
10.76
9.97
7.93
-3.1
41.36
-77.25
-50.05
39.6
-23.08
-9.28
-3.35
-0.83
4.15
43.38
0.44
54.76
-16.51
42.93
5.88
2.23
-1.75
-10.55
-15.69
-7.33
-7.64
5.18
1.16
5.77
-11.06
10.23
12.24
42.43
-27.46
26.74
-15.69
97.93
-5.48
-8.21
63.19
2.98
-10.44
-1.19
15.82
-15.09
-89.21
7.2
8.97
-62.38
15.08
-6.66
-9.92
28.3
12.62
27.11
-48.09
-9.91
-7.6
-68.22
-43.75
-189.09
-2.12
0.83
58.35
59.73
-16.59
-5.83
15.24
-33.11
4.34
-355.48
10
4.9
-2.88
