10.24
-35.53
8.25
-2.06
54.83
-38.64
-67.36
6.25
-11.89
12.02
-8.68
-5.07
-30.53
1.2
-8.19
45.05
-11.18
-14.06
16.98
-0.33
15.97
7.07
14.63
13.53
3.41
-11.74
39.24
-101.52
-55.91
4.21
-59.2
1.16
-3.24
-6.47
-0.91
12.08
0.22
-4.13
56.12
-49.65
78.09
142.94
-12.82
36.05
-261.75
44.81
-6.16
7.29
22.44
6.17
13.99
7.93
-1.86
-8.09
-8.66
-32.41
-12.85
-4.42
51.21
-17.28
41.7
-12.43
131.93
79.49
-37.41
29.25
-7.05
-3.39
41.46
-34.5
36.98
-31.73
-4.45
-79.45
-74.87
3.22
15.86
57.21
2.44
74.67
-9.89
-3.87
-13.53
-106.57
6
73.5
48.62
-63.71
26.6
-14.36
58.51
-2.76
60.89
12.24
-138.58
-1.21
-11.16
-33.86
-11.51
-52.96
53.51
-5.74
-10.5
13.14
9.43
48.99
-40.45
-4.08
-82
-27.72
-9.31
42.17
-9.97
1.69
-5.04
145.42
-9.38
-168.77
24.83
-81.51
3.62
17.18
-22.14
1.61
-6.84
-6.91
-11.32
-43.39
-11.07
-8.5
-15.57
18.83
51.34
-7.2
52.77
12.96
-5.72
-109
-15.14
34.83
14.52
19.34
6.04
-22.4
26.98
-25.34
6.55
14.73
-36.55
-7.6
1.15
20.52
2.66
8.3
94.76
13.92
-16.7
-47.09
-123.39
-24.46
-41.86
3.91
12.23
-18.06
98.25
2.49
22.34
-166.57
41.67
-4.59
-18.22
5.66
-14.67
33.97
11.25
20.55
-14.55
82.75
-7.15
-7.65
-14.9
9.95
-6.36
-18.26
27.81
-5.15
16.6
9.11
-4.54
83.6
-50.91
3.03
52.65
-10.25
-9.43
30.88
7.9
10.4
-10.91
0.11
2.62
-287.14
4.08
8.77
197.21
81.69
64.17
45.34
-11.04
9.04
-1.9
6
-18.93
1.97
63.4
-13.23
28.93
-11.12
46.06
-56.51
21.27
15.01
-305.85
-1.93
8.71
33.4
-7.97
-7.73
-24.16
-101.81
5.62
35.54
12.56
-1.99
-86.71
-109.74
-2.3
-24.53
-7.7
-3.46
63.74
37.53
24.7
1.08
-8.16
1.05
-3.64
51.78
8.66
-71.22
5.84
-3.14
-123.45
80.74
-2.1
12.39
54.07
139.79
47.83
114.27
-47.48
-2.17
16.16
-49.43
-36.98
-12.39
40.83
-8.92
5.28
89.33
-164.97
-7.02
8.91
-4.19
-60.19
-57.19
-80
-4.79
-45.39
3.98
-13.72
-12.37
-61.29
47.81
9.14
3.86
-87.35
-141.16
-23.76
14.02
-5.43
11.15
83.51
2.07
-38.13
1.41
-0.22
19.1
27.61
50.24
-0.73
18.15
-14.01
-5.03
-60.89
-5.79
-50.44
-129.6
69.35
-17.02
-10.25
120.21
-1.43
-3.39
-0.58
36.32
-40.95
85.16
-3.54
42.04
41.47
-118.96
32.8
-17.55
-64.04
2.92
6.96
-2.16
-8.9
44.81
-255.16
52.78
10.24
6.92
-58.9
-13.78
0.48
-4.35
-9.47
-31.06
8.31
-80.21
-4.04
-21.59
41.02
70.03
5.36
-59.23
9.75
-10.24
14.86
-112.28
-26.2
4.06
320.8
-10.39
19.01
5.33
38.43
-6.42
17.48
-6.72
0.73
9.13
53.4
20.52
51.5
19.47
-9.31
8.96
34.58
9.36
7.43
12.94
33.79
8.86
6.83
-0.39
0.33
8.76
123.68
36.71
14.39
9.44
-7.69
-58.94
-70.88
7.51
-12.6
-16.9
-21.28
-19.99
-53.08
-79.95
0.9
6.85
-2.98
7.97
-46.82
88.87
97
21.12
-46.5
7.99
73.5
100.78
55.7
15.27
75.45
7.77
3.24
40.79
-152.63
11.45
-6.34
200.6
16.37
-27.56
-4.45
-10.78
-72.13
-65
59.85
-14.33
-6.77
-1.82
8.27
34.49
-1.71
-10.51
9.9
30.17
-5.26
2.72
46.8
7.96
15.86
-14.56
63.37
101.38
-62.26
8.8
-46.87
-108.09
-20.65
-26
3.8
-45.95
59.45
-8.5
24.76
24.97
-57.05
8.75
-19.59
40.73
21.03
-9.79
-4.2
71.89
-29.87
-31.43
38.86
84.72
-10.71
0.77
-30.25
26.7
56.89
24.63
-2.54
23.38
-0.19
-34.08
1.87
10.84
21.31
-30.64
1.46
-34.15
141.59
-93.23
2.25
46.38
64.02
10.31
-13.83
38.08
10.8
1.41
-69.11
-61.39
-50.21
12.63
-26.71
64
3.9
20.89
36.04
6.21
-4.78
13.98
23.95
17.75
-3.53
-2.03
-16.52
-9.89
0.92
-34.87
-2.86
-219.95
11.05
9.51
-7.76
11
-65.05
-97.44
10.73
-7.6
23.71
50.27
11.14
21.47
22.24
31.01
-3.83
-20.61
2.61
-2.41
19.34
32.47
-167.66
-8.05
11.96
7.14
-23.61
24.34
-73.54
25.47
-70.84
-121.68
3.28
-8.85
-18.42
-35.49
8.99
37.38
8.09
33.05
8.59
-120.64
-37.24
59.69
-8.81
11.12
2.2
45.53
-8.33
-2.6
-94.74
-56.94
17.39
-10.23
2.47
-8.66
-5.7
-175.65
57.75
25.31
13.39
9.66
-26.82
65.81
9.77
53.35
0.72
-9.82
-2.36
44.58
42.1
-11.19
-35.67
-4.84
-54.71
6.19
8.47
107.01
-63.74
-6.36
42.99
-34.53
103.87
-3.33
10.69
13.25
14.53
36.74
-1.3
-44.46
10.35
-104.48
4.79
6.92
35.11
44.42
23.78
52.88
9.39
-14.05
-6.15
104.09
-1.52
4.91
-33.94
-14.88
12.93
9.06
110.36
11.8
11.35
3.92
-29.14
-31.94
8.84
112.95
0.7
65.63
47.8
25.49
26.68
-5.84
12.5
35.29
182.22
-12.95
24.54
-14.12
89.77
7.53
49.23
32.03
43.07
71.08
-80.79
-21.72
11.77
-26.49
-59.62
-18.77
-11.15
-2.09
10.88
8.53
15.8
-30.69
6.41
8.27
8.93
32.7
103.22
64.95
0.72
46.03
12.79
-60.49
-104.37
88.47
28.33
-8.32
32.18
63.97
46.64
1.36
-6.65
22.78
3.49
56.97
28.63
3.42
-13.35
19.57
8.18
-15
7.5
-10.17
49.69
-6.71
89.05
43.36
8.15
24.68
-9.96
5.34
-8.95
19.49
8.68
1.67
47.24
-14.19
-33.47
-130.09
43.69
20.33
27.33
36.84
-7.8
76.76
-4.59
-1.88
-4.53
-31.42
10.08
-25.93
-2.47
63.63
0.79
26.21
14.94
13.46
86.17
-2.12
-10.63
-7.22
10.42
7.91
-12.3
-50.59
-34.8
35.42
-66.33
-1.22
-10.94
-5.37
-49.19
4.77
-40.27
-12.46
10.43
-24.82
8.2
108.91
-10.3
10.38
3.33
-4.14
12.55
3.19
58.81
-98.15
52.63
-1.9
-36.03
-107.4
48.78
7.97
8.53
91.61
5
-13.24
-52.94
-48.9
-42.65
7.94
-54.1
-114.14
-15.68
-24.47
-79.59
-17.14
17.73
20.27
99.53
-5.83
15.67
-11.17
-117.34
-9.52
83.21
76.73
-5.71
-18.01
-15.1
-1.81
-18.26
8.74
32.25
5.66
14.3
6.84
-49.07
37.07
-0.21
-54.75
39.08
-7.98
-1.64
13.78
-49.67
-51.85
-27.74
13.04
28.82
23.56
-32.96
15.74
4.84
5.16
-41.51
-65.25
-144.28
10.7
8.47
29.4
167.66
-6.67
-37.32
46.71
7.79
21.93
-9.84
45.7
9.62
55.14
-17.09
2.95
-317.82
-40.57
3.28
-5.47
-29.87
-49.7
-28.44
3.62
-27.12
5.17
5.98
-36.15
-7.62
27.01
10.02
-6.08
-55.8
7
-20.56
13.79
-40.68
25.79
57.19
67.51
14.65
21.58
-3.37
-12.18
39.93
-140.27
-55.14
-70.87
-29.1
0.79
-39.18
9.16
-4.21
3.85
1.15
75.13
98.11
44.83
-8.49
1.59
25.84
56.62
-6.78
-5.85
80.29
26.63
-116.06
-10.91
-16.4
7.91
148.74
12.9
-11.49
70.62
-50.3
-4.67
237.93
-0.39
-2.69
-8.73
-44.48
8.48
-61.93
48.11
-3.72
22.4
-7.76
-19.87
41.22
-17.25
-10.01
30.3
-2.01
88.36
83.25
-5.61
50.46
-0.59
-191.77
12.01
6.55
-40.75
-171.74
2.03
9.46
-120.76
91.72
-23.36
-102.9
-125.31
-5.49
118.28
-7.48
-33.17
-10.25
-71.22
-6.54
3.29
-1.03
6.49
19.91
-9.73
-8.23
92.24
28.73
14.72
-5.8
36.94
-7.94
59.69
-247.84
9.44
123.65
50.75
39.19
-1.52
84.58
183.45
-25.9
-30.76
-8.98
-5.71
-57.73
-3.81
-58.92
-8.45
75.68
-3.16
34.36
0.19
-81.33
-62.46
19.83
57.63
-142.32
-11.07
-41.3
58.08
4.29
52.96
2.92
6.55
-2.1
57.83
6.91
70.33
48.54
-2.22
-3.72
-1.54
91.96
153.26
-15.31
66.14
8.7
-16.52
14.4
62.13
-4.18
-0.25
-107.19
-97.47
3.68
-16.67
-24.63
11.81
10.94
-2.42
-13.85
-5.51
110.64
-31.72
-45.6
-120.6
-2.73
-17.48
40.48
14.86
-24
-7.46
-41.84
-50.34
44.51
2.5
-1.68
-65.6
5.45
-139.5
-1.32
1.03
-60.2
68.11
-1.21
17.59
