-5.07
5.11
-0.63
10.19
125.7
12.22
9.69
69.66
9.89
24.57
-1.57
7.5
-64.22
16.42
-19.34
0.33
-94.55
50.61
-13.41
0.13
-9.62
59.57
24.38
0.25
-22.37
-8.78
-10.15
53.45
-8.25
7.05
47.09
51.13
51.11
-9.88
-46.64
57.78
59.74
0.37
-11.83
-15.78
19.19
3.87
8.75
5.53
31.72
2.26
-10.77
-0.92
4.43
1.94
14.64
28.57
14.69
-41.9
-76.59
-4.67
99.59
-49.09
-10.44
-9.57
3.48
6.12
-80.31
-19.92
-58.76
101.26
-16.79
-5.42
-26.83
-28.34
-14.8
51.51
-20.62
-91.89
-2.36
-5.1
-1.82
6.2
28.72
-28.45
40.22
-0.08
-84.57
0.92
85.03
56.48
-76.55
11.46
17.37
8.7
-65.43
8.75
-1.36
11.55
-5.52
34.07
-14.74
83.77
31.84
11.16
49.34
-26.89
6.97
-16.31
-12.08
53.45
14.61
-49.18
-5.99
5.53
242.36
-66.61
47.17
-50.45
-6.93
14.87
9.42
-8.3
3.39
1.03
33.75
-3.87
10.54
-4.12
-9.39
4.9
-0.54
-36.91
1.94
42.65
19.88
-6.99
-8.73
4.58
-13.13
-72.12
5.37
-22.69
0.1
21.41
-8.9
-65.58
-243.37
10.68
-24.08
3.69
19.02
5.8
25.98
13.29
-28.95
2.17
0.8
-114.85
-50.56
49.3
-3.24
1.99
36.39
-10.45
-46.79
75.47
-1.24
-1.8
-36.44
-14
-22.39
-44.57
13.08
16.16
15.52
-35.42
101.14
-61.05
-26.2
-21.38
-7.49
85.04
14.32
-14.54
-70.37
-10.79
-3.93
7.18
-29.34
39.99
-6.99
-23.4
58.85
32.16
-23.93
-9.35
-47.91
-6.17
5
2.62
-1.36
6.32
24.56
16.77
-86.67
23.78
0.63
-27.12
-79.88
-14.24
8.57
-9.72
8.12
24.54
-77.89
22.75
35.7
-194.44
-63.34
22.42
8.29
-8.79
-11.83
1.09
9.73
96.48
1.76
8.54
31.52
15.57
29.36
-5.09
4.5
9.54
-35.63
92.07
-63.28
-155
38.37
-6.09
-54.01
-31.48
84.64
-18.77
-15.8
-0.81
-27.87
8.72
1.84
-14.11
4.26
-4.26
-25.49
-5.66
8.04
12.47
-55.41
41.17
-12.38
-17.7
-9.57
-4.43
88.99
10.13
-18.45
-55.62
-11.4
2.71
-12.64
5.43
8.64
6.62
-25.58
105.38
-68.29
11.65
88
54.33
7
-8.27
17.33
2.5
7.88
72.24
-99.91
-20.87
0.19
-30.8
64
43.75
-124.15
29.28
3.1
288.44
-23.97
14.22
16.77
-91.25
11.14
16.4
10.14
-41.57
-10.76
-62.31
50.83
-0.39
11.12
3.37
10.35
-11.2
22.48
40.64
69.91
20.47
-57.44
-67.37
7.59
1.4
-3.78
-44.82
60.9
4.07
-7.08
60.01
-14.61
7.42
-20.17
-0.65
-4.82
79.9
-6.15
-10.09
88.22
7.86
7.51
63.57
-2.8
-85.51
-10.05
-3.99
22.78
-1.27
-3.06
10.08
-31.21
7.7
29.31
21.97
-5.84
6.2
-0.11
28
-49.36
-325.48
-1.84
-4.6
6.6
-5.38
-342.92
8.15
-10.02
31.61
-3.35
-0.63
1.55
-10.66
-14.08
-36.32
10.57
-3.15
8.38
-66.08
-11.12
8.87
-7.62
-80.14
41.72
-3.74
-5.66
140.22
14.74
1.44
75.72
31.6
-7.07
-6.36
63.27
5.89
-74.81
36.7
30.72
-5.35
10.04
-75.55
25.8
-27.7
-17.95
8.74
2.94
9.65
75.13
-131.89
109.04
45.15
-3.39
16.66
3.72
-14.02
-2.77
-70.16
-94.35
-66.99
7.62
35.28
-43.72
9.9
1.73
84.36
25.39
174.56
-126.39
-46.1
30.08
105.18
30.22
-16.36
-5.73
2.97
-8.04
62.47
14.05
89.23
-1.74
-7.34
-22.79
65.01
6.08
8.81
-8.62
-1.77
12.53
-108.22
-97.47
-72.4
1.03
5.68
33.34
-2.24
28.07
-11.48
17.77
-17.01
33.14
312.37
-2.12
-70.65
-11.01
9.83
-25.75
16.77
-0.83
-64.37
26.04
64.05
22.25
-15.57
4.66
-4.59
9.85
56.54
8.94
-5.56
7.55
19.78
-44.42
18.97
-8.69
-4.13
-48.64
9.68
10.39
-30
6.27
29.8
-36.72
-30.91
-11.4
-12.95
-24.93
-17.44
-35.78
12.16
-33.84
-7.9
2.59
9.28
-12.44
-91.18
-8.27
13.06
69.38
108.48
-14.49
-9.65
-40.13
-2.37
-32.6
2.88
10.85
-13.01
-2.14
16.32
-26.47
6.72
18.27
-12.06
-91.84
-2.54
62.58
14.12
86.64
32.56
3.19
4.61
12.11
20.96
3.5
32.24
-6.06
-1.08
-130.91
6.39
-15.86
-62.5
-21.75
118.09
0.76
4.49
-0.98
-60.32
17.19
-12.09
63.17
-12.96
-8.91
-54.74
-66.05
18.04
-70.31
-61.25
17.42
-12.4
4.91
-57.64
-88.05
1.83
14.33
-32.65
75.68
76.51
17.61
-11.48
7.37
41.78
-36.44
29.31
50.94
-14.41
78.37
38.39
89.28
5.53
-38.68
-9.84
-15.4
-9.22
-12.09
85.25
185.22
-17.25
11.44
-229.47
-1.68
-158.64
14.69
-15.27
6.77
19.17
-26.8
66.9
-12.73
-77.51
9.92
13.86
0.43
5.41
0.46
-10.45
0.45
3.3
22.54
-36.43
-0.26
16.09
-4.57
40.76
-2.11
-20
20.82
-66.52
-10.5
-9.77
-11.99
1.2
5.99
-24.17
40.69
3.21
40.66
72.88
-1.92
-29.66
28.92
-54.89
-88.95
-21.65
-1.26
-49.68
-4.95
-0.58
14.48
-6.78
-10
40.99
-36.09
129.31
-5.93
23.81
7.97
-9.62
70.42
-24.59
-199.67
1.6
19.75
64.26
-38.19
0.23
15.33
1.58
-3.84
-24.51
-5.79
-11.96
49.94
-133.04
-15.99
-75.48
4.11
20.14
-15.27
-8.8
-41.59
-8.18
11.36
57.68
-2.85
11.23
9.89
2.86
-3.26
-5.79
-3.56
16.69
-9.25
81.74
-16.71
-41.52
-17.3
5.46
-35.99
10.9
15.94
1.28
87.69
-1.83
-8.88
-3.31
-108.36
0.49
11.97
2.75
14.96
-82.52
17.97
-193.75
-9.81
15.05
14.67
9.37
-1.71
-30.96
57.36
12.71
0.33
-17.79
9.58
0.47
1.16
-56.85
-119.05
33.17
22.27
-78.37
-13.15
62.43
8.49
-30.82
28.1
-15.79
-44.69
67.39
-3.36
7.9
92.45
14.74
7.16
-2.48
-3.74
132.89
36.08
5.45
-79.47
-14.2
-37.1
7.12
8.07
-109.8
-11.51
21.55
92.92
3.21
-111.96
8.19
-109.73
-42.72
-97.87
-168.77
-22.65
-7.44
31.66
-10.83
-11.84
2.28
21.72
-79.56
-228.4
-7.9
96.36
2.9
49.46
-5.86
-65.77
-13.99
-4.9
81.74
9.23
0.9
-186.23
4.98
6.81
-10.96
-3.26
2.04
48.4
-9.14
4.01
7.16
-10.29
-49.36
43.31
-5.1
85.94
4.01
-118.48
-6.33
4.71
-56.75
61.47
12.87
-1.59
-48.32
58.07
34.77
22.11
17.99
-156.26
-119.27
-42.32
-7.38
-0.14
-16.48
-51.07
111.7
-240.86
-1.13
-7.4
91.38
72.91
-13.08
10.4
1.62
53.84
-79.2
42.97
49.11
-71.32
-13.59
-40.05
-29.82
85.01
-21.33
-16.38
35.61
2.97
13.69
5.55
50.86
-10.84
69.56
21.71
1.2
2.8
-27.57
16.39
11.76
79.07
9.22
46.51
0.94
68.66
-11.1
-11.06
45.02
70.93
34.22
7.1
-6.15
51.92
54.43
43.39
6.61
9.63
-37.18
42.03
0.05
-1.42
8.63
-10.33
3.59
-4.02
0.86
13.66
49.44
3.92
-3.1
34.51
149.09
4.4
-6.62
16.55
-0.72
24.5
70.46
-0.96
3.93
-108.13
-23.45
81.76
3.05
15.28
-0.86
78.62
-11.94
-7.06
19.06
22.3
-8.82
7.48
21.23
-1.23
27.72
3.94
-8.15
-4.28
-36.98
-187.1
-6.75
-11.7
9.08
-7.39
-6.85
-158.76
-12.08
-4.39
21.07
-3.19
-27.84
-7.92
4.29
4.43
-9.35
-39.62
15.62
52.79
16.51
-13.2
79.69
-38.22
44.09
243.73
-0.48
-8.45
-6.89
48.22
-86.87
-1.84
-6.94
123.02
-8.21
10.22
12.39
3.49
-44.08
47.09
5.86
19.35
127.43
2.19
-7.13
-16.79
22.23
-31.44
3.84
-80.4
2.52
45.2
17.36
-0.02
139.09
-48.38
86.31
14.46
-46.94
-8.65
17.13
75.62
-14.85
-19.15
-103.22
-7.86
-12.93
68.91
10.04
-31.55
92.65
-23.36
-130.26
3.76
13.11
42.46
1.93
15.33
7.67
-101.1
9.42
9.86
-94.61
-10.55
42.43
42.17
7.44
9.25
47.99
-8.02
-25.56
-3.31
-12.59
-14.51
-13.57
-5.31
1.05
17.54
-39.17
-4.61
5.22
-61.95
-8.07
10.72
-47.95
60.44
-11.24
-4.07
3.35
9.4
19.73
-5.41
12.84
6.48
-41.43
9.82
-2.03
2.6
-22.74
8.49
63.07
1.18
5.17
37.49
-9.79
10.47
-21.21
9.25
10.09
27.56
10.5
-46.19
18.11
