63.53
-62.89
-2.51
-72.58
11.45
65.72
-132.61
-4.87
37.05
-17.52
13.45
74.38
11.13
46.89
-0.19
-7.77
17.93
2.05
-11.37
-9.98
13.47
-45.52
-10.22
99.93
15.43
-42.92
-132.01
-10.45
-5.7
18.38
-8.99
61.18
77.48
41.59
-61.47
-12.71
3.4
-7.65
9.62
-7.14
77.21
-15.06
-6.09
3.43
-35.57
6.46
59.66
17.73
12.32
33.7
41.18
8.74
10.83
62.9
3.75
4.88
13.82
11.23
-73.94
-14.57
-4.87
13.5
-17.49
-11.59
28.07
-134.4
45.91
12.45
21.83
-10.14
-84.15
42.79
-7.17
21.29
-58.98
-1.54
73.33
0.78
-2.03
7.22
-2.09
-7.71
57.04
-0.83
36.88
71.21
141.67
-98.25
10.42
9.11
19.76
-85.19
5.05
97.16
27.61
43.64
35.06
-5.74
4.16
18.61
13.56
4.22
10.52
6.86
6.45
-15.54
-14.39
31.14
-15.61
-122.47
12.54
0.9
17.21
-5.09
15.55
-0.16
48
21.98
50.81
9.39
168.14
10.24
5.78
-11.42
-13.78
53.46
-9.41
-4.6
-7.01
-9.15
-2.42
2.04
3.67
69.22
48.69
-65.86
-24.63
56.66
190.79
-0.07
-9.94
3.9
-7.38
14.38
4.01
13.14
-14.04
-69.68
-8.16
-95.8
-54.18
4.07
6.74
9.8
-15.48
76.26
-0.09
-18.96
-1.11
-5.35
-60.23
56.9
-18.51
-22.98
42.26
4.21
38.27
-13.41
34.22
22.32
-6.51
-0.05
7.99
-2.57
-11.38
-62.09
45.76
33.95
-143.8
21.72
-12.36
-14.48
-61.84
-2.13
121.95
-54.93
42.84
65.29
-23.73
8.09
20.08
82.81
14.7
-32.59
89.77
-8.85
-71.68
-25.41
-5.32
-6.99
13.52
26.03
-19.96
1.03
-52.46
-56.42
-91.64
0.3
-8.83
65.7
13.46
94.68
-32.24
-3.55
-7.25
4.72
-0.72
27.36
-58.87
54.35
-111.72
6.02
80.95
-1.49
-9.65
15.91
-35.44
67.3
35.36
105.63
-31.3
74.91
-16.34
-8.33
-21.77
10.41
-8.15
54.15
-8.2
28.34
-19.73
-5.02
24.76
-118.17
5.78
-5.02
-12.06
2.9
-58.98
-3.21
-60.8
10.64
-5.8
24.24
-65.66
33.5
-90.39
4.63
68.18
-109.01
9.75
-6.64
-291.56
89.64
-13.59
3.35
-18.56
13
-36.36
-1.96
11.89
39.31
7.98
-3.03
-7.78
-54.74
33.12
-72.59
25.99
-32.32
151.56
18.66
45.26
42.64
-12.96
70.17
-63.01
-2.74
9.58
-5.05
41.62
-10.59
-57.43
13.18
4.6
-32.13
10.9
4.93
1.53
-8.9
7.47
-3.96
-15.8
-80.46
27.11
-79.51
4.25
-23.37
-55.17
84.85
-9.96
-13.11
-4.93
-14.31
-3.42
51.69
-18.13
23.73
-8.57
6.73
-6.22
-5.74
-31.07
25.57
27.38
-5.04
-4.95
42.23
-22.71
2.44
9.43
-9.82
9.47
3.92
40.8
16.05
9.33
-74.05
19.29
7.63
10.21
68.11
-47.83
-15.38
49.91
-43.02
24.43
17.48
-141.33
31.33
5.57
22.62
17.16
-3.93
43.56
16.67
-8.17
-23.04
12.95
1.09
22.78
-108.94
13.65
-10.77
10.37
-6.86
-9.95
0.92
-108.64
63.87
18.95
-19.25
1.4
-11.98
12.22
-8.57
68.24
-4.28
-10.83
34.41
22.77
-37.15
6.26
-60.05
-32.38
1.04
71.18
-25.27
8.11
-0.64
-9.95
74.33
13.62
7.67
-8.61
29.11
-8.85
-6.09
5.85
88.9
12.21
60.53
-37.74
-19.92
6.95
-4.91
11.86
-33.33
26.03
7.91
-249.63
-116.88
5.2
-33.19
-3.59
-27.46
-57.62
61.3
-6.53
8.83
-8.23
20.29
8.08
-61.95
10.9
-4.33
12.18
0.42
18.54
67.32
-58.86
0.36
14.64
-29.04
22.89
-42.16
-4.88
-21.57
-55.04
-55.95
-52.22
-44.49
-50.98
19.64
-108.18
-95.1
-2.39
-1.85
7.5
29.25
-11.77
-51.91
-42.39
4.11
-164
-45.14
-16.59
-12.27
-68.84
-2.2
-63.98
-28.55
138.74
7.39
-11.15
-99.15
-14.73
31.85
-293.8
-1.73
55.92
49.99
64.87
-5.31
-16.03
8.38
-28.76
17.44
4.19
9.7
-36.83
-14.86
161.94
-11.71
9.62
-121.99
53.39
3.47
4.48
12.18
12.52
4.29
4.23
-66.88
8.59
-57.06
15.25
45.42
2.49
-10.2
80.87
-9.23
-41.08
-13.78
47.96
-1.51
13.24
-12.78
-3.6
5.72
-4.77
-6.55
5.34
-49.69
32.94
-7.16
-103.31
-83.85
5.19
5.83
23.15
-3.54
25.33
-134.35
-92.6
18.52
-2.24
28.77
13.4
34.95
-39.21
-14.92
-11.72
-11.86
7.13
-6.23
21.95
-36.07
-67.88
-82.26
47.5
93.12
-53.02
0.45
-56.56
5.58
-132.08
73.79
26.51
-83.39
53.95
56.32
-6.49
-27.09
-10.63
-27.38
-26.06
17.27
64.05
-24.5
55.6
-6.69
-32.09
3.38
12.36
-77.43
39.58
30.99
-11.4
-96.37
26.13
-11.6
103.31
28.5
-3.84
38.45
82.92
-10.36
36.42
-48.5
-103.07
-7.49
-45.53
71.09
13.86
79.45
-0.79
-25.5
8.05
10.87
14.08
-1.94
34.05
11.54
55.21
73.3
17.87
94.13
-26.41
0.03
5.69
-102.05
49.01
18.83
12.98
98.11
-40.82
-1.54
-13.72
13.77
43.52
-43.91
18.35
10.91
-87.37
1.09
34.99
-26.86
33.99
5.72
8.85
-2.43
-115.16
90.11
26
31.06
11
-0.56
-28.44
77.34
-18.29
7.71
5.93
13.63
-27.91
-79.81
70.49
0.73
-12.42
-73.91
16.23
29.35
-369.39
2.24
-4.51
9.09
-36.79
3.35
-10.57
9.77
-24.94
-4.4
-6.69
-6.1
2.61
85.02
97.02
8.01
0.36
-6.98
-29.63
-9.02
64.46
-14.36
1.84
13.57
9.05
-14.71
-43.2
-1.57
46.26
-4.59
25.73
-1.57
-130.16
-8.2
25.17
-62.74
-123.03
31.44
4.47
-19.39
41.96
-18.87
14.36
-95.15
43.66
-6.1
15.15
2.35
-87.15
-7.99
-9.03
4.73
8.65
-10.97
-83.4
9.75
-62.9
10.16
8.62
12.46
6.12
-14.14
-9.72
28.34
40.36
36.67
-7.38
-2.63
-1.88
13.17
-40.1
-6.47
-0.85
-86.95
-12.01
7.53
-7.96
-5.62
-273.33
-4.04
10.74
10.78
210.59
-29.99
4.64
34.57
11.59
19.67
-3.88
17.48
6.22
12.27
160.8
3.93
-76.97
72.48
-14.88
-5.46
-2.4
22.26
7.02
74.21
-3.67
4.72
-5.25
-9.52
-121.99
14.06
37.27
86.93
10.21
-53.68
-32.19
-42.54
-130.35
4.79
-63.34
-6.5
5.29
-60.13
9.87
-192.75
3.52
-61.51
64.76
3.66
-80.62
63.06
-6.05
-10.77
-40.47
51.24
22.07
-17
108.82
-17.15
0.98
-99.52
131.84
-65.88
-3.31
-53.88
-274.23
12.99
122.92
-6.96
27.98
10.7
43.01
-17.09
-24.08
-3.56
-21.28
16.79
34.03
87.4
-168.54
-32.42
0.83
13.88
-69.08
-10.81
1.2
40.44
-21.24
-4.42
-71.31
1.28
3.77
-78.73
-66.66
-278.37
45.08
86.1
1.53
-106.76
-8.09
19.87
3.51
-10.26
0.46
10.47
-4.24
-28.53
-30.79
5.49
-7.79
-3.86
-50.78
10.36
9.93
18.96
-10.17
24.34
-11.91
-17.01
5.65
-7.1
-58.8
40.98
127.75
34.69
6.78
48.36
-18.9
6.85
-39.2
8.18
-10.99
-28.3
96.76
-5.5
-14
-9.31
-1.79
9.75
-9.46
-53.47
3.5
-31.15
14.94
28.56
5.79
55.08
34.96
6.2
19.98
33.37
13.99
8.8
52.37
65.03
8.05
-16.53
-10.85
1.49
-1.53
-10.36
18.95
-28.07
56.02
-15.18
-1.99
70.91
-1.21
-6.72
-2.95
-22.34
-6.5
51.27
3.61
3.12
2.82
-5.83
14.54
-14.33
20.4
13.16
-0.81
59.79
-50.43
73.55
-3.18
-79.76
-26.1
1.35
-12.12
-37.99
-87.68
8.03
71.86
3.87
6.3
-67.29
-6.65
-68.67
7.13
47.3
52.71
35.15
7.99
-109.86
10.53
71.13
-79.79
-128.94
-9.63
-164.26
-1.03
82.6
12.86
10.31
62.06
59.58
43.65
19.59
-93.82
-15.94
-2.37
-127.49
47.68
-8.58
-7.31
-398.94
-13.34
-144.19
40.02
-4.9
-18.94
-138.43
14.67
-3.77
-13.78
0.34
2.72
-61.59
4.91
-76.03
8.28
25.4
-8.97
24.24
-18.52
68.41
-225.97
-13.4
14.35
3.33
-16.84
-119.98
-33.01
7.97
16.63
-101.3
-24.61
-8.2
44.72
21.06
-70.58
13.49
-6.45
-24.29
8.23
-129.42
-3.04
-3.76
7.98
-17.74
6.75
25.25
7.63
-5.03
24.33
-85.06
11.69
85.01
9.44
67.88
81.46
-7.46
13.13
4.42
-0.16
-20.48
-4.48
1.27
15.5
15.54
48.64
-102.31
97.22
-38.04
-3.46
-99.47
3.56
5.08
-61.16
1.02
3.48
-123.7
-41.58
12.06
