20.3
48.96
64.06
-39.81
17.95
10.89
7.3
-4.84
1.22
12.38
5.32
8.01
-7.63
-38.77
-87.56
-69.21
11.75
-100.33
-39.79
12.32
-8.76
-13.38
-3.16
2.05
-114.33
-9.42
2.46
-19.96
-111.84
-25.32
-60.73
-3.92
46.5
-12.05
-222.83
-55.53
6.58
47.6
9.38
12.23
7.56
52.31
4.54
6.13
71.87
50.31
-5.7
-2.44
34.02
-14.52
-8.24
-69.61
32.29
-63.06
40.28
-5.93
9.86
65.22
98.48
79.22
-14.11
8.61
-58.83
28.38
-0.52
0.9
6.84
-107.18
10.44
94.78
59.08
-112.14
-46.35
70.37
32.62
39.59
12.41
39.47
15.59
155.33
-7.13
47.97
43.32
-3.69
10.2
4.32
16.77
6.87
-6.2
-23.31
13.22
-101.62
-73.38
257.42
88.71
4.81
-11
0.49
-0.51
-10.84
-17.63
-1.76
0.6
5.87
2.78
-31.67
41.86
40.23
64.97
3.82
-42.69
13.42
-2.79
-6.34
-5.18
-87.33
0.04
12.84
1.59
55.78
-3.02
2.68
13.37
-4.35
10.01
27.81
5.43
34.8
-62.93
-1.81
-10.6
11.38
-1.33
-45.4
13.05
-42.35
4.23
-0.27
7.61
6.01
3.42
88.66
-4.08
31.47
12.92
-8.73
-69.76
-64.07
-8.39
-125.49
2.4
-12.77
24.7
-9.04
3.32
-9.61
118.89
-3.64
-103.5
-78.03
-10.57
125.44
1.5
6.85
-23.58
6.64
50.18
-76.77
-46.87
105.71
0.92
30.95
-12.52
38.23
-49.84
4.59
-138.24
50.39
-40.78
-7.59
33.63
-28.61
-0.19
-6.29
25.95
0.33
-88.09
160.77
27.69
-49.66
56.43
-48.51
15.14
-82.43
15.86
140.74
-46.31
-41.37
-8.75
-33.34
-44.11
49.85
3.49
-24.35
72.92
5.14
-34.13
-19.49
111.38
33.63
32.17
-35.08
-1.93
-26.65
6.67
60.6
-4.15
45.07
11.64
154.13
-3.71
2.64
38.24
-63.15
44.84
119.55
24.46
-25.01
-23.53
-88.48
31.26
2.08
-38.18
-57.85
-22.46
9.2
49.54
35.75
18.51
-50.13
-7.25
14.57
-2.15
0.3
1.3
0.44
22.45
-18.54
-0.81
-7.2
7.66
33.08
-8.1
-55.64
3.12
-15.55
-115.72
9.63
-25.54
-20.8
-9.32
5.85
3.63
1.14
-59.84
-42.47
7.42
31.33
17.39
-24.36
-9.45
30.07
6.12
25.86
4.82
29.49
-8.37
9.76
28.77
129.94
-9.22
-2.54
-28.16
-14.98
55.2
-51.74
-57.98
-26.04
12.78
227.67
-19.22
34.27
-6.29
11.78
13.04
-133.19
-17.91
-7.29
-6.3
-10.93
21.83
-19.81
-282.78
-66.23
119.1
-30.73
-39.01
12.19
-13.02
-1.33
8.3
-0.3
-192.56
-6.17
6.6
41.54
29.9
-235.8
1.77
16.52
-23.95
-4.49
12.25
8.95
-6.52
-46.51
-2.44
8.86
-88.58
11.06
0.59
47.41
-33.81
-1.16
42.2
9.65
-24.15
94.87
68.85
-23.4
-1.17
17.32
2.9
-9.79
213.86
-13.39
9.56
-20.33
7.3
-54.43
4.22
25.09
18.03
-5.92
-66.63
-35.45
-0.88
2.06
10.5
18.79
79.15
-1.79
83.03
34.73
-20.18
89.59
-1.37
75.02
-85.21
7.11
82.69
47.09
17.09
-22.11
-83.48
4.53
29.79
87
15.5
-2.67
57.2
66.53
-16.24
-109.03
9.75
2.97
106.26
4.28
-32.45
-0.23
7.46
-42.71
64.52
-5.7
27.11
24.03
28.45
-15.96
-6.97
-1.71
25.89
-120.92
80.88
39.73
-62.28
-2.35
14.07
66.24
-20.07
9.62
8.28
-89.04
-48.85
17.1
-36.05
20.91
163.59
14.01
-5.12
28.28
-24.05
-17.75
-1.12
-6.33
9.62
-4.59
2.66
9.44
8.39
-65.43
-8.69
-20.11
-16.5
104.07
-9.99
27.24
-1.87
61.15
-13.31
-57.24
5.45
-36.19
4.2
14.72
-44.59
-64.98
80.32
14.56
-5.69
-207.02
-11.29
24.85
10.17
-0.59
-9.78
9.63
9.9
27.37
-3.74
-26.84
-3.74
18.25
-105.4
-1.81
3.08
93.5
36.3
9.37
-6.33
7.89
-9.6
-2.38
-14.71
44.78
4.37
-3.83
-20.83
-15.95
-41.5
9.33
35.35
-30.03
-15.29
12.4
-22.66
-7.56
24.62
9.92
2.53
-5.19
271.53
-44.01
-50.75
8.59
72.64
-7.08
100.62
-4.55
48.79
-117.59
-2.07
-75.42
20.56
-43.65
-2.45
-149.61
35.32
-30.29
10.56
-108.94
70.43
9.02
-30.09
7.56
-0.33
-29.67
0.57
-68.05
-37.95
0.73
6.01
4.98
-121.53
-17.08
2.48
77.58
6.57
-5.59
22.26
9.75
85.66
37.77
2.45
9.63
7.1
-13.05
-25.34
7.7
10.85
-158.46
-11.46
-1.77
-6.71
39.37
-3.48
-9.56
26.84
51.2
21.07
173.37
-11.79
-139.68
-12.95
-2.69
5.68
9.49
-75.3
45.13
-9.66
-12.1
22.29
-7.6
-255.47
7.52
8.97
-22.22
-56.25
26.48
-23.85
-6.9
-5.46
19.57
27.37
20.32
4.05
-10.08
16.57
-30.12
32.43
-4.96
10.39
-45.63
-3.4
-2.86
-0.92
-3.31
-32.36
-3.4
-2.91
-14.4
-5.33
-12.21
3.59
-15.76
-9.75
34.36
-32.12
-48.03
9.02
-11.86
-6.96
41.79
55.73
12.35
12.31
69.57
9.99
0.79
40.33
-47
4.78
-5.95
-9.71
-7.34
-14.78
8.89
4.58
146.87
-50.19
-15.03
-34.76
-14.15
37.72
1.61
47.29
0.31
-9.05
-1.19
20.43
2.58
5.01
-121.96
-3.07
63.96
-0.11
-11.8
12.9
4.05
-34.69
6.57
-151.9
-0.15
40.06
-1.18
-0.02
21.24
7.06
-23.27
-4.02
-12.18
-9.2
-6.92
81.84
-6.19
-63.28
17.57
48.44
-22.89
6.28
4.81
35.14
-9.75
13.69
-7.76
-25.71
-4.47
-26.13
-16.94
27.94
35.92
19.43
15.52
3.61
-4.84
10.35
-30.14
-58.1
-30.3
3.28
62.1
-85.01
-7.3
-112.01
10.59
-11.58
-1.1
18.84
14.86
4.25
65.57
2.58
30.21
6.33
-127.86
15.55
-91.75
-11.11
6.56
-35.92
39.45
119.23
-18.21
8.35
-39.6
6.76
-16.61
70.49
1.61
13.85
13.5
17.98
3.19
-6.41
9.13
34.97
-57.41
23.69
-6.51
14.25
-168.49
-7.38
-47.01
-2.45
-3.59
63.75
37.79
54.65
25.78
144.37
49.51
-22.96
35.22
-22.1
98.48
-123.73
-1.76
-30.49
-203.54
64.7
-38.97
75.81
-142.52
-13.7
-5.47
-8.79
-7.46
-3.61
-92.67
-27.06
87.43
9.42
-0.12
-10.1
-22.21
11.54
17.84
-13.03
-42.03
2.43
-7.91
-145.61
17.17
-56.04
0.64
-34.42
37.66
12.93
11.17
-17.22
1.17
7.81
-178.58
-1.02
-37.49
20.23
-31.22
13.61
-5.59
-11.96
20.14
-62.14
17.72
-9.12
-10.12
3.74
-12.4
7.68
76.68
-39.79
-8.98
-5.46
-8.17
48.58
-7.06
-40.76
37.75
-21.14
-11.18
2.32
67.75
-45.27
35.76
21.09
38.14
40.95
-41.22
2.09
3.88
19.76
0.47
26.76
-67.43
-24.32
0.61
1.08
74.65
-6.76
13.41
38.2
5.24
-3.59
3.82
12.15
-16.16
-9.37
-6.83
-10.59
16.18
-10.98
35.69
-70.09
-4.87
145.31
-28.54
-98.03
-42.8
-10.35
-11.59
5.52
50.17
-40.58
32.25
-7.08
-15.75
37.62
7.81
-13.27
-274.54
-11.77
33.08
-4.62
0.78
27.84
20.01
24.51
-36.25
-1.13
-11.6
84.56
-47.35
73.1
-15.49
37.48
6.41
-9.23
11.77
-13.04
61.79
61.56
-49.9
-8.95
45.11
-13.28
15.81
16.02
68.96
6.34
-5.81
-49.8
-77.93
58.36
-52.17
1.35
-2.75
12.78
11.38
10.53
-16.65
0.34
12.68
7.97
14.64
-5.05
-0.51
75.67
7.99
-18.96
74.75
132.62
71.43
-96.82
-17.92
13.6
-4.01
45.72
-32.88
0.65
-6.31
-74.07
96.52
9.98
93.26
-2.66
14.91
116.42
19.71
18.66
-14.96
8.11
-22.25
-3.03
19.39
-9.15
-42.27
3.87
-33.68
-38.44
-8.46
-6.42
165.51
-51.74
-129.71
-87.09
20.4
-45.83
43.05
1.53
4.26
-0.41
7.69
-33.15
4.27
-153.15
-141.86
31.39
28.78
33.76
-25.52
-88.67
7.14
-126.74
10.86
14.3
-47.88
-10.95
-8.23
9.21
-12.68
-11.72
75.16
8.66
28.93
52.45
30.43
-4.12
-21.41
27.49
-7.8
-132.83
-16.8
0.9
29.7
-3.34
-80.92
40.83
-71.13
76.43
-101.77
-38.84
53.34
-64.25
34.78
-4.87
-32.49
-100.33
-8.7
-3.57
21.24
-31.14
1.99
-135.51
17.54
55.43
-9.57
-26.12
-51.5
-9.99
-26.74
34.77
-1.77
33.84
-19.61
64.56
158.86
45.87
-86
16.71
-91.68
-55.38
42.63
16.7
26.97
-10.65
-12.22
10.73
-4.35
-60
-136.42
13.58
-11.85
27.41
39.07
11.43
-93.34
