-52.86
-283
12.47
76.89
-3.9
-0.18
63.32
-1.6
6.8
5.42
-1.71
-122.46
-4.33
-66.55
-0.28
15.45
-14.09
63.25
8.96
7.12
-2.8
-19.26
-12.39
65.28
14.47
-2.68
-9.53
-97.43
-7.64
-99.48
23.24
-2.88
-46.28
-58.97
-22.28
-9.6
17.15
37.19
-103.11
51.76
-16.17
-22.77
11.91
-0.25
120.25
66.63
-108.18
92.11
12.39
-101.45
-14.05
-28.34
5.39
5.49
-22.09
60.61
-78.36
-60.54
1.06
-2.35
3.14
24.76
11.5
2.13
14.82
92.39
3.74
6.69
43.69
12.91
-7.16
-81.14
-29.97
-9.42
15.48
-13.85
9.49
32.36
12.01
20.7
-1.59
-3.43
-200.04
-27.32
-5.23
0.72
14.74
-8.48
15.56
87.33
-1.48
10.62
155.87
29.19
-9.96
82.84
-13.56
98.87
83.11
-10.89
-18.44
-8.63
43.68
-58.51
104.47
28.26
-44.42
-179.08
15.56
-65.5
2.53
9.01
2.87
-39.89
-3.11
8.94
-19.6
-26.34
-67.56
-147.48
27.93
16.11
-39.24
6.35
22.13
34.64
27.91
-13.36
-15.33
60.18
64.26
14.25
-2.38
20.26
37.42
-11.95
28.25
60.32
-10.83
-13.43
-11.69
-26.02
-40.63
18.61
21.87
87.18
-2.08
-0.27
145.62
-69.77
85.54
-86.6
-10.44
-4.95
61.9
10.97
32.03
13.04
59.92
3.94
57.57
2.11
7.28
-18.29
-55.01
-3.13
0.47
109.14
-66.56
10.09
-5.71
3.23
-5.31
5.09
1.32
31.01
11.1
21.97
-0.91
15.82
19.71
15.71
-6.32
126.7
18.88
25.04
9.99
75.15
-5.9
-19.95
10.45
-10.95
-157.57
-7.48
7.66
-10.38
18.22
102.61
8.34
6.94
65.1
13.15
71.14
26.49
-0.01
-18
15.13
37.72
-76.98
-2.89
23.79
32.56
10.77
37.18
5.38
-8.09
21.52
-26.02
6.74
2.53
72.28
11.38
9.55
10.27
-91.92
8.84
-12.22
-19.91
56.56
59.01
19.89
-3.33
1.68
-9.05
-115.83
19.8
-143.94
-9.17
-8.41
8.55
-31.25
56.7
-57.53
2.25
-28.31
-19.4
-12.19
-6.63
-23.55
2.82
-84.44
34.69
-0.56
21.67
4.13
10.82
-12.01
5.64
7.12
49.96
5.05
-4.27
2.28
15.85
71.29
-4.18
-42.07
-18.04
-79.41
19.05
14.3
-5.94
-5.08
-22.32
62.06
-14.53
-0.72
10.18
-8.66
7.21
-23.81
-11.2
-3.29
-60.73
61.27
-5.41
46.6
80.73
12.09
35.03
127.57
-12.62
-13.38
-5.55
4.46
10.69
7.8
-3.11
2.68
2.74
41.42
-8.37
8.53
12.81
-15.53
26.35
13.16
-25.72
-86.47
30.96
-5.93
4.31
57.34
17.67
-13.63
38.28
-13.71
2.44
-40.8
-11.89
-7.6
84.65
-49.08
74.95
-5.31
57.42
-80.58
37.22
-73.89
59.32
-15.09
-35.97
-18.74
-36.32
44.45
58.01
6.08
22.68
7.64
2.51
-14.25
15.89
-17.69
-2.47
7.65
14.05
-6.46
-67.81
-11.32
-151.68
-10.12
-14.5
49.32
130.09
-27.83
-72.58
1.56
19.48
21.03
-8.4
38.3
4.81
2.48
-151.1
-45.96
4.08
-79.1
16.46
17.25
0.32
-8.87
18.01
-1.38
82.81
-18.57
7.79
-13.35
-3.92
39.48
44.3
19.15
-33.72
45.44
15.37
-134.09
62.02
-113.66
36.51
43.86
-42.72
6.88
-26.23
30.95
-30.44
-156.12
-18
232.95
-176.48
151.98
-2.69
13.85
-2.87
142.38
4.63
-29.93
-7.01
-55.77
8.88
-6.12
20.21
0.12
-59.54
-22.71
-108.59
-54.14
53.01
9.43
-7.03
18.56
32.29
-7.77
-0.39
-4.74
-11.52
-56.9
19.88
-7.32
5.97
-6.87
9.08
89.39
12.67
-111.07
61.35
14.72
16.38
10.32
-42.88
1.29
-54.75
-17.92
18.82
4.17
-57.65
49.14
6.11
-39.07
-168.14
203.11
-18.76
29.34
0.89
-4.37
-27.81
-64.12
14.69
-18.85
-48.08
2.92
-4.22
29.76
-40.74
78.57
14.65
27.14
7.19
-7.17
50.57
-1.2
-196.49
-24.25
6.92
-190.81
-4.04
25.4
-2.06
-1.12
-7.65
-12.82
8.45
-3.61
-101.87
11.68
-83.38
-38.73
148.35
-7.28
8.36
28.32
1.2
7.06
31.74
-96.92
15.78
11.26
-45.64
1.99
81.82
15.4
9.53
-36.52
-45.32
38.38
16.12
-61.72
5.89
4.53
37.25
-32.87
9.87
0.93
-71.21
117.91
5.93
-202.75
13.72
-11.8
-20.32
13.18
10.28
-41.32
-58.61
-64.43
28.67
15.92
-115.98
-33.67
-92.65
48.65
9.77
-4.96
0.56
-9.48
-9.49
6.27
7.37
-82.9
-86.46
-39.05
21.01
-0.3
20.17
-95.96
7.37
-1.47
-4.47
23.26
-71.72
12.98
-10.18
-65.35
10.9
-5.32
12.17
-117.41
88.94
2.07
-12.99
11.55
-9.94
3.66
-203.66
19.23
-12.12
-78.01
62.62
-8.49
13.79
5.33
-91.14
26.37
-13.84
12.48
-13.15
11.56
-6.4
-41.9
21.3
6.52
-7.81
-2.99
7.91
25.23
21.17
0.71
12.53
-46.89
18.05
41.88
7.14
-23.89
-23.66
-54.63
34.6
74.31
49.58
-0.51
-86.7
-60.09
25.96
-58.39
-84.12
-19.87
-0.82
-7.62
0.11
4.38
-2.11
4.27
-46.55
-79.32
53.73
0.18
-3.92
39.39
29.36
-11.34
-14.56
8.9
-24.69
-5.76
100.61
0.29
22.01
117.19
-11.5
4.99
1.18
-2.15
-3.99
10.99
4.28
-2.92
-2.23
460.36
14.14
-0.05
-6.68
-20.4
1.77
-4.71
-55.62
-45.37
-19.22
34.44
-6.87
-0.27
-6.41
2.21
-16.14
-16.1
-21.38
1.73
-14.57
-6.66
71.89
-12.55
8.09
-77.21
-31.24
3.8
7.24
55.15
-9.85
30.62
-12.03
-74.33
-34.76
-143.89
122.52
2.38
-39.09
-7.18
7.62
-63.03
-8.88
-0.6
-6.1
92.01
-7.26
-24.78
11.59
22.06
77.08
7.66
-2.36
-7.14
-24.97
9.29
51.06
-13.78
-16.43
1.18
27.47
-4.08
10.67
-2.5
-10.51
37.11
19.51
10.93
85.08
24.14
3.39
18.58
-13.45
-11.22
34.13
-68.45
-0.53
18.42
-11.04
45.51
-94.16
-17.74
11.54
9.01
-10.61
-8.53
-10.09
-25.05
-126.15
-69.06
-5.49
-1.09
-28.8
-6.76
12.7
0.61
6.57
48.1
-19.2
64.95
44.39
-71.14
4.41
11.32
5.42
9.68
-29.28
-12.33
14.81
-23.59
-133.3
-17.08
-6.46
-0.43
9.18
-41.11
-5.17
-28.12
7.4
20.09
6.78
4.99
-27.19
35.17
70.93
-18.68
-1.14
-21.68
58.49
78.08
-24.36
-8.92
49.32
3.92
6.27
6.07
9.64
-10.9
-83.2
-12.98
16.3
-10.13
25.18
-6.9
18.03
9.03
-6.55
67.25
120.87
2.96
-45.02
-24.13
61.03
-58.32
-10.36
-55.93
-52.29
-65.16
8.47
-0.09
8.48
14.93
-8.16
-2.43
1.39
8.32
-29.81
9.5
-31.56
-33.89
-3.61
11.56
26.27
-40.86
-16.72
7.49
14.25
-22.26
-10.04
-1.15
-37.06
1.55
15.99
9.46
-5.9
51.8
60.12
8.54
13.11
-15.31
-145.12
-12.4
74.49
-12.64
-43.6
29.74
-7.17
-1.02
7.18
10.98
-1.33
28.29
-77.04
-8.74
21.04
15.06
9.08
15.27
-32.81
-2.03
-27.59
69.56
-4.45
72.93
-50.95
-15.01
1.65
43.9
-14.58
4.14
9.91
51.07
-2.97
42.46
49.08
17.14
8.55
-39.66
54.08
6.46
16.19
60.18
12.97
5.82
-15.55
-10.64
-55.96
8.77
12.89
50.5
27.34
51.01
-37.63
102.76
-5.08
145.3
14.77
-23.78
-2.58
10.99
32.03
17.44
19.48
-22.59
12.68
-17.25
4.4
-19.32
69.66
-21.54
-9.58
19.45
-23.61
-5.8
-8.75
-35.17
1.7
-42.15
-76.96
7.23
20.51
2.37
9.54
-31.85
-52.65
56.17
9.53
-12.52
-8.42
-61.18
5.47
12.98
5.19
-26.42
23.2
0.41
-4.39
-0.36
6.61
-34.49
65.91
-21.9
20.6
15.42
11.08
-7.05
162.71
-0.43
78.16
-20.08
53.27
24.73
107.34
99.97
52.28
11.87
-33.12
16.14
-1.18
-8.17
47.22
9.48
-6.23
-54.29
-40.17
10.89
-7.54
-14.28
2.66
-46.06
4.14
-45.84
-103.1
-52.86
54.08
-11.94
14.52
-40.45
-58.67
-2.06
3.14
-14.82
4.49
128.69
-15.21
-1.69
-5.63
-0.47
48.23
35.81
17.38
8.37
-7.49
7.49
-57.09
54.65
58.53
-8.58
16.07
-51
-31.98
-23.58
-50.55
14.51
-67.73
15.45
11.68
5.33
-0.66
2.27
-7.95
81.52
10.18
30.1
3.31
-90.86
-411.05
47.67
-39.57
20.76
-1.25
-8.72
-11.5
-0.29
115.9
-9
28.11
117.54
-51
-26.6
32.7
56.23
-7.55
3.93
-3.96
45
-3.78
-16.01
-28.07
-39.35
-74.58
