-13.33
-50.15
-94.99
-56.69
7.94
25.83
-3.74
-80.17
14.02
-47.41
-8.09
5.86
5.26
29.9
2.92
-9.03
-6.97
114.57
58.15
5.31
-10.75
-7
0.99
-8.17
7.91
67.08
41.65
8.15
96.17
7.41
19.21
3.63
-14.43
59.49
15.8
-1.04
-22.88
-0.49
45.34
-81.44
-140.03
-0.31
8.93
18.7
-7.35
-1
-16.37
38.17
87.82
12.62
20.97
-0.01
28.79
-35.79
47.07
-71.57
-3.48
-12.05
43.63
-63.52
138.55
0.81
68.53
14.59
-153.35
45.03
13.76
28.74
-17.7
2.23
-9.12
-8.82
0.66
-41.3
-8.11
-7.64
-81.14
107.01
-3.71
-7.57
-62.37
9.16
-1.76
22.3
-3.2
-90.74
50.19
2.6
68.56
-62.55
10.82
23.88
-4.66
-42.41
-47.67
-7.73
56.48
-6.72
-12.19
3.07
-63.97
16.01
9.64
-150.49
-50.95
-39.81
19.31
22.85
5.07
-8.27
1.7
7.63
10.27
-24.95
61.97
-50.09
-89.57
-13.25
-8.58
38.39
47.26
11.41
-5.52
55.24
7.49
12.39
65.89
-1.43
4.99
-56.68
4.17
10.98
37.09
14.03
16.71
-10.39
80.98
-23.18
28.55
12.22
-10.09
-26.56
3.65
30.01
19.45
-55.74
-1.16
-68.69
100.74
-6.75
-19.72
11.74
-54.99
2.54
20.2
-13.27
-5.44
12.33
-53.18
-11.41
58.99
47.34
22.57
7.66
-1.3
22.17
3.87
93.45
-8.67
-36.25
-0.72
32.21
-473.24
-65.64
-51.38
62.02
-3.33
-0.78
-20.33
-47.98
40.34
0.01
15.87
-76.44
-7.04
10.52
-33.68
-50.04
-39.61
-5.47
43.61
7.16
-39.26
99.81
18.04
-54.36
-40.72
-96.14
32.11
-45.57
80.25
4.03
-72.86
-86.19
40.73
-7.31
-25.79
55.74
126.26
-8.67
-1
17.94
-12.95
12.39
-6.58
-2.48
24.29
4.04
-6.71
61.88
-82.8
-7.85
-17.68
-2.11
21.09
9.62
55.88
26.74
-11.37
47.18
-15.01
1.22
6.31
-48.13
37.04
-230.3
64.03
-21.35
26.48
-54.12
23.64
-5.2
-30.4
-14.7
-17.97
6.88
-5.73
-3.9
8.75
74.25
11.75
-191.86
23.37
-24.45
9.13
87.71
2.38
61.84
-202.33
8.59
26.23
-13.36
13.44
1.53
-10.86
77.47
-19.97
54.73
-13.42
-7.93
3.04
29.49
-25.42
-9.59
-34.47
8.48
54.35
-53.9
0.06
3.25
0.25
8.25
11.7
-10.54
19.56
62.61
13.68
57.13
-5.31
-16.27
19.22
-28.92
2.27
0.55
54.72
-23.22
7.48
5.38
-37.25
-8.11
9.19
-72.94
8.87
1.77
-6.97
22.96
24.01
6.94
-77.17
18.83
-2.02
9.16
-9.29
-49.92
-13.76
-21.83
-17.53
7.45
-12.03
-37.52
20.59
17.83
13.26
-39.9
-28.98
11.33
-4.2
10.4
-85.78
-78.47
-68.52
-23.41
9.06
-22.94
-12.57
26.67
0.56
-16.87
1.59
-18.7
34.81
5.42
16.79
101.09
20.37
18
-8.48
-13.46
25.8
165.59
-1.26
-10.73
-2.88
32.63
-6.02
2.93
-92.57
41.77
7.92
17.47
27.68
-63.19
-43.4
-213.39
54.91
-35.16
1.94
-4.39
19.13
8.31
7.05
-15.6
-63.7
-20.55
65.79
39.45
-4.32
3.01
14.37
-9.18
-9.46
-2.84
37.34
-2.17
-13.78
-6.51
12.38
-17.12
-11
-17.14
5.35
-5.66
-8.6
-11.19
33.6
-2.28
-11.76
-4.04
-153.51
-65.64
95.35
3.42
12.44
3.27
-30.08
-34.73
4.58
24.57
-8.91
64.95
62.21
-22.7
13.12
7.63
3.3
40.09
70.29
65.5
26.98
-16.63
68.71
42.75
-6.6
-6.41
31.93
-4.62
8.35
65.69
-2.51
-6
-11.62
60.02
0.31
-16.26
-0.7
165.91
-54.21
58.5
-131.73
9.44
1.07
128.02
40.29
26.88
-20.3
-38.05
1.8
-77.98
-9.98
103.1
-30.09
-29.4
-7.07
11.51
-28.39
8.57
-0.38
0.7
1.54
10.25
-8.88
-5.97
29.82
87.52
-21.75
-11.77
-107.02
-46.88
17.65
2.36
-57.46
23.7
37.18
0.19
-0.46
9.93
-4.34
5.56
11.71
-1.24
-49.21
-80.47
14.68
13.9
49.41
102
8.38
-211.9
-8.92
-0.5
-6.82
-30.15
-94.83
-9.12
-3.48
-20.47
24.3
27.28
9.88
-9.64
-84.73
6.06
-0.26
21.34
6.44
-1.62
-53.96
-39.5
-4.65
20.27
-13.89
-20.67
10.12
28.54
-12.61
-0.54
-2.12
6.64
16.93
15.11
-2.81
1.13
5.73
4.65
-10.73
-43.18
9.33
-7.49
2.98
53.94
2.26
30.14
-152.71
104.25
1.55
-24.41
28.93
4.26
-9.45
-0.76
-26.02
-77.52
38.53
-23.92
20.22
16.54
-63
-25.4
10.35
-1.97
64.04
-35.49
57.66
-44.2
99.97
14.82
5.58
68.63
24.84
10.84
22.44
-37.32
-7.8
-23.15
44.72
14.62
9.03
-7.55
7.86
-85.73
48.02
-21.49
10.92
-42.79
19.09
17.59
-97.7
-8.39
-41.94
-11.29
100.41
-13.72
-7.85
24.63
71.28
-43.07
24.29
-9.64
119.93
27.27
-69.53
-10.52
-1.42
-171.4
7.47
-44.87
36.67
-9.54
7.71
-44.9
16.38
-8.13
-9.67
-6.68
-15.08
59.7
23.75
-9.92
-268.23
-12.55
106.05
-32.85
3.69
-9.6
4.22
27.59
-5.39
-87.84
60.85
2.45
6.54
-47.81
-89.82
7.95
19.34
-35.41
8.59
-7.67
-52.64
-111.54
-73.33
72.43
-6.09
3.62
-74.67
-59.79
26.07
47.67
-69.14
-29.07
-12.98
-9.05
-22.92
13.28
-35.24
0.15
-60.4
96.23
-15.21
1.17
-63.95
6.97
-2.06
-9.17
-8.74
-13.48
8.73
-158.26
7.84
53.84
-9.01
129.54
73.3
64.05
40.62
-56.98
12.23
-2.18
-10.62
15.31
-7.23
-3.86
10.01
19.23
15.82
-7.86
10.81
6.84
-8.3
-136.26
8.75
49.5
20.45
-19.68
30.14
-11.89
-10.98
-10.61
-6.71
-4.04
78.55
16.79
2.12
-155.97
37.2
-10.98
-1.38
97.54
-133.69
16.15
12.59
33.34
-5.13
9.4
-25.81
2.15
-28.54
7.16
2.02
17.06
-19.65
11.25
-13.69
-14.34
67.47
8.58
27.31
0.69
38.92
13.71
58.11
49.46
4.35
-10.25
10.47
-6.51
65.06
-5.48
19.69
4.11
-16.41
-32.58
3.68
-8.18
-2.78
-7.78
-14.16
20.23
0.83
3.45
-20.65
8.93
-4.19
16.09
84.84
37.36
-7.82
10.84
26.07
11.68
-306.3
-1.25
39.53
104
-19.57
66.82
-27.07
3.92
-5.16
-21.99
-6.44
-37.81
-9.44
-92.72
-2.51
-13.71
22.11
-7.06
4.16
-18.82
-4.48
-0.29
-17.11
80.34
-2.12
-41.12
-66.39
-43.84
34.87
2.29
-142.78
83.2
-58.83
-40.56
2.51
-47.26
-4.94
48.69
-193.26
80.98
6.14
33.43
91.67
-3.17
54.51
36.11
-7.35
54.26
-33.23
-1.99
-12.86
-112.3
50.54
-8.11
13.98
31.01
-26.92
15.66
-48.44
-41.17
42.32
1.53
-105.76
-46.17
-25.3
-4.26
32.77
4.66
25.27
-7.43
36.3
10.64
-7.15
-33.9
35.23
-8.57
29.83
-10.44
55.69
5.98
11.75
47.1
-9.51
-5.1
-5.75
-33.96
9.53
9.43
1.67
11.71
6.52
43.84
11.85
-120.56
-3.55
34.23
-32.29
-29.65
-12.13
12.55
-13.4
7.94
13.43
-48.01
4.91
-178.67
-24.78
37.43
45.19
-23.4
-9.77
-17.11
7.23
-1.56
-7.2
56.66
-14.88
-20.42
0.33
-56.47
7.82
-49.18
-68.24
12.03
33.53
-7.85
-15.19
-90.5
-114.04
-158.66
-31.02
52.59
8.63
4.46
-4.75
-167.31
-3.18
11.49
-55.32
20.51
-12.12
5.43
-12.94
76.6
-248.79
-1.6
-67.59
17.96
-69.84
52.66
5.7
-17.74
-35.59
1.59
8.97
34.81
117.9
-37.06
2.29
-4.87
9.25
-2.09
10.15
-49.11
-2.41
15.56
-79.66
27.9
-3.43
-76.33
66.56
-0.08
33.08
0.43
-8.36
15.74
61.39
60.58
-91.94
-26.21
-74.69
6.32
12.51
21.98
-43.01
-209.66
47.11
24.11
45.82
24.94
-15.69
-93.82
8.74
13.16
18.26
-23.27
42.51
44.09
47.42
25.79
2.25
13.63
77.72
-43.71
-31.49
-91.88
-8.1
-14.03
-32.39
-2.78
7.37
-43.26
-66.42
7.57
9.24
-11.38
22.86
-127.95
57.39
-8.23
-39.12
18.89
90.03
48.27
-49.44
-31.21
-14.2
-49.03
-12.87
-1.42
4.7
-0.44
-39.03
0.53
23.6
-8.17
-26.76
1.11
63.47
1.75
8.45
37.53
-80.06
-204.83
-4.53
-69.34
4.43
58.48
-5.63
-2.97
3.74
-35.75
30.19
3.21
2.17
11.96
20.15
2.51
12.47
-4.29
-188.08
-56.98
83.7
-97.76
-85.73
-6.7
-102.89
-26.14
30.8
-6.02
3.28
177.68
8.62
-5.57
