-10.98
18.77
63.28
1.88
1.68
4.69
-10.48
-48.51
-4.75
-0.21
-105.94
-46.16
-9.53
111.16
22.06
34.82
-82.41
-0.87
-115.24
286.69
9.14
-40.15
47.83
2.41
-58.61
79.21
-2.04
13.5
-40.6
28.79
-0.18
30.96
30.46
14.81
-3.98
18.87
-218.11
-40.95
34.08
38.87
11.27
-7.65
-3.96
74.03
-10.29
179.93
-9.96
57.17
-18.17
-28.8
48.55
22.15
12.69
91.69
5.31
-32.93
-55.38
10.58
-5.31
3.38
-2.42
-4.79
7.41
-1.94
12.2
-110.43
38.7
-4.4
-4.31
97.66
24.14
12.19
22.81
24.79
19.35
20.29
6.26
-73.03
11.97
7.83
55.68
40.16
19.08
13.38
24.12
-6.88
63.94
233.76
-64.54
100.72
5.78
2.4
-64.74
69
7.65
3.96
25.43
33.86
-87.72
10.15
-45.23
15.45
-1.63
-7.55
22.58
-36.94
-8.08
1.97
-9.14
12.66
7.67
36.81
22.93
-36.04
-37.78
-6.83
3.25
10.97
-183.79
-47.54
216.02
76.77
23.66
2.83
-9.69
-64.35
13.01
-3.73
-22.39
2.97
89.99
-19.07
66.81
108.29
0.33
-23.33
70.19
-89.28
-54.09
5.34
-8.97
-25.52
-25.57
-22.43
-6.94
4.13
97.05
-2.84
-9.58
-0.43
-11.39
28.74
-16.09
-157.38
-36.66
-7.29
-53.01
64.89
-60.11
-4.84
49.49
-1.17
64.44
50.29
-57.07
-2.07
-7.84
-82.29
13.61
-58.64
26.03
67.24
32.21
10.3
-114.1
-8.84
35.58
58.95
-36.9
-16.3
-94.07
145.09
-4.21
-3.04
21.65
0.47
14.25
-11.64
39.12
7.86
5.04
-15.96
-11.91
7.88
14.39
49.04
-2.98
-29.06
21.13
85.96
-59.36
12.29
-10.52
44.46
86.23
-6.91
-38.82
-88.65
9.47
-16.14
9.1
2.61
-2.98
5.29
11.93
-2.58
-11.79
31.52
-59.21
-9.57
-0.85
-34.39
11.13
51.28
48.81
63
5.98
7.17
3.56
-8.56
6.86
70.41
-6.97
-8.41
-4.96
-0.42
-35.83
-75.42
10.04
-2.38
-78.02
44.61
41.42
5
-17.04
2.96
-30.45
0.97
-6.74
-52.27
24.83
33.32
1.37
-12.48
-10.93
-15.87
10.86
167.79
-2.26
-9.61
2.02
-7.99
0.48
-7.64
136.39
34.29
-34.13
23.58
-1.31
-6.8
47.74
-36.55
-14.39
7.82
-23.24
-2.17
21.63
-79.93
-18.22
-51.12
-4.03
0.33
3.94
7.79
-8.64
-97.98
9.42
-8.66
15.36
9.85
117.76
13.73
-52.82
-4.38
-14.27
53.97
31.97
-19.41
-32.74
9.8
57.76
-15.51
11.05
-10.87
8.01
-33.88
118.62
-84.87
-31.47
-68.78
5.13
-2.24
7.06
14.49
10.31
28.98
8.69
-1.94
9.66
11.37
1.83
50.8
6.35
-0.46
-8.95
1.34
-6.24
-17.14
-20.62
-12.6
31.68
1.82
-31.93
1.29
29.64
73.21
32.62
23.7
-18.82
-7.89
4.39
-118.7
-32.5
20.48
109.21
4.93
-6.12
-23.13
-8.78
66.1
4.67
-26.44
123.71
32.86
121.82
13.33
-71.39
-41.62
-30.16
58.41
6.07
-3.24
14.06
-7.55
8.18
-14.03
-26.89
-14.32
63.69
15.89
-89.71
34.91
5.78
10.34
40.65
3.09
-9.53
11.42
-8.6
78.21
12.36
-2.15
9.49
3.22
0.67
-15.81
-63.2
-4.61
51.53
12.83
45.18
-81.57
-3.39
9.3
-11.79
-318.78
-22.65
44.62
-38.03
-14.35
6.02
3.93
11.91
5.69
49.7
28.44
175.74
11.18
-18.5
-76.02
-77.86
-121.44
10.97
5.33
9.3
-80.48
-8.78
-58.16
-14.51
-4.8
-4.57
-8.7
-219.3
47.26
7.83
-11.71
-25.34
120.4
-11.96
-1.82
-8.4
137.89
1.66
-46.08
-10.68
-10.86
10.94
-17.45
-1.7
10.79
9.2
1.09
21.25
14.31
-1.32
-32.62
-13.14
5.92
12.78
11.73
9.15
3.47
2.27
-60.73
-12.97
-16.4
-7.26
10.62
-15.95
10.39
40.77
-84.9
0.92
3.78
-12.7
47.79
5.98
-15.49
6.13
9.95
-4.35
-45.19
-61.43
7.03
16.99
3.19
11.13
-14.38
68.26
-37.38
21.68
34.97
17.14
-42.33
28.41
8.01
-1.31
-39.34
128.66
11
8.2
-12.75
9.01
-42.1
-13.13
-23.42
-0.63
-7.47
-75.96
96.03
4.38
-91.08
5.08
27.63
-12.06
95.44
19.41
-36.67
-10.55
14.82
4.52
2.59
29.32
59.15
-6.57
-15.19
-73.31
-14.11
8.82
-4.45
43.59
2.66
-6.64
-13.83
-3.01
-93.53
-14.22
2.94
-86.27
-16.89
-16.98
-32.93
62.37
-5.35
4.5
17.12
0.37
-7.59
-50.39
52.38
4.36
-6.42
51.5
-14.73
1.81
-12.73
-1.56
0.7
4.37
-15.52
-48.26
-3.68
2.37
100.04
93
67.21
83.01
-67.71
-67.97
-59.52
115.28
22.15
-16.42
109.78
20.93
-50.36
-12.5
18.71
-35.66
2.43
47.66
3.93
47.66
57.58
-6.2
-53.18
-29.72
12.54
13.08
-30.36
-4.69
45.46
-6.02
61.07
-84.98
8.78
-9.45
21.44
-7.79
-2.52
47.04
-0.51
6.36
-6.8
-6.98
-6.64
51
-13.32
-0.7
-20.16
-59.91
-7.23
3.23
44.12
54.63
-1.3
-14.65
-28.72
46.67
-2.08
38.61
34.02
4.64
-5.07
-9.56
-3.04
91.62
38.03
-11.57
5.13
-11.67
99.39
0.4
-6
69.66
-60.62
-59.88
-13.88
-41.33
-10.29
6.36
105.17
32.27
1.85
61.04
-119.67
12.91
120.7
-11.3
0.16
-1.58
-22.53
32.14
74.76
5.9
5.2
73.83
-16.71
-78.73
-87.74
0.6
-151.3
-9.24
9.26
-7.48
-44.19
-22.3
71.6
11.14
7.08
5.53
2.03
8.42
-71.56
12.82
47.79
-3.01
-246.27
32.64
5.53
-26.24
45.1
-10.88
6.95
5.34
-11.8
65.21
-75.56
-36.33
9.97
-88.69
13.41
13.49
1.03
-19.87
-59.24
-0.32
-78.36
21.75
12.86
-5.2
3.51
9.53
24.46
-144.82
15.85
5.78
28.88
-8.79
35.35
-3.89
17.89
-37.53
-10.63
4.64
48.16
63.97
103.45
14.9
-95.39
-9.15
2.9
14.64
-13.34
-96.08
-27.13
-14.35
35.63
98.48
-12.44
8.46
-100.21
-203.35
-30.54
-4.88
0.23
8.81
-7.48
10.99
79.64
0
77.32
-4.26
2.64
7.38
-4.06
-16.53
-4.77
-111.04
-27.26
12.66
22.03
-23.89
4.98
-22.22
-26.72
-7.06
-72.32
4.44
-3.9
-23.81
40.88
13.4
24.05
-0.59
-42.14
-16.04
-39.36
16.79
2.57
31.74
32.45
9.5
-43.5
8.05
-13.4
-70.62
-60.85
23.91
-53.19
-82.6
7.87
-72.26
-1.22
54.14
7.65
-80.88
-13.11
7.83
-3.49
-4.95
-74.89
43.28
-125.94
5.06
86.95
-81.78
12.12
-7.99
-5.16
33
-14.84
41.29
-10.43
-15.69
71.91
-7.96
51.58
9.41
4.45
8.76
3.66
89.12
3.42
-11.13
-8.99
76.25
72
-7.36
1.2
41.43
-2.92
12.66
-96.55
41.54
-44.96
-30.95
-27.35
35.4
21.39
45.14
-6.57
36.96
8.66
98.71
-9.95
-1.78
1.27
34.68
-0.25
8.44
-44.58
15.4
5.13
-54.82
-17.76
82
82.44
-3.52
53.12
-4.26
-77.28
-72.33
-16.7
10.8
-77.84
-34.45
118.06
5.22
6.09
11.54
14.48
-29.24
-10.64
-77.95
1.11
6.75
18.79
-5.11
-34.47
11.81
-4.55
-0.98
3.66
3.73
50.92
59.29
1.4
20.16
0.09
0.51
-22.77
-5.51
-34.7
-10.32
44.11
-62.65
23.48
-3.75
-5.8
68.53
-85.29
-6.44
-12.56
-50.94
-27.77
5.2
-14.97
14.91
13.98
52.3
-18.94
6.96
17.75
-8.66
47.54
1.42
-3.03
4.79
32.23
-22.86
17.83
47.91
70.3
11.63
22.76
22.07
85.06
36.08
7.32
7.11
11.19
4.8
-77.01
1.05
62.73
25.19
24.07
9.18
210.86
-14.42
4.84
56.81
10.47
17.35
2.82
9.27
17.1
-23.35
16.12
67.72
-32.09
51.07
98.97
-83.46
18.87
-5.01
-2.54
-9.03
13.91
7.87
-45.42
19.66
-10.08
-82.08
55.22
11.45
-45.73
12.33
60.01
2.04
-7.99
23.87
-1.86
-25.92
-4.13
60.64
-8.13
-12.16
-10.22
10.01
72.73
11.31
23.49
93.16
7.87
22.61
52.67
-43.6
-22.52
-120.48
19.21
-10.09
82.05
-136.2
-0.63
9.52
27.74
9.05
-43.34
-5.85
5.14
-99.49
-4.2
-27.56
-12.31
-75.52
-117.34
49.57
-6.42
-59.9
-51.49
44.34
-1.01
51.6
76.36
21.77
2.79
-50.47
3.31
-88.94
-39.04
-1
-67.99
57.89
75.44
-28.53
-7.34
-2.73
-18.83
-92.32
36.18
-65.04
1.87
15.44
-41.42
-1.93
57.71
0.25
9.42
5.33
29.37
-133.87
-65.8
