39.47
-78.98
5.57
-10.5
57.64
-9.08
51.23
66.24
13.64
25.5
-22.06
40.69
122.97
10.91
34.99
-55.45
3
-8.22
-59.19
-0.38
55.46
-26.55
-49.93
-15.04
-18.68
32.21
-16.84
-7.2
0.46
-9.39
25.01
28.48
0.19
-16.05
14.64
10.16
-3.54
-13.34
2.01
100.6
-30.02
9.91
-1.57
9.29
5.68
-26.95
-3.37
-9.89
38.5
4.03
-0.5
61.23
5.88
-24.1
-8.81
16.02
-4.04
-5.26
10.09
21.61
-7.66
26.04
4.72
82.59
21.28
-10.9
-64.48
-178.03
-6.18
9.56
28.67
-3.5
7.71
-26.98
-148.86
0.95
-77.45
-10.84
108.42
10.96
3.46
1.43
-11.42
-26.17
67.78
30.96
-82.26
86.3
-33.16
36.39
68.83
-46.14
13.51
-39.71
-114.08
71.32
-10.64
-7.28
-156.43
-7.91
47.67
6.07
4.09
-9.37
33.37
10.53
21.46
44.54
-216
127.47
-55.73
3
13.44
-0.69
22.67
3.44
0.21
122.77
-7.08
44.98
-19.51
-2.02
8.82
-10.71
9.93
104.96
23.3
14.18
-6.78
5.74
2.5
10.9
20.24
-46.01
7.69
1.68
24.99
-201.86
-48.18
-32.92
24.76
-32.3
12.34
-46.35
88.08
-3.48
-5.89
14.1
41
33.01
3.78
8.07
-71.67
-27.63
-137.98
62.42
-10.45
-44.97
-19.65
2.05
-11.17
14.73
-5.94
101.6
32.84
24.14
-28.21
9.25
5.57
-86.34
7.91
-46.56
-4.5
10.03
-12.05
2.62
0.49
37.51
30.51
40.94
-1.78
36.13
9.8
-10.63
41.55
-24.66
-8.97
-70.54
5.73
0.88
-12.75
56.88
6.17
-41.69
-15.1
-5.04
-5.55
0.81
-0.66
-0.97
-100.25
30.77
0.56
-10.08
10.51
-4.43
-8.64
11.11
6.47
-25.55
1.68
-68.87
-20.99
27.43
-13.76
22.92
5.09
-7.71
-9.16
-90.62
-0.14
62.56
-2.57
-23.6
18.07
-18.73
-10.77
31.01
-12.81
1.66
37.12
-0.23
-3.26
-9.87
51.74
43.99
-1.6
41.49
-93.63
-10.88
-187.41
-22.36
17.02
-2.63
55.34
-75.28
0.21
-8.88
8.82
-7.97
90.84
1.55
25.19
-5.39
-41.76
23.25
-46.08
39.11
-8.53
25.67
-16.44
-13.48
8.92
3.52
-47.89
78.08
-46.93
22.55
5.75
-32.68
49.88
-22.75
47.92
9.85
46.77
-24.38
-33.57
-32.87
35.68
32.72
24.27
1.04
-3.19
62.88
11.11
-97.44
-6.17
-11.8
3.37
-5.21
9.54
8.94
-27.15
-17.6
13.99
14.41
-35.88
-8.9
104.43
11.45
-54.35
-12.12
52.47
-176.87
-17.84
-46.41
81.35
-5.52
-10.53
6.48
-14.71
3.73
8.61
8.24
-16.59
-133.8
20.94
63.07
22.05
-47.98
8.22
5.47
65.6
0.65
-15.59
-2.11
-8.56
98.27
10.47
4.25
51.83
10.96
-58.09
2.38
-47.52
-10.05
-6.44
-44.71
1.63
-3.22
-114.56
-111.22
-97.14
-17.15
-7.28
-66.23
-10.56
11.67
-65.46
34.5
58.62
29.42
8.48
-34.45
-25.3
-30.15
70.5
45.8
43
12.06
-24.28
36.72
-6.92
11.66
-220.99
-9.22
104.64
-26.3
-4.33
-21.88
21.37
13.32
101.95
16.28
-33.87
-55.23
-86.45
-79.15
31.07
19.95
-7.37
65.45
-76.79
-4.46
50.04
-9.75
-19.72
-23.76
6.45
-7.07
-19.01
73.15
2.95
11.19
55.89
12.21
28.74
4.76
-38.77
104.6
-152.12
22.81
30.37
7.78
2.81
-40.78
-13
-144.87
-30.37
-15.41
33.5
-12.04
92.41
33.83
-45.86
-8.14
-83.97
-31.11
-8.08
15.05
31.44
8.21
-24.93
57
-21.44
64.59
-3.99
-0.01
13.28
19.55
4.03
4.07
-39.96
2.38
26.45
5.21
45.13
-7.71
11.22
19.98
-41.56
-87.85
-45.64
2.7
-13.34
18.93
-6.93
72.87
2.23
-16.21
-85.92
72.77
113.41
58.99
4.82
-4.79
53.87
40.21
-18.11
-17.22
-1.91
-15.52
27.65
-43.21
-10.13
65.1
-14.52
5.08
19.9
42.37
5.19
-92.24
-13.15
-11.46
0.78
2.02
1.28
-5.02
-130.39
47
-106.84
-48.32
-8.15
-21.82
10.29
22.91
-1.52
111.21
21.01
-471.23
-10.61
-30.12
-21.88
-3.22
2.79
7.73
-2.78
3.15
-13.36
2.79
41.06
-39.63
19.61
13.35
-0.41
-16.65
129.38
1.93
89.82
-7.86
83.7
-52.93
1.64
-70.92
-3.5
-10.26
-135.79
29.38
-11.81
-155.43
-5.07
-19.02
9.61
32.04
-9.96
-95.74
-100.45
-1.21
16.89
7.42
-7.7
6.72
-7.59
6.75
34.92
1.96
4.66
93.08
14.73
86.26
6.19
2.27
89.97
2.68
9.9
-113.27
-134.31
-16.47
9.62
-2.3
-0.56
-9.57
106.33
-14.53
-20.95
10.4
0.4
-208.2
-130.74
-31.44
0.69
21.49
44.02
54.2
-171.19
-66.74
10.79
207.51
2.9
-14.86
-30.91
-39.06
3.41
-10.99
63.13
-49.36
109.52
-50.14
-17.3
64.88
-149.43
78.02
-20.24
-18.97
14.23
-11.14
5.93
-4.28
-16.2
-5.32
47.65
-41.81
68.01
10.85
-11.51
25.44
-54.75
35.35
13.85
13.36
9.34
2.66
4.5
-5.21
53.6
6.4
24.2
10.07
34.87
7.44
3.03
-58.27
-34.13
71.31
-53.65
0.87
11.22
-1.73
59.1
-20.44
133.7
2.86
-7.77
-14.01
12.12
-8.84
-24.16
11.41
97.2
-8.87
51.86
6.76
11.11
12.59
41.6
82.38
-24.59
-24.17
-9.94
-4.71
-7.91
-56.78
26.19
-16.84
-105.5
-104.26
12.78
-5.58
13.47
-229.75
0.78
2.41
4.7
6.09
-51.67
-7.93
14.63
4.22
-81.42
-16.98
-37.44
-11.22
7.99
-79.03
63.73
47.65
44.15
24.02
-15.19
6.07
-56.97
-6.39
-5.93
116.15
-83.18
19.55
4.92
27.55
13.82
9.02
-2.7
-30.93
-43.34
2.79
16.09
-28.59
-51.61
66.97
21.49
7.91
35.44
-18.78
28.19
-1.69
-11.4
10.46
7.52
13.91
13.08
-4.73
15.53
2.94
5.2
5.9
-111
62.04
-25.74
-12.6
2.03
-18.64
60.35
-81.3
-14.79
-29.6
-309.27
-1.11
-84.16
9.45
-1.8
12.34
-1.54
1.46
-9.07
-1.55
11.14
6.87
-40.63
26.85
34.07
6.24
41.97
1.82
-70.11
126.55
54.15
3.72
52.12
-42.55
-8.26
2.22
-7.91
41.4
-17.98
6.98
-63.95
-51.59
-7.68
167.27
-6.28
7.75
-12.36
11.44
-6.84
-90.15
21.03
0.84
152.79
4.69
45.78
0.24
-8.89
303.34
-7.02
-5.5
10.06
20.23
4.5
11.18
-46.7
31.14
37.4
48.54
-0.16
63.51
22.42
-34.44
-16.86
-73.22
-10.11
-14.39
-9.21
-20.91
-191.11
-21.74
-4.54
32.61
-18.24
19.53
1.17
40.36
-51.18
-7.09
1.79
128.26
0.97
18.19
-15.66
70.3
-61.97
12.05
25.25
-36.59
-90.39
11.54
52.45
-3.82
-17.03
5.46
46.96
-81.67
11
7.89
18.17
-10.72
8.64
-55.88
3.99
73.17
106.16
-5.82
-4.3
-6.68
-9.75
-18.2
8.22
-15.26
183.24
-13.3
32.85
83.06
7.17
-327.07
-8.64
4.41
23.31
47.63
76.95
10.08
5.9
-3.49
11.2
-204.19
-26.26
-29.22
-57.27
-5.02
2.79
-34.61
11.18
-2.31
-24.94
-19.5
1.46
-25.41
-156.41
12.2
8.9
-35.17
0.43
-5.37
-1.1
72.99
-4.98
-8.74
-0.4
13.78
8.88
-1.33
7.42
-8.26
10.96
40.09
0.1
-18.11
67.52
-289.15
38.95
26.16
-7.73
-29.18
36.15
-36.39
-13.6
-21.12
38.52
-5.11
45.88
25.67
209.93
-10.19
0.53
10
-65.48
-0.9
-2.24
-7.8
-1.68
-8.64
-4.41
-37.33
50.51
16.19
17.75
0.36
-53.39
-5.46
-10.55
-8.82
-16.35
-2.72
-67.59
-7.87
24.48
41.94
15.14
-11.66
8.01
89.81
-6.2
23.65
-5.24
3.71
69.13
76.85
-242.63
-8.8
-36.59
18.08
9.75
-5.48
-88.66
-6.56
-6.91
-0.61
-13.93
-12.57
-7.97
-24.68
7.56
-12.63
59.79
79
25.46
17.64
7.13
9.31
-4.59
-18.31
-6.41
76.2
22.86
-72.67
-7.94
-5.32
-45.33
173.04
-62.94
25.15
51.43
-3.07
-14.61
-70.08
5.48
-151.82
-11.79
10.32
-2.43
4.92
9.75
-25.25
85.84
-10.58
13.48
18.85
31.7
9.67
61.53
-13.24
0.46
80.17
-2.44
-14.79
11.55
-5.97
40.62
-102.63
-75.92
3.77
-11.1
-69.08
1.43
-44.12
8.8
-12.95
-111.84
5.1
-78.48
-4.34
-76.76
-20.9
36.64
-19.44
6.73
-27.77
-8.98
-0.46
135.59
41.24
-78.4
-6.36
-53.07
-56.2
-40.96
4.95
-8.99
-7.63
5.33
7.79
-15.73
25.12
-13.67
9.16
-15.2
-63.09
