12.29
86.27
-39
7.82
-7.16
9.54
-119.84
18.15
-20.38
12.43
0.73
32.22
-10.58
8.29
5.66
-4.34
-61.95
-1.01
-13.02
-6.87
-26.35
-33.93
0.94
-6.01
-10.48
5.69
-6.58
16.67
-20.5
51.27
37.51
15.41
-77.86
-41.28
68.81
47.53
70.94
48.76
63.81
8.54
8.75
-17.92
13.14
-19.43
-29.57
108.93
30.17
17.56
88.71
25.66
2.92
-10.39
6.59
-49.42
4.03
63.33
-6.75
9.13
-55.14
-2.59
100.3
81.73
9.74
-8.28
-36.74
184.88
4.56
0.65
29.53
62.75
8.2
10.81
-33.33
1.33
6.81
-7.33
49.8
-77.47
1.09
-7.22
-30.11
-1.11
3.78
-48.28
48.15
36.37
51.59
-11.8
-79.54
19.23
-26.58
31.58
-43.69
-94.18
6.99
-2.73
-8.33
0.85
103.83
1.7
-18.87
45.75
-16.3
24.09
-41.61
-34.39
13.66
-38.29
41.76
3.92
-106.67
90.02
-13.05
-83.91
-10.35
-1.62
33.12
-6.09
-0.3
-45.01
11.58
9.4
-7.19
226.4
50.71
-39.14
-2.04
0.58
11.49
-123.15
32
-10.97
-46.13
-71.77
-7.36
-12.73
-4.08
-167.6
0.38
4.19
-63.52
-183.44
23.95
10.86
-0.71
53.22
10
47.28
8.76
24.63
16.13
48.11
-162.49
-41.34
-10.85
-26.01
0.87
-19.69
4.27
-28.22
-3.07
21.36
-15.84
63.43
38.58
8.27
-84.4
4.85
93.02
4.59
-26.95
-53.38
15.54
89.59
-79.71
-20.14
11.81
-88.42
55.37
35.99
-77.22
-27.79
-74.02
8.02
-2.3
-4.68
28.6
-34.03
12.7
-240.61
-2.73
-9.98
-8.92
11.3
-2.5
-13.87
4.48
-8.93
-12.25
5.41
-7.39
-33.16
4.13
-33.03
0.04
-0.11
-112.91
173.5
-71.51
-9.59
8.73
13.85
53.03
7.9
35.26
-2.62
9.97
-6.04
-1.61
89.39
-18.76
7.3
-3.13
1.23
-1.4
-40.3
-14.63
24.12
25.26
-116.99
8.12
9.8
88.15
-25.49
-4.33
-2.05
0.16
32.4
6.57
28.77
-9.43
9.89
0.37
-1.2
-3.53
30.6
2.02
3.96
32.71
18.16
-3.16
-24.72
72.7
-18.02
20.7
-19.92
46.71
-15.32
63.46
-1.94
39.76
-0.06
-8.72
55.65
-9.12
1.35
-64.67
57.15
-81.59
7.44
14.82
4.74
31.48
-1.66
156.48
12.35
9.14
2.6
-158.54
31.95
8.68
-4.4
-11.8
-0.06
-31.32
98.77
24.3
-83.83
-63.76
26.03
-36.56
-9.14
-9.76
21.01
-2.61
19.32
-38.87
-8.11
49.85
-27.58
-149.65
4.63
21.66
-52.56
-47.27
8.93
-25.67
9.48
-34.94
-62.31
23.11
-10.11
8.03
-46.57
57.62
-29.42
-12.96
-27.33
5.33
11.46
-11.12
45.03
-3.65
-28.69
16.32
12.13
11.92
9.4
-93.06
-9.5
1.1
-32.88
6.21
3.03
-7.52
60.19
-6.67
13.34
32.79
-18.17
15.41
-8.96
-7.4
-29.36
13.7
9.41
14.93
28
3.97
-79.9
13.75
-13.62
-157.03
5.38
-11.7
-26.82
-31.27
38.25
-29.61
99.99
-5.55
33.51
-48.52
19.64
20.51
-7.04
-18.4
2.75
-6.54
8.64
19.12
20.96
8.41
6.56
51.62
-13.95
2.52
95.97
59.71
-7.6
75.38
-7.93
37.89
127.65
-4.08
-26.15
5.02
47.77
-1.41
13.44
0.72
-99.78
-42.89
-73.44
26.31
-9.06
6.98
-101.99
6.84
65.3
1.54
-1.64
-4.56
-75.06
1.54
6.24
4.56
116.1
37.54
130.83
-62.86
-41.25
15.12
-85.76
15.2
-13.4
24.73
-12.36
37.26
-11.77
-3.86
-5.03
9.2
-10.19
8.27
7.4
4.22
-6.95
-5
14.32
0.84
10.55
8.48
-43.41
-9.06
8.82
22.02
0.38
21.07
-9.39
37.47
19.54
10.01
1.93
-7.96
9.54
-84.49
76.28
-42.3
107.19
-108.24
-13.6
68.22
97.61
-14.37
41.32
-33.82
-5.9
33.59
37.29
4.25
-8.55
5.02
-30.45
6.19
-6.84
-107.96
19.74
-1.52
9.76
11.6
-78
-98.01
-3.46
-1.65
48.48
14.22
35.25
-12.87
-21.41
30.5
25.66
-160.73
-2.36
-4.16
-43.54
-6.74
13.54
-12.02
9.05
47.14
-118.6
1.77
-202.91
8.5
81.3
-162.33
4.79
-0.99
-75.42
-121.78
-47.2
53.23
-56.17
20.2
-62.66
-3.72
57.58
4.55
-43.51
5.43
42.1
-11.39
5.58
31.95
-8.03
-12.08
-44.32
-104.28
-3.29
18.55
-29.43
4.27
-132.39
-29.51
22.46
4.02
7.82
38.15
43.23
62.7
34.11
35.22
31.74
32.25
-6.33
73.01
13.05
-13.85
6.47
-20.94
-23.49
0.54
57.01
4.18
-61.03
-30.51
49.89
-6.65
15.98
139.92
-41.02
9.38
-3.99
-48.49
50.69
62.53
21.91
-6.03
-2.32
3.09
16.38
-0.22
-110.51
-129.93
79.82
-6.47
11.59
19.9
21.39
-72.26
-145.67
24.88
1.42
-42.8
-20.04
0.44
-4.91
-10.74
24.34
-3.62
12.86
80.39
-17.99
8.08
8.51
-0.24
152.64
49.88
38.23
-34.12
5.83
36.96
-20.54
-20.73
-107.51
-10.17
-5.02
26.41
-23.2
-10.59
-7.88
19.39
-161.39
78.56
-94.8
32.02
45.34
13.29
-14.88
19.08
31.62
9.94
-87.34
8.1
97.93
11.04
75.99
92.75
89.11
30.45
40.55
-8.51
18.1
7.75
-12.22
62
6.37
-60.79
-9.18
-96.54
18.19
1
72.28
-23.21
3.36
87.16
44.17
12.83
99.35
68.35
11.19
19.89
-10.8
4.05
5.23
7.12
11.96
58.37
8.06
-0.36
9.23
13.5
12.59
41.71
-5.38
-26.98
68.74
-67.8
-167.42
-93.23
-6.75
55.03
-38.37
-33.63
-27.8
-9.52
5.67
-108.08
165.74
-67.74
-1.36
-15.54
10.28
60.54
12.81
-97.95
-19.16
-12.6
4.59
-9.25
10.2
13.5
-18.23
6.09
-24.83
-57.19
98.17
31.31
-0.53
-8.55
8.3
7.01
-1.2
73.59
0.8
-59.31
-25.48
-130.42
124.62
-4.62
77.5
-9.7
13.54
60.52
24.8
-12.68
10.1
-19.6
1.87
13.94
-54.35
5.15
30.2
-3.74
33.66
-8.35
-1.8
11.5
2.19
-48.51
53.36
67.87
50.7
26.99
17.89
9.71
-4
-5.09
51.6
5.82
-4.47
11.99
7.38
-9.44
-82.26
-9.65
-15.12
29.71
8.26
43.19
-12.29
10.46
-12.12
47.52
-8.6
5.59
1.66
-12.91
25.56
-25.26
-11.3
-30.51
21.02
19.99
-42.48
2.6
252.53
-42.69
57.71
-9.4
-17.79
5.9
80.28
12.26
-4.43
6.05
-3.67
14.85
-12.48
43.38
18.16
76.64
-10.29
-37.34
10.69
10.75
-66.28
-1.08
27.25
-97.17
15.7
-1.8
23.39
-3.87
0.8
-39.83
0.59
-9.88
8.19
46.27
32.93
23.04
-103.85
12.8
3.1
9.91
-10.17
0.01
19.44
-2.22
-222.14
-40.72
8.83
1.02
3.62
11.07
24.66
-8.83
-104.41
8.81
32.27
13.96
42.06
-2.85
-33.23
-2.35
36.18
1.14
-9.12
3.66
-89.73
-7.2
7.36
30.41
3.04
-2.57
-31.08
46.47
2.22
0.42
4.49
38.6
19.23
12.75
10.34
21.48
87.64
-9.1
3.3
8.78
13.35
-4.94
41.94
75.35
14.91
-71.01
17.88
0.81
5.23
-105.12
21.05
-10.97
-65.29
-117.87
17
-5.56
35.88
-103.86
28.86
-41.46
-38.89
-8.97
58.81
50.05
11.34
-6.5
8.45
-13.78
49.84
-8.69
5.62
-22.03
3.96
77.29
15.71
51.31
46.03
3.57
10.28
-149.15
-6.43
-1.82
12.35
28.24
53.89
7.16
-4.84
36.23
-48.05
16.12
10.5
-38.34
-111.79
5.8
26.57
-18.37
0.26
-24.38
1.15
24.24
54.27
16.05
72.9
-52.66
-13.09
-59.21
-115.84
-17.64
0.71
-1.28
-6.98
7
-14.61
-1.31
-16.54
39.79
49.25
-10.34
-0.32
-175.92
9.85
11.46
-103.07
2.77
16.82
16.22
-0.44
-95.68
19.8
67.08
49.37
-21.59
-27.57
108.01
10.01
-13.15
-98.46
12.58
1.33
69.58
-104.94
-10.56
45.28
0.19
-11.33
-125.36
46.51
-11.64
-54.11
65.6
-31.05
-48.12
14.06
-16.15
8.57
-33.62
49.66
6.86
4.1
-10.35
0.47
99.45
0.52
-3.03
-110.15
-5.73
-59.61
-3.65
0.83
23.86
-5.74
20.48
-11.52
28.42
46.3
9.15
-216.77
-1.79
11.57
6.94
-135.66
-14.91
7.17
-18.77
-49.86
4.62
0.56
-14.42
29.32
-17.4
-6.61
-60.79
-46.31
-11.21
4.07
-1.94
-7.6
-99.61
13.99
76.32
28.1
14.65
19.06
15.39
-16.6
-14.92
-59.43
53.67
-112.84
6.59
4.96
-23.08
-26.1
-6.16
26.67
-25.3
37.43
-31.57
-59.24
-1.97
5.54
15.11
5.39
