30.95
-84.6
-2.43
20.21
-13.66
13.1
31.65
63.9
10.14
-72.55
7.69
-27.94
-6.73
13.77
48.69
-3.47
-44.49
-66.18
-2.92
35.33
-17.05
0.42
-23.47
-69.82
-35.79
-20.91
70.88
-24.4
11.26
-8.09
111.38
-10.57
-40.24
15.16
-71.76
-66.43
-67.75
47.31
1.88
61.49
90.23
13.94
22.72
-9.1
28.5
-50.1
-24.89
-40.38
-9.98
-5.96
-14.19
0.24
66.81
14.54
-23.08
69.19
-4.42
2.65
-19.52
4.52
7.27
-53.79
82.34
14.09
99
-4.93
12.59
-40.55
-81.01
-55.34
-11.92
41.59
9.52
4.44
-140.17
20.44
-13.89
-19.31
-5.19
38.56
-25.38
-9.27
1.15
-1.94
26.91
4.96
5.65
136.02
-3.38
-25.28
5.05
18.46
28.98
26.04
-32.89
49.68
-17.06
38.37
-2.45
9.5
-14.88
-25.79
-139.14
167.27
-57.67
-18.82
13.66
97.02
-1.54
18.17
5.61
-14.49
25.2
11.59
-110.64
-10.13
-129.07
-2.08
11.63
14.11
-40.52
4.6
-169.1
132.56
-9.72
-7.86
34.53
-5.43
-3.39
-9.63
-2.78
-12.88
-16.98
-10.35
-38.97
-59.37
2.77
66.95
32.5
3.36
-1.34
20.07
41.67
-16.11
-96.38
-1.41
84.56
-14.6
-9.67
30.39
-4.51
19
4.94
-47.26
-0.56
29.87
-72.01
28.41
25.97
2.57
-32.03
-27.31
-15.33
-64.75
-5.7
15.11
-0.31
37.79
-9.08
-25.27
73.25
-4.74
-51.78
-10.87
0.74
-2.2
56.93
-36.48
-53.41
-20.22
-63.23
-10.91
-3.72
10.06
-22.51
8.87
-12.89
7.52
4.81
11.55
1.79
22.87
37.37
9.09
-22.32
-170.83
-57.16
-3.42
-14.75
38.02
-0.15
9.27
38.25
40.03
-9.58
24.33
23.09
4.93
-48.86
51.63
1.27
54.6
-0.64
-8.86
27.64
-41.77
51.78
-14.94
19.6
46.85
3.32
-15.66
9.75
-14.84
18.88
-4.54
-55
-9.82
-19.77
0.75
59.11
-8.66
-94.74
13.16
8.27
62.15
21.77
-58.88
-106.51
-3.31
9.67
4.9
8.28
11.93
57.51
171.04
28.7
120.07
120.62
-72.18
29.62
124.84
13.14
-11.09
-12.15
-166.43
-18.72
-140.8
-67.18
8
-10.96
-6.89
-7.11
-83.31
-32.94
14.21
-5.37
37.31
-55.46
70.96
38.27
-3.96
-13
-3.45
-1.46
35.88
-1.64
-5.06
-29.63
62.37
78.36
5.13
33.94
43.59
-98.57
24.21
14.2
-7.61
-3.01
-1.88
97.62
38.28
58.25
0.8
-24.06
9.7
-2.28
-104.05
14.88
-6.31
-1.82
10.31
34.64
4.25
-20.81
-133.34
18.14
-1.98
85.5
-18.54
42.1
64.99
-30.26
10.97
24.3
5.01
-66.36
-17.72
-48.67
-30.81
130.23
3.73
39.87
8.11
126.75
-12.28
10.73
18
-11.57
-7.09
-101.79
-18.16
-12.03
37.05
-12.06
56.38
-75
3.55
37.43
-39.35
10.82
-14.68
-7.73
-21.71
-71.45
10.63
8
24.58
16.57
29.17
13.37
-85.02
-10.95
79.7
49.46
146.95
-9.17
20.64
55.44
-2.24
13.26
2.69
-6.5
7.67
-143.87
6.95
-28.01
5.82
5.45
35.93
-8.93
-1.56
101.02
26.28
103.02
1.21
-39.87
8.68
11.99
-0.06
4.27
-12.96
39.13
-87.97
25.84
-10.27
-69.67
-1.59
-13.3
101.71
-45.39
60.15
-7.13
9.09
19.52
-5.71
22.32
-58.01
16.28
18.68
-6.44
-1.71
144.85
42.97
-12.17
9.99
-57.24
28.54
72.37
-9.35
-10.83
35.54
-10.68
1.34
-17.16
76.35
-142.38
11.83
-15.6
6.12
10.21
-8.97
35.28
-51.61
-2.81
7.02
-15.1
-17.19
-4.89
44.4
82.54
-72.08
-12.35
-76.75
32.76
-44.37
-26.36
-7.77
-6.11
18.04
-198.92
24.58
-103.93
101.84
-123.17
-175.55
13.39
11.11
23.85
15.34
-14.05
-13.24
13.75
-10
0.25
15.93
-18.36
23.8
-13.57
9.96
5.53
52.91
-4.05
-34.53
-21.68
5.66
-5.6
11.22
45.49
-109.38
-12.7
65.6
-0.22
-42.48
6.44
-79.26
9.25
-62.84
-0.4
-11.19
-7.78
98.81
0.74
35.25
-4.06
83.12
-74.28
11.71
4.83
6.95
-1.84
5.86
43.61
-19.46
-23.14
18.59
11.32
-8.22
35.59
14.4
14.38
4.92
-3.98
8.75
-66.93
-5.61
-10.17
-1.64
-7.03
-22.57
-8.15
-19.45
-11.91
-9.74
17.69
30.37
-90.11
134.17
8.66
-70.37
22.01
40.62
-6.6
5.78
-38.72
74.25
31.84
-48.53
-19.14
-4.05
-8.99
-22.37
-33.3
95.98
-10.84
-120.19
29.81
-83.64
54.36
24.12
1.41
14.78
-2.94
-5.44
-6.61
34.28
11.29
7.97
-69.44
1.02
-7.71
-28.83
-20.68
1.4
-12.79
101.18
12.93
34.59
1.25
-0.76
-11.63
-1.39
60.15
6.08
14.61
-44.69
8.76
-18.52
-156.54
104.58
9.54
-4.32
1.16
-14.07
17.6
0.11
-16.99
24.96
-32.86
49.73
-17.94
-26.62
25.6
-9.3
-20.32
-10.73
12.66
25.54
-31.26
18.69
8.16
-8.78
-6.94
39.88
-15.19
-24.78
-78.38
49.75
5.24
-49.12
7.51
85.17
5.68
-62.66
-4.85
-25.04
93.48
-0.87
20.67
1.64
-7.6
-16.74
12.05
5.04
-12.74
-53.88
-25.68
-6.55
50.65
35.25
48.57
-5.1
-25.35
35.68
-8.12
-5.49
77.68
8.18
73.5
25.56
94.88
-119.72
-65.93
-21.37
5.85
6.44
9.76
26.37
5.04
-44.69
-21.17
-7.88
-60.55
-20.52
-21.29
-107.77
68.68
3.5
-9.93
-18.14
-6.17
-9.93
6.67
86.69
-10.72
-1.45
34.21
5.64
-2.81
60.05
66.15
-21.82
4.19
-21.36
-139.9
-8.19
-7.57
-2.64
-259.61
-4.11
34.97
-14.96
0.23
-21.68
34.49
42.35
11.86
46.53
11.93
-4.16
32.05
-1.59
-5.04
1.37
33.67
-6.44
1.24
1.13
-59.49
4.75
-88.7
9.89
-2.57
31.21
7.2
-7.93
130.69
40.95
65.95
-14.33
-4.42
56.54
17.83
84.07
-7.34
-3.52
-29.07
12.85
8.21
10.67
9.2
3.76
72.84
8.4
154.07
13.82
17.81
-11.01
-6.53
-0.55
9.58
-33.08
-33.55
-168.48
60.4
157
30.52
19.18
9.59
2.5
-5.26
23.69
-1.94
13.31
-62.92
33.21
-56.05
-45.72
5.1
0.22
44.59
-56.06
9.24
-8.73
9.12
5.2
3.76
-39.49
106.06
17.11
-5.36
10.28
-2.82
29.92
3.92
15.92
-27.48
22.98
30.53
-35.63
13.89
2.91
1.52
-3.32
88.67
4.3
-201.42
-77.83
-16.07
0.47
16.25
-37.81
-17.56
12.54
13.61
-29.06
-4.81
9.29
26.48
7.9
4.23
-40.71
5.49
14.61
50.04
3.18
-0.86
-5.44
-9.06
-40.08
126.55
-14.75
8.92
-15.98
8.02
22.11
-50.74
-7.65
-94.82
-6.67
-0.88
-82.47
-19.67
-20.54
10.77
-49.9
-8.75
-23.47
-24.19
8.81
31.88
65.68
33.56
-7.36
-6.06
-10.54
-41.67
21.14
-3.72
-12.74
6.25
-12.27
-6.45
-12.92
14.39
-70.07
-11.76
59.82
7.27
4.54
-25.95
0.04
42.72
-65.33
53.74
-12.98
-45.83
8.04
4.96
-15.76
8.28
7.82
-23.19
42
-15.43
30.29
0.57
-9.83
21.78
39.13
-45.36
2.8
66.98
-47.32
-30.36
-57.33
-1.34
18.09
-14.22
-35.51
-4.81
7.36
-58.75
-113.48
-19.33
-56.26
-12.78
40.81
-5.9
11.01
19.32
-43.09
-32.62
-9.36
-10.42
11.99
3.24
-9.08
-17.42
-5.65
-105.16
33.62
-39.67
5.08
7.12
-82.23
-50.94
-7.09
-6.96
28.54
-3.46
13.68
-99.05
-6.1
-18.19
2.48
-19.18
-1.3
-6.93
-6.85
-4.95
23.4
-17.58
32.18
-15.35
-12.35
-10.37
10.09
69.86
4.32
-36.92
11.76
68.61
-11.97
45.73
6.66
-8.92
24.42
-9.67
-48.21
11.73
-13.23
-0.23
-3.9
3.2
-6.16
17.45
-200.45
12.9
-147.48
24.74
292.63
-39.52
-1.95
20.04
6.95
32.67
5.34
102.08
-5.01
-12.97
-48.59
-10.36
63.6
48.54
-0.78
6.48
-32.79
-10.16
-6.16
-21.37
-19.04
2.14
-8.51
-1.17
13.48
37.33
-7.91
-14.35
5.77
-0.24
5.35
7.34
19.38
33.75
-1.66
25.46
24.9
-66.02
45.12
-11.62
10
8.67
-2
-59.73
-43.61
8.97
-9.31
-10.13
-19.47
2.53
25.05
38.29
-7.72
149.48
-1.15
2.96
31.44
-6.08
-9.03
82.16
-5.2
12.76
10.17
-10.44
-102.86
30.33
-21.4
24.27
-32.48
-39.14
10.39
-20.17
0.31
-9.74
-21.04
28.06
1.86
-6.18
-28.8
-35.58
49.95
144.48
-5.92
-24.34
-10.19
-22.14
16.88
118.78
-6.49
-35.36
-9.41
-8.88
3.51
