3.29
5.34
7.82
-7.42
-3.61
-15.96
5.41
-122.83
-2.78
102.82
10.48
-5.32
-3.52
8.14
0.92
6.72
23.9
-36.96
0.4
28.93
-25.06
63.9
4.49
21.76
39.24
-26.03
23.66
-219.44
7.01
15.21
-28.16
-3.22
63.79
-16.65
-39.71
-161.2
-141.23
3.78
2.83
10.43
-42.96
11.56
-9.62
2.87
-13.16
-15.07
-2.11
-3.15
-3.88
-107.44
-64.74
-21.5
-10.04
6.51
-0.17
-23.55
-4.81
-1.71
96.52
-2.6
-27.19
21.44
-73.85
54.43
-72.38
63.24
-61.7
52.94
-8.42
39.25
44.58
-20.87
-76.95
-50.77
12.98
25.43
-108.35
-24.05
1.66
186.76
20.51
-14.15
11.31
124.54
-3.17
10.35
16.26
2.33
-4.85
14.04
-31.25
5.77
1.76
-70.31
10.26
47.17
-22.58
0.24
-4.44
-101.54
31.81
12.21
47.31
27.27
16.22
12.34
8.05
0.58
11.33
-7.93
9.09
-2.13
-6.12
-16.39
-15.72
47.83
3.19
-0.94
5.11
10.23
-2.88
-48.31
-3.75
-5.48
6.16
-8.09
-13.21
-14.67
23.13
21.09
-26.1
0.91
21.31
25.04
5.94
8.84
-7.76
-4.55
5.87
42.34
7.9
2.5
-8.77
7.6
-10.94
-8.03
-18.94
15.02
-9.67
-7.07
-51.02
-92.14
-23.69
-98.97
-24.83
43.59
26.81
-5.35
-108.77
-12.82
-9.27
5.65
-8.33
34.54
-26.17
-47.31
6.67
-2.39
42.83
19.64
7.55
24.49
-29.4
-9.62
-48.82
36.87
-7.03
24.02
-11.17
-12.68
-16.35
2.5
18.51
4.45
-22.08
8.45
18.18
37.2
33.38
-23.52
16.1
12.03
9.28
90.22
-2.84
16.44
-6.44
23.38
90.73
10.54
42.79
1.5
-22.43
1.67
16.47
-5.59
17.33
-12.85
10.39
23.66
7.54
22.36
-40.18
5.54
36.99
-9.71
-10.67
54.44
-11.23
-8.47
9.63
8.34
-11.03
52.15
49.33
27.08
2.99
-3.32
-14.93
36.88
12.3
70.92
14.62
13.82
-5.15
-7.65
-19.7
8.78
-1.35
8.67
-5.65
-61.81
-39.24
1.65
3.88
-8.7
9.61
39.01
-119.01
64.94
-27.79
-8.51
-15.2
59.66
52.99
-55.44
-3.57
-8.39
-4.2
20.5
22.98
19.07
28.88
-13.05
16.13
12.79
6.51
-38.69
25.8
-55.42
-2.06
6.21
11.46
10.69
-67.03
-14.21
27.25
10
-92.93
7.26
-22.05
-8.32
2.39
-6.44
50.89
-32.79
-5.96
37.04
-10.88
-5.77
-42.74
13.19
-77.25
8.76
-24.13
-3.79
2.08
89.5
-60.22
39.14
-6.14
0.66
8.51
9.56
13.33
-169.4
7.59
1.58
-41.85
18.27
53.51
2.43
-26.51
45.02
13.14
-15.62
-68.8
161.92
53.11
1.6
1.63
-18.58
-11.19
-56.57
-24.3
-20.44
6.75
-114.95
-5.65
6.58
16.76
10.68
56.85
68.12
11.85
56.54
-0.76
-143.56
-2.3
89.1
-6.82
-8.01
-4.21
4.34
10.5
-20.78
-40.54
-12.33
42.44
-56.97
-18.62
-0
-0.24
74.94
-3.45
-40.65
18.78
32.27
-22.79
-18.32
-3.19
-8.6
134.21
2.08
-1.5
-10.34
2.49
27
-30.04
0.96
108.96
-47.78
97.89
-64.93
24.36
1.16
-55.69
-15.47
11.59
-4.54
39.59
79.79
-3.36
8.11
-16.56
-9.5
58.54
-6.31
51.56
51.57
-126.54
-66.19
25.08
55.49
62.13
-52.46
-65.06
-19.79
-62.14
-6.06
10.31
-16.78
-5.95
29.43
37.55
-58.29
-30.03
-9.96
40.7
-28.18
-67.48
-16.65
10.55
50.75
-10.48
-23.55
-17.13
44.36
0.79
-37.69
-116.12
2.88
26.07
-365.1
79.37
-126.38
-81.94
-205.56
-35.91
13.55
3.82
4.77
9.45
-19.52
2.14
8.35
-5.32
160.28
53.7
3.38
23.73
-11.49
141.29
107.32
-16.24
5.57
-0.31
-148.46
-8.36
11.93
77.57
-42.07
20.51
-51.39
1.08
-7.32
-113.51
-54.49
-23.9
-0.82
-2.89
-71.39
55.53
-143.75
-23.5
-4.02
-76.27
2.43
13.68
7.77
0.85
114.92
-5.55
3.37
-51.35
-60.2
5.3
44.77
-16.48
-4.22
-163.77
52.83
-3.74
4.03
12.86
-37.62
6.54
-29.73
19.09
-2.62
39.6
32.35
15.92
-67.02
4.54
-46.07
1.96
-10.15
-59.38
-8.25
-10.94
-7.26
90.07
-1.65
28.41
11.87
7.08
37.44
84.33
-1.73
-14.7
10.5
-5.55
51.96
-2.74
26.25
-187.39
7.16
-30.84
-0.36
5.3
-5.37
26.91
12.97
25.03
-1.92
39.94
19.07
-5.89
18.83
14.18
-11.6
-14.99
-5.85
-76.92
-3.73
87.77
-25.21
-15.69
26.14
5.76
41.34
-8.09
6.79
-34.58
-37.41
18.08
9.79
-53.49
2.48
9.5
-15.72
-0.3
-61.8
-30.19
36.49
44.64
-84.1
-65.52
102.33
-25.15
94.32
-13.33
-27.6
-11.31
5.47
-114.15
17.65
14.49
10.39
34.37
41.47
6.72
49.79
7.99
0.8
-82.01
91.55
-28.05
-53.53
-29.69
15.02
-0.82
10.34
39.18
6.83
8.9
-4.72
39.21
-95.71
30.83
19.64
150.53
-10.51
-4.92
-7.34
-4.32
0.56
-58
5.32
3.66
26.2
-16.9
-4.18
-14.44
54.21
2.11
12
54.2
-2.36
3.84
-60.79
-16.17
-39.05
-9.29
19.36
0.09
-49.73
97.41
37.24
32.52
-8.33
-2.94
20.64
9.51
6.88
-5.45
-37.19
29.01
-53.43
-41.42
-12.79
8.34
-8.86
-30.94
-14.19
-26.67
47.84
-2.73
-2.67
15.82
26.59
0.45
-63.1
1.92
-61.4
-51.96
-81.6
8.62
-71.55
-2.7
33.12
71.61
-19.89
-4.14
-16.6
6.71
7.93
25.44
35.94
-6.52
3.01
-19.76
38.49
95.78
3.65
102.5
134.24
10.19
7.91
-3.11
79.37
11.15
-12.63
11.24
3.34
-33.46
12.58
96.58
-70.6
-17.22
-35.68
-8.23
-46.34
-5.64
14.68
9.97
-50.44
-8.13
-96.21
-42.08
6.44
-15.32
42.74
-6.66
-31.15
-11.97
28.24
-82.56
43.79
18.62
21.2
18.2
-118.75
36.14
15.73
9.8
4.52
-31.38
54.63
-35.87
-11.16
-12.48
-56.93
10.83
-54.95
18.04
259.49
0.39
1.57
-12.52
10.72
5.87
12
55.71
-0.3
-8.68
-9.47
-54.51
-8.04
-7.27
-74.97
-10.79
-8.55
5.74
1.82
33.19
81.7
3.31
129.19
62.41
-66.31
-77.67
1.41
13.4
94.47
59.85
8.91
-6.04
-12.92
52.13
-181.25
-33.51
-24.88
5.17
29.66
27.87
52.41
-10.38
12.76
-13.18
33.88
14.07
118.09
-8.46
54.15
7.85
3.47
-7.09
-74.02
21.15
3.92
1.07
-4.37
47.67
88.87
19.89
8.92
13.95
-148.69
6.18
0.24
-30.65
-7.85
2.45
34.39
-28.65
72.62
-8.6
-33.47
17.01
-9.78
8.73
44.21
13.71
65.1
10.02
15.48
-19.44
-12.54
76.75
-55.99
11.24
11.18
13.97
34.5
11.56
-115.93
4.63
-34.87
49.45
-23.87
-2
54.85
4.51
47.04
2.22
17.5
-88.11
54.36
-20.4
6.91
12.15
17.35
-94.16
18.36
-31.17
-6.42
-81.36
-10.97
-10.77
-83.39
-19.93
31.33
14.92
29.45
6.93
-176.89
10.89
-7.62
17.08
8.99
31.38
4.52
-1.74
-20.45
-3.91
42.87
-21.37
7.36
21.04
6.73
-10.75
10.7
8.73
-66.82
-275.21
-2.96
-65.99
-3.64
4.95
-57.03
-9.33
81.06
0.64
26.87
-48.43
107.86
-38.03
-2.2
28.21
-44.41
10.85
38.43
4.99
-9.75
1.06
-5.84
61.09
6.02
-15.29
16.31
-0.9
33.15
55.58
48.88
-1.23
5.44
12.56
4.96
-11.46
1.39
10.78
2.84
9.04
25.68
-65.75
2.48
-90.27
58.29
11.88
-6.9
-13.37
45.35
-10.93
-3.95
2.25
-69.12
45.93
-88.9
-87.04
52.13
-11.22
-26.05
-6.55
4.7
5.62
1.67
-26.47
-32.53
10.03
23.92
-0.16
-18.43
118.05
-38.1
66.62
-9.11
-6.5
32.58
-7.56
129.28
21.72
-351.27
11.83
49.05
-13.59
-4.11
-4.1
-38.18
9.27
-3.69
121.97
35.74
-1.67
-47.55
105.13
6.83
10.55
2.76
-27.38
19.16
16.47
0.24
-15.26
5.6
5.33
-10.32
-4.63
-102.02
-7.08
-0.68
2.07
93.62
-7.27
-5.49
1.94
-20.79
-1.66
-95.5
8.02
64.09
97.4
6.41
-1.13
10.11
-11.89
70.98
5.26
-23.11
-7.25
16.04
-29.46
-95.87
29
46.01
-21.12
-5.09
0.44
28.44
27.03
-39.03
17.15
153.38
-45.23
3.65
-11.69
16.03
-55.91
22.99
82.83
9.82
-4.96
-3.8
-0.78
-34.75
-8.58
21.24
159.05
-28.8
10.99
-16.09
-2.76
12.42
11.49
8.03
-6.9
77.07
-43.36
5.02
72.83
-9.8
-35.87
41.75
