-17.11
18.56
9.63
-20.51
3.11
26.01
9.98
28.38
-75.36
10.64
91.83
35.93
0.76
-41.64
-25.51
-6.19
11.54
-10.17
14.96
-62.11
-13.44
10.18
-11.67
-66.14
40.73
-83.69
10.16
-86.39
6.29
2.65
-13.63
12.05
-43.12
43.59
11.03
35.49
2.28
-75.97
2.02
-68.26
-0.42
18.48
-35.52
-0.53
4.23
15.71
-15.48
12.39
-56.27
17.68
42.39
25.16
-25.75
1.55
-11.23
-10.89
79.28
81.08
14.76
0.37
-9.8
-34.86
-1.2
-28.18
7.91
53.97
4.22
3.43
-13.7
45.13
177.28
12.29
-5.23
-3.55
-19.21
20.59
11.28
24.54
-12.78
-18.1
-43.52
-4.14
-5.76
-8.11
26.06
-1.18
-67.42
-7.1
-3.08
0.63
-204.12
90.1
7.46
3.63
-19.25
-62.49
139.7
-12.84
-58.47
12.95
3.05
4.99
-10.41
48.81
-72.84
-43.83
-5.07
15.2
6.34
55.07
10.36
90.47
-46.53
-18.7
-61.42
-22.9
89.54
24.15
86.94
57.01
-4.67
-46.26
81.75
-0.05
-13.18
31.69
-15.12
83.96
-46.83
9.85
-5.71
-12.05
72.58
11.75
0.99
2.41
-6.19
34.35
-6.58
-71.5
35.83
-12.54
-22.1
3.38
9.64
0.19
-5.45
92.03
9.68
-50.5
6.12
-91.78
-50.42
2.98
50.8
-20.76
10.12
-141.78
-14.23
16.49
1
-7.29
26.96
-8.44
-18.39
96.99
-32.07
2.19
-42.28
13.96
-3.41
2.46
10.85
-13.49
80.46
-34.56
-28.33
-3.81
1.91
12.97
2.91
35.53
96.13
10.64
-8.77
-119.91
13.01
10.45
55.4
-41.1
7.71
-5.41
-7.14
39.03
-7.28
4.82
-11.34
35.88
48.17
-0.51
-8.33
117.38
-4.42
5.51
-106.16
-0.7
-25.25
-7.13
16.17
9.91
-37.29
7.34
14.18
-58.28
-11.43
102.41
11.21
63.03
30.37
-33.74
3.74
7.6
2.14
10.55
-317.91
11.46
-122.11
-3.54
-16.34
-5.51
16.13
2.8
49.91
39.85
-29.35
12.91
91.12
22.12
9.86
-33.87
-0.43
65.86
-0.61
4.58
19.39
10.56
46.94
-13.24
3.99
-6.37
-61.62
61.33
-9.64
-7.52
53.39
6.29
-19.79
-29.23
-36.57
0.85
-86.37
-28.53
12.13
-30.65
85.32
-8.52
37.21
7.13
-155.87
2.21
52.46
-45.34
-0.1
-150.53
0.29
46.38
8.85
70.5
39.19
15.22
-28.21
37.23
-6.16
-89.94
49.27
9
-6.88
5.07
36.45
11.9
25.48
55.43
-34.49
-1.37
-2.67
63.8
-14.51
-11.97
5.35
-71.56
20.86
-6.86
-8.98
-63.61
0.03
17.37
6.82
-4.02
-13.51
8.08
-26.32
7.74
-5.04
-31.62
43.78
-10.55
48.18
-9.03
59.06
-1.06
-0.94
45.49
100.74
-12.35
-14.58
1.88
-12.41
33.76
-61.98
1.36
-3.95
-25.13
94.25
-192.92
22.79
-25.92
-33.81
-13.04
33.59
-42.78
-24.65
-86.13
60.47
34.75
-31.73
-9.98
7.81
13.5
-94.95
10.04
69.77
52.69
117.71
-7.43
-134.91
51.22
35.07
-12.85
28.21
-56.69
23.94
11.63
12.87
-15.26
-27.16
38.03
11.21
11.28
-51.68
4.12
-35.34
-48.5
51.3
4.63
3.54
7.72
-3.35
59.06
15.96
-54.63
-59.13
46.5
-0.29
21.85
-38.81
41.25
-7.77
11.08
-38.98
45.99
-24.93
17.79
-13.04
-18.62
72.44
2.57
-26.64
39.91
-144.91
88.7
21.92
7.77
8.74
-116.92
38.41
-2.42
-4.14
-2.19
72.11
58.82
-18.45
-95.84
56.17
15.45
10.68
101.89
9.98
11.18
-73.97
75.96
-41.55
2.61
-23.09
9.84
-24.16
-16.76
29.95
24.07
8.87
7.49
15.15
-13.84
-8.32
49.13
75.48
-6.34
-11.59
-15.63
-41.16
-22.27
9.97
11.82
-58.73
-6.81
11.43
-6.46
23.12
9.88
-0.42
11.77
25.81
-48.63
-3.37
5.21
-30.93
-2.9
5.82
8.03
20.57
-44.39
10.53
8.88
-13.05
-34.96
-0.38
9.13
5.2
-86.84
-9.39
-10.75
-11.11
-10.89
-104.81
-14.92
-29.22
91.68
-179.43
13.93
-53.46
-4.78
67.6
-4.5
-16.98
13.22
-9.43
-9.61
-33.25
-38
2.66
-9.46
-9.33
23.72
-3.4
161.67
6.86
28.24
14.77
6.63
9.42
9.5
12.85
-5
-1.12
12.34
3.31
-140.52
6.06
10.46
26.26
-79.32
-159.13
-38.45
-90.84
46.04
-2.8
4.29
7.6
38.99
-11.13
13.9
16.94
11.29
-13.14
74.98
1.91
14.74
-19.56
46.24
21.21
-12.24
43.95
-2.41
1.63
-29.02
13.76
32.01
-12.12
-59
12.9
26.73
-14.69
82.28
2.07
5.57
47.42
6.69
-0.41
-261.93
84.46
17.62
10.08
62.73
33.24
2.06
91.84
-86.64
-1.62
29.53
71.25
61.07
-4.55
3.25
9.17
6.08
14.25
-9.05
2.73
59.14
-13.91
7.03
-1.92
-20.12
0.56
6.79
5.41
81.98
-5.91
12.99
18.97
-195.24
-6.11
-22.72
29.68
-79.52
59.97
-9.04
11.12
7.43
-54.39
-48.66
-3.19
10.8
-10.13
-19.79
-6.66
-5.7
-149.88
37.8
3.56
-127
-11.35
84.74
-11.68
-6.6
-83.53
-5.23
-3.98
-1.38
6.77
9.96
-55.99
59.41
0.4
-38.68
-6.72
-88.81
-29.13
-81.51
33.25
16.83
79.35
15.83
4.3
-3.66
-13.95
-1.5
8.75
-29.59
56.38
-13.65
66.9
-30.92
2.51
-12.07
13.25
-28.79
-1.95
-88.18
-5.31
57.61
-58.56
20.54
24.04
22.07
-2.44
29.61
-50.15
-155.55
28.62
-6.8
26.35
-10.65
106.05
126.48
-10.78
17.43
2.38
23.46
-50.23
17.02
0.76
53.33
27.88
9.48
-24.88
71.94
-3.83
1.61
5.38
-7.82
4.29
-13.27
28.41
40.6
8.12
-6.59
7.61
81.4
-31.28
-57.73
-44.28
125.07
9.38
-7.96
9.97
-41.63
5.93
-8.53
-0.63
8.13
59.98
2.19
0.69
-6.34
-4.48
102.62
-16.75
-22.42
64.53
-99.17
1.66
0.13
14.45
-31.78
-3.96
8.26
214.72
-11.33
-18.56
40.9
-87.07
4.67
-52.87
47.63
8.85
-42.35
15.16
-11.25
13.27
2.93
11.01
-3.65
9.14
-49.66
3.52
10.37
-29.19
15.37
19.33
-0.07
-18.99
37.49
49.98
60.94
34.24
-18.39
-75.37
9.47
-5.71
39.35
-89.47
-18.49
15.45
12.33
-48.43
5.93
-15.53
-6.56
24.13
92.41
-7.83
32.49
2.47
9.18
22.23
48.73
-8.09
6.49
29.67
9.75
22.13
0.07
0.55
18.96
1.81
-50.88
-167.61
-13.64
12.58
22.79
100.85
-19.52
139.32
-1.45
12.65
-23.8
4.89
-2.71
-121.88
8.49
9.47
15.24
-33.51
2.54
64.95
1.68
-10.46
-3.42
-38.33
22.61
10.76
11.49
35.2
-15.05
74.65
22.8
100.1
-5.01
6.82
4.11
20.56
15
6.81
-70.75
13.51
-0.78
-62.16
-14.72
-5.55
-0.82
24.09
28.41
14.57
-27.08
7.78
-10.17
26.03
-24.27
0.86
-24.54
-69.42
10.34
72.38
45.99
43.76
7.64
1.74
-88.4
9.69
-10.8
-57.91
-5.22
-1.03
56.17
19.68
7.25
-12.72
-48.84
-23.91
-7.91
-101.25
80.2
3.97
2.69
22.77
3.48
34.16
-49.15
33.59
-24.05
10.14
-10.2
7.74
-0.17
58.09
-164.38
4.07
21.91
8.28
7.33
-7.71
40.45
-1.48
-44.83
-8.36
-6.48
3.97
-45.24
15.59
28.61
-15.4
8.26
34.17
-4.61
9.37
-1.31
-11.13
-9.78
1.47
-13.89
-45.18
41.26
-11.19
25.59
18.2
29.17
0.69
-8.24
23.77
5.02
2.07
-102.1
6.12
5.28
181.34
-21.67
103.26
60.34
-93.77
-10.69
185.36
43.3
15.02
33.04
28.25
4.63
-5.65
-13.13
-43.9
26.71
-14.38
-11.47
32.57
13.98
-8.47
-182.91
-18.89
4.68
-2.46
-36.09
-128.61
59.16
-7.25
-2.83
6.76
29.79
-21.85
10.26
0.63
6.99
-8.68
42.1
13.86
-6.64
-20.22
-32.95
3.6
-23.26
7.84
98.15
1.06
31.39
6.78
8.37
9.01
-40.61
-23.82
-6.74
12.59
87.5
3.93
-22.24
20.05
-13.26
38.16
-4.3
-4.06
9.55
21.98
28.61
-6.57
54.03
48.7
10.64
-7.04
-8.8
7.72
-54.92
-1.49
-4.56
-126.3
49.71
-41.41
18.91
5.44
38.64
46.32
37.54
-7.17
-0.43
-3.11
25.03
-17.95
60.21
-14.19
-2.55
-18.54
-9.23
3.64
-0.72
82.53
11.83
83.6
25.85
-9.1
98.77
-31.46
-107.78
5.42
-27.14
-44.2
32.42
-46.28
0
35.23
12.52
56.88
-27.13
3.13
35.05
11.74
-42.68
-9.53
-48.04
-17.57
-13.28
10.05
11.2
35.42
2.45
-13.79
21.02
-165.67
-53.33
