10.13
-45.63
154.14
-45.5
-137.05
62.87
3.1
-48.96
12.76
47.41
-0.37
-43.22
-3.19
13.73
1.83
59.83
11.03
-15.42
-59.38
2.23
-6.74
-1.46
21.52
-7.99
34.73
-16.88
-5.61
35.8
-95.51
56.46
-1.95
2.33
1.15
-28.37
42.92
-9.87
-81.22
14.98
9.33
55.05
-27.73
18.95
15.55
50.9
-0.5
-39.16
14.47
70.79
-8.51
12.98
13.75
20.11
-8.87
-112
62.92
-18.63
-106.07
-4.6
-14.12
-33.01
52.88
73.89
-8.36
-3.16
-34.39
-13.6
-79.32
7.46
-99.9
37.35
14.25
-50.73
-56.04
-7.92
-2.83
8.25
37.77
7.04
-19.17
9.7
-35.01
-10.52
-0.42
1.58
65.9
94.84
100.65
137
-85.37
-34.27
12.14
213.09
-3.52
1.11
-24.23
3.14
-56.29
-76.89
5.49
93.37
-10.81
8.8
94
28.24
-3.84
-10.99
-3.44
-30.18
61.72
25.12
28.53
-16.96
-38.6
4.59
-42.26
56.04
-34.79
133.94
-47.41
-39.07
-7.67
49.5
-21.23
-41.94
2.9
-10.21
-20.89
-87.2
-22.53
20.24
-5.5
-81.72
-26.49
3.71
17.75
2.39
-151.44
6.92
6.26
-33.5
-16.39
-192.26
-13.65
-4.58
-20.42
-39.29
3.04
-12.69
-1.67
-5.17
-20.66
20.65
0.92
9.22
8.53
-1.78
-5.5
3.17
104.89
-12.59
9.16
73
-6.77
-26.75
-68.36
10.57
14.42
6.93
6.88
-10.29
-10.6
-4.58
-58.04
-22.49
-14.85
17.15
-29.35
22.21
86.17
122.07
-159.66
-63.14
-64.18
-18.36
-4.71
91.94
-24.35
-4.28
2.56
-10.04
7.16
-2.81
-21.01
-25.61
-113.09
-5.71
211.3
36.41
-9.63
59.77
-12.98
10.15
3.88
-100.78
32.59
-37.72
46.61
26.77
-10.33
-2.63
115.21
0.31
47.1
29.09
2.5
54.31
7.1
-33.33
10.51
2.67
75.93
37.08
-16.24
9.42
-35.12
32.05
63.09
1.5
4.97
-10.26
34.72
-218.23
-2.35
-12.18
7.19
10.74
7.02
37.73
8.25
-35.61
2.37
61.81
-32.15
50.87
-13.25
-11.22
4.71
46.29
-6.96
4.16
9.44
-6.67
-1.39
-88.62
-33.78
-4.44
-0.5
27.82
17.96
31.65
11.71
67.45
-79.82
22.83
10.86
-97.07
-2
-28.15
53.08
-23.38
71.39
-12.13
74.29
6.41
6.15
-4.29
4.24
4.36
-7.19
-9.02
-8.33
22.39
-19.5
-7.56
14.67
67.66
93.59
-19.51
4.66
6.33
-17.53
6.25
-14.43
0.03
2.13
8.52
-6.06
12.2
-28.34
-146.1
-0.78
80.67
27.32
34.37
36.75
0.6
-12.46
32.35
-10.2
14.99
-11.84
109.48
119.69
-39.08
-18.71
-57.91
-7.88
-13.63
-7.43
113.87
5.92
5.48
28.39
36.8
-5
-45.83
-30.46
6.11
-44.76
8.4
51.01
11.66
25
-33.4
10.57
48.91
34.22
0.43
-11.54
59.06
-9.92
5.44
-9.11
5.06
23.29
89.61
22.78
47.16
18.5
-349.19
-168.38
2.27
-3.71
-60.67
14.43
-7.52
6.5
41.29
35.27
4.36
-14.74
2.5
-3.26
20.01
35.83
6.7
0.32
-11.18
-25.15
-18.74
13.05
37.39
-4.82
66.09
-6.61
21.26
11.37
18.3
-9.81
-9.5
-61.56
-9.66
11.74
-5.72
-6.06
62.42
2.02
40.69
-41.4
-3.86
-8.16
-20.03
-70.35
42.57
85.9
-125.57
16.3
-6.06
-4.38
-5.16
49.94
-14.31
-46.54
73.54
-12.12
-29.22
82.54
28.18
11.11
5.22
-67.01
5.68
10.24
4.27
-12.15
3.35
-6.62
20.25
33.33
14.42
33.63
-37.3
20.01
3.99
-10.11
76.74
-4.4
7.88
-8.96
2.86
73.68
29.8
-54.1
-32.6
-16.66
-1.11
-3.88
-37.17
-27.11
8.11
-6.15
1.98
19.7
8.65
-11.49
-107.46
1.37
3.75
3.81
-103.34
86.93
-24.98
-18.26
-19.35
1.1
10.4
-97.58
11.45
9.9
-2.65
-1.79
-14.02
-23.6
-7.1
-70.16
-14.44
-9.09
-21.11
3.95
-131.73
10.9
21.4
4.26
36.4
-10.05
-27.89
-5.61
-15.46
2.49
4.26
-1
7.75
59.22
9.75
-0.22
29.05
2.21
73.71
-7.12
19.57
10.15
-8.32
27.96
69.25
-0.02
-223.19
19.89
28.97
-12.87
9.12
-87.06
-76.93
3.4
1.01
-15.17
-9.88
0.26
-69.7
64.84
48.3
11.14
150.84
-19.85
3.27
-53.65
2.24
-151.19
-9.5
2.16
29.15
-20.45
18.48
-59.46
12.62
20.46
47.33
7.16
12.34
-57.98
51.85
2.66
13.43
38.41
8.27
-31.2
15.06
5.09
-38.4
-11.92
-23.86
1.71
-9.81
-12.65
67.26
-46.38
-12.96
-3.29
95.39
37.05
43.53
-28
-23.42
-36.12
5.55
-6.11
39.23
2.37
13.87
-11.47
-10.71
-10.7
50.04
8.85
-28.66
-0.57
21.86
8.64
94.91
-2.58
-44.8
-12.32
44.92
-7.53
7.99
10.56
-6.98
11.93
27.44
14.85
-9.17
-7.2
15.36
-66.89
-78.34
-13.32
-10.9
54.4
2.43
-13.95
-18.47
2.92
7.17
3.56
-5.4
5.74
-50.85
-11.26
-1.12
-45.67
0.56
21.87
27.96
-0.66
37.24
-27.45
2.36
6.91
-10.01
-127.23
50.96
0.34
3.33
-110.98
5.08
7.53
-15.43
-7.8
8.43
-8.5
22.32
126.67
16.53
-39.62
94.08
-30.63
18.14
23.56
-2.34
14.51
116.64
0.97
-18.01
18.11
-14.92
4.87
16.47
23.14
-45.5
44.24
-10.35
102.77
6.9
38.17
-32.62
-2.68
-38.57
84.98
-4.82
14.53
65.12
-6.76
17.21
13.52
39.21
8.49
-7.39
-91.82
49.69
20.19
16.28
-69.98
-134.03
-12.47
19.35
11.29
11.28
-18.38
15
23.87
-14.24
65.1
13.48
66.17
-96.97
-54.8
46.97
17.25
47.09
-15.73
-121.94
-7.49
16.74
16.47
10.55
-72.44
8.64
-67.24
-23.02
10.71
0.98
102.93
-14.09
36.93
32.48
16.57
66.08
-30.65
-9.61
-42.66
-13.81
-24.55
-3.2
-9.6
-6.35
-9.35
-7.52
-3.66
-3.93
-65.59
1.5
-13
-87.61
1.94
-6.1
-84.55
-5.72
-155.5
-28.83
-8.48
11.15
-2.79
-27.34
-32.29
-12.72
3.08
-13.6
22.13
12.8
8.84
1.58
4.88
-37.13
2.24
21.48
42
-69.57
17.54
-31.9
-8.71
-10.4
-199.47
33.95
-6.42
9.52
15.39
28.62
15.61
20.61
112.5
-5.47
-2
-16.52
79.3
16.49
2.17
8.21
-19.81
16.11
-21.1
0.98
-4.44
2.16
31.6
45.41
-64.98
-94.32
-59.42
-10.76
-7.91
-5.06
7.55
-3.82
16.02
12.94
-2.82
6.48
24.57
2.95
12.57
-9.01
-33.96
71.81
-32.88
-34.44
-1.92
39.02
-55.27
10.3
-80.01
39.22
26.17
2.74
26.76
4.81
-38.14
-7.8
19.02
-21.36
9.49
-0.13
-1.22
5.26
-58.99
16.55
9.25
-5.67
-4.96
-4.72
-88.62
-42.05
-14.82
21.64
10.57
0.8
65.41
-14.19
-109.61
-6.61
20.34
-11.61
49.98
-44.32
46.11
10.71
9.95
9.75
31.94
-53.73
88.81
-59.7
70.74
54.61
54.61
-8.79
-1.42
31.72
5.58
64.04
15.04
-43.09
-2.87
-13.45
-9.9
-66.48
-29.77
3.27
-51.06
-38.13
10.94
9.54
107.95
40.18
-67.83
1.75
3.06
2.56
65.15
-184.6
-10.63
4.93
26.04
-53.72
-24.02
-130.83
8.59
22.07
-9.12
9.43
19.43
4.68
-13.13
-0.19
77.11
-12.79
1.38
0.54
-12.19
2.95
9.24
10.42
-89.15
-8.27
-20.98
-10.71
-0.13
-16.84
13.04
-66.69
83.41
-1.82
18.44
1.35
-13.38
-10.56
-3.02
-1.68
13.86
-92.69
12.11
-2.75
-106.26
43.7
-16.9
5.42
176.58
-77.28
-77.31
-24.48
56.96
-15.95
21.23
10.65
-12.06
15.62
-8.39
22.29
-33.09
-7.97
8.17
-131.87
53.6
-13.1
4.4
-31.77
0.69
50.75
-26.32
11.52
-13.35
47.26
11
-14.7
48.04
7.99
85.81
8.6
-10.59
-29.86
3.6
-8.55
9.45
4.94
62.91
-92.74
76.71
-8.5
-57.45
-25.1
-14.66
29.36
-103.66
20.71
13.94
10.89
-8.39
-6.77
-95.41
20.37
4.81
77.87
-9.65
-39.96
-9.66
-0.73
-16.33
-27.43
70.49
5.26
6.48
-0.94
16.57
-85.19
12.42
-10.38
-11.68
-12.9
-41.99
0.69
10.11
1.21
49.63
94.4
3.01
39.96
10.82
70.95
-0.38
-232.63
-0.44
-174.28
10.5
4.48
10.36
-28.39
122.99
12.18
-140.33
-6.02
0.58
-2.32
0.07
-46.92
5.31
1.37
-9.13
3.02
-3.22
-8.8
-31.19
29.78
-5.47
36.17
-69.87
-1.17
-3.03
5.99
-77.07
9.55
-2.19
-10.12
18.47
-40.58
-16.09
-12.01
