-200.82
0.28
-9.39
35.65
17.84
7.71
16.22
7.17
3.29
-208.14
-30.93
1.12
8.54
-13.09
-1.33
-157.42
-40.45
-15.34
0.55
21.52
-1.64
35.52
-27.11
-6.04
-69.82
37.84
7.53
29.95
-16.03
-63.88
28.99
-135.63
31.11
13.15
44.35
43.92
70.39
4.35
69.05
-0.58
-28.61
10.14
-4.88
33.2
-36.52
-95.07
-63.56
-29.87
-2.92
-79.05
-66.93
-24.41
11.31
-6.82
10.02
-3.29
-87.06
-43.52
18.36
35.2
-0.01
-2.74
9.64
31.61
-13.6
14.5
31.77
10.1
19.14
0.75
-21.43
8.87
-13.1
10.94
-7.58
-7.21
-87.84
14.02
-2.15
44.25
-22.13
-9.26
-70.3
8.04
4.16
3.32
45.85
47.45
10.43
-56.83
28.03
3.91
54.84
-2.4
23.57
9.93
-6.44
-3.59
-46.59
8.45
-0.88
-16.62
-7.5
15.74
13.56
-15.39
21.16
3.94
5.41
-129.38
-21.02
-88.07
102.72
-0.73
-97.14
4.85
54.55
27.31
-7.89
-369.59
-44.35
4.55
0.32
-18.76
-13.51
-7.76
42.09
-3.27
-23.37
-40.78
-50.19
55.46
29.17
-92.14
1.4
29.23
50.72
35.08
-27.73
-3.4
-33.79
18.74
16.01
31.62
-6.46
-56.27
7.22
-83.03
24.94
25.28
-160.87
-147.9
15.5
-12.11
14.47
-10.9
11.37
52.28
124.3
-104.64
-5.27
34.34
16.39
21.23
9.14
6.63
-4.68
20.14
9.58
-59.1
7.48
-12.59
88.95
-12.07
33.18
-18.02
-13.24
12.98
45.51
-119.14
8.72
110.96
38.77
-0.94
-49.78
-78.36
-88.54
-5.5
-49.34
68.23
22.24
129.32
47.61
-14.87
0.3
13.77
-3.13
-43.47
2.42
-4.32
34.25
-29.62
30.88
26.11
80.41
59.28
-143.37
3.81
24.16
-42.59
5.84
-3.16
105.82
8.03
-11.57
-0.36
54.57
-28.06
30.61
-30.85
21.96
-21.16
-64.1
12.39
-8.19
-12.11
-8.89
16.5
-11.89
-25.88
13.23
42.14
-23.89
-15.45
7.3
-54.53
8.91
7.9
8.58
-9.2
11.28
-7.34
22.44
45.24
1.3
14.44
-26.24
0.86
14.02
-19.59
-43.38
-4.93
-10.24
-5.25
2.56
-13.72
-3.47
2.11
9.34
-5.57
-82.88
12.24
54.78
-0.79
1.05
27.9
10.26
-63.41
-2.85
18.76
89.74
-36.53
35.3
61.3
22
-34.52
0.53
-14.42
-10.12
-126.87
24.06
12.6
39.89
-36.92
-67.65
-13.66
-46.2
-4.36
51.92
-34.73
44.95
3.82
-21.37
-16.64
8.17
7.21
-62.29
113.88
-37.71
1.87
1.81
-11.85
45.46
0.61
9.3
4.32
40.39
-12.38
53.95
10.07
13.27
13.43
-17.71
42.34
6.43
-92.38
45.61
-2.99
103.8
-6.39
1.45
0.15
16.89
-43.54
39.85
65.28
32.1
-79.38
-68.53
9.32
72.81
20.35
0.62
-6.87
41.05
10.81
40.58
6.06
4.29
-10.39
5.85
8.09
35.19
86.82
-14.35
-8.55
36.25
7.46
0.85
-3.42
-8.94
-6.67
17.04
-19.28
35.6
-10.04
12.22
74.89
8.84
3.14
-30.64
-40.14
-5.29
68.88
-33.93
-41.01
-5.69
23.06
31.08
24.9
0.67
7.96
-81.34
-0.66
-9.14
55.82
4.57
1.54
16.37
8.53
-10.22
-21.75
-49.98
3.86
67.58
-32.2
-70.78
-26.16
69.29
-9.98
16.25
9.14
-53.84
4.44
-19.98
-13.86
5.56
3.26
-8.69
1.51
-28.48
-41.31
26.38
5.41
-11.36
0.28
-50.01
3.56
39.81
15.22
29.04
20.33
42.38
-44.36
-18.07
-12.75
-0.47
-1.72
-63.43
-13.64
-3.29
26.88
115.42
-9.02
-9.25
140.95
-97.61
48.7
10.89
10.09
0.31
-18.98
-11.36
61.35
2.43
1.52
6.71
-78.95
6.82
30.31
-57.97
2.31
7.38
-36.91
27.45
50.82
47.76
-54.37
0.37
24.44
-0.67
-1.08
-66.59
3.32
-18.54
-13.31
-0.72
1.12
-3.62
-0.06
122.86
39.37
-4.1
-7.29
47.22
-64.38
48.5
-109.12
-121.43
18.84
11.65
5.59
-125.16
-22.14
-0.7
-4.9
5.31
23.69
35.09
3.72
41.5
32.21
-5.6
9.01
-8.44
-41.17
27.32
-3.09
44.74
7.33
115.46
78.02
-9.58
17.01
-123.17
7.98
-5.9
10.87
6.04
4.74
-1.66
-12.26
23.3
13.14
-11.46
-1.04
-56.88
-21.16
-66.07
-24.6
-1.46
138.11
-6.61
8.87
20.98
-16.9
57.35
-4.94
-30.94
-121.24
50.38
-30.55
6.85
-22.2
49.67
-59.27
-15.25
-31.36
18.9
13.06
-6.72
7.82
-105.63
28.24
19.83
9.27
6.26
8.18
-71.09
10.09
24.73
-105.39
-2.13
-36.64
-54.18
-43.16
26.25
15.03
-4.37
-51.4
21.45
-17.11
-15.34
136.19
6.65
50.25
-22.37
-40.05
59.77
19.85
-49.82
24.2
7.01
-170.26
-40.77
-45.94
11.48
5.33
16.86
-1.1
58.07
0.29
58.45
-10.38
14.84
44.62
-14.36
43.64
11.53
54.4
24.1
-23.29
12.45
-3.77
-94.26
-38.74
-9.68
38.38
-1.48
-120.72
8.12
-180.97
-5.92
-120.39
12.77
9.74
-112.01
-13.52
-13.78
-44.86
5.26
-22.05
61.58
-17.39
-31.99
-61.91
-40.62
2.45
-27.12
-11.89
7.69
4.95
-6.49
91.93
2.17
3.96
7.37
-68.94
-5.71
134.62
10.14
-30.74
10.58
13.1
-5.14
-52.52
37.93
37.43
-126.56
-25.83
-7.66
12.14
83.38
-12.33
-158.27
29.97
-10.7
16.61
-19.56
-11.44
11.64
-5.99
-3.73
-198.53
3.14
58.11
-6.02
1.57
-7.42
8.73
-11.55
43.77
-156.53
-12.08
14.37
5.74
0.15
12.25
1.31
-151.97
39.58
3.97
19.23
1.63
14.75
22.28
-2.19
-44.41
-14.22
20.62
0.22
15.6
1.18
12.31
65.3
8.86
24.48
8.42
-10.9
20.34
-8.62
-1.13
-18.88
115.99
-70.72
9.31
-8.82
-29.43
10.93
-77.32
-2.7
23.09
3.87
0.11
-7.18
-12.37
8.01
-2.47
-1.81
-36.78
10.16
-0.47
7.9
-56.57
43.42
14.05
7.47
17.74
9.75
59.94
15.94
-38.95
-34.68
-25.52
-2.86
-18.8
-60.61
5.86
43.99
20.82
-1.21
7.54
-11.5
-8.34
8.77
-56.01
-9.33
-3.7
-4.7
42.2
-23.64
-3.03
164.58
9.09
-22.36
-30.23
93.62
31.94
-4.57
49.33
-87.18
0.39
25.64
27.24
-9.3
37.96
-5.36
-8.69
10.9
2.1
6.28
-13.04
-114.64
-53.67
-3.73
13.44
15.61
28.06
26.82
4.89
25.35
-27.13
7.75
272.45
-18.66
36.08
-1.25
-21.6
8.94
12.31
2.64
-282.97
23.28
37.09
4.63
8.08
4.54
-81.76
106.94
12.05
11.97
14.55
-2.6
-48.77
-45.36
-8.14
-16.92
-6.82
-1.88
-9.68
30.64
73.21
-3.47
60.92
9.14
-85.43
13.06
6.97
-21.55
9.64
-6.64
4.67
-118.39
12.17
9.98
-5.47
11.73
-83.81
-44.66
32.26
37.27
-26.78
-8.53
2.59
-2.95
9.12
-9.41
5.53
-17.67
-109.64
2.75
-3.48
-8.26
1.68
-4.83
-4.88
-68.42
-6.51
29.25
5.45
18.05
-36.41
1.05
-44.51
34.09
24.55
9.53
-8.15
-7.37
27.87
-23.02
-9.75
9.01
1.83
-17.39
36.81
42.51
-31.51
2.9
-16.64
45.89
0.43
19
18.66
-4.03
-29.38
2.5
-1.73
-0.66
-28.31
33.48
-9.45
53.94
7.82
-14.52
-0.06
-10.42
4.87
-106.31
11.19
-0.94
10.47
-22.64
-9.85
6.9
-96.38
25.09
12.78
-88.71
-7.97
39.16
-6.86
13.43
38.94
41.58
-11.37
27.34
-17.55
67.64
-58.46
7.16
-10.98
12.69
-6.14
8.48
18.21
-1.32
156.9
-100.5
-11.9
-8.32
45.2
-78.98
0.98
3.17
6.67
-10.8
15.9
74.32
13.91
16.16
1.73
3.43
-35.23
-6.36
-5.82
55.16
6.92
-19.5
-25.68
-12.29
3.93
145.63
-9.15
164.05
-86.68
230.56
-7.54
16.89
-22.92
-34.21
18.29
-6.42
60.19
-78.48
-5.57
-76.58
6.38
-180.26
31.33
30.4
4.29
-35.4
-4.46
10.32
2.22
-30.94
-65.92
-16.05
-49.91
-79.47
41.34
18.01
5.49
-100.63
0.04
5.29
-127.71
39.36
8.85
21.19
-6.81
-16.49
-7.82
-2.23
27.6
-23.33
84.05
-6.02
-58.76
-97.77
8.9
1.82
9.94
107.09
77.05
57.68
44.42
11.96
16.35
4.43
6.56
51.65
-4.32
-14.27
-2.84
8.45
-17.95
21.64
106.51
-3.03
1.24
-285.99
2.75
63.41
5.11
9.09
14.94
-5.25
47.66
-7.53
40.45
-16.67
-8.78
8.51
-6.13
23.43
-22.98
12.94
11.78
46.76
-19.62
9.41
-9.59
38.16
-37.56
47.8
-13.4
50.69
14.3
7.27
-24.86
19.16
3.54
