18.41
7.47
0.89
0.1
70.17
-13.72
-80.28
6.89
-7.28
4.9
-3.07
-26.41
-90.1
-2.32
26.23
14.41
-23.88
-16.28
-3.82
-18.82
-86.62
-4.52
-1.8
16.43
3.11
-10.15
-10.01
12.52
-4.17
-22.01
45.66
4.69
5.66
5.92
25.16
3.97
-22.93
8.22
4.44
9.44
-2.9
17.67
-5.72
-44.76
-42.71
43.71
-6.27
3.78
-14.58
3.59
89.33
-6.43
57.39
-53.85
-27.41
-46.24
-76.68
-24.36
-7.82
23.62
32.45
10.36
12.1
-8.91
-6.52
0.06
11.96
49.04
-249.77
-3.74
-8.32
45.52
7.05
16.73
43.01
-117.17
91.48
-42.18
-20.33
34.84
-0.54
-11.11
70.02
5.86
-37.58
-9.83
70.6
-6.57
1.48
-5.26
28.74
28.12
-4.99
79.13
29.79
1.02
-9.02
120.24
-4.66
7.72
-67.72
0.58
-17.44
5.75
7.27
-0.39
-21.64
14.23
44.32
-7.94
-51.19
23.84
-25.67
-21.71
-2
-84.35
-10.05
-1.14
0.21
-21.07
26.7
2.66
32.66
2.85
1.4
70.69
5.06
16.89
4.66
82.03
7.32
-8.85
-35.79
-9.02
-36.5
29.35
13.63
28.5
-1.33
78.37
-13.81
-8.85
38.5
-42.48
62.06
-3.73
8.66
-8.8
-33.69
-43.37
-8.49
-75.69
33.53
0.53
6.31
-2.83
-48.06
-6.68
-61.06
-10.92
-17.93
75.44
-8.15
8.36
2.47
-4.82
3.81
14.08
0.92
19.35
-4.08
-28.4
48.5
-36.11
58.75
56.14
-46.73
-142.52
8.69
43.37
145.23
-11.95
-36.86
3.88
18.3
-28.43
23.55
-17.89
42.78
19.02
-47.32
113.11
24.2
15.85
-112.48
138.89
2.44
-7.58
21.34
7.16
-11.29
-1.59
9.73
20.84
0.28
-11.63
0.8
-103.74
-9.31
43.33
58.26
-10.77
-3.5
37.2
3.09
-7.4
-36.77
-10.09
-3.81
-50.47
14.7
43.27
-15.44
18.71
63.21
31.58
6.14
-47.86
114.92
-39.93
0.69
-8.21
-20.31
-1.61
4.82
19.02
98.09
-53.25
-1.58
5.14
-6.08
-48.95
41.59
-85.04
55.28
17.92
5.35
47.81
-1.89
-21.97
6.24
-14.17
7.35
7.88
-4.94
-1.18
67.45
-5.51
14.59
7.45
83.94
-16.68
9.55
4.18
-8.34
12.59
-34.42
-45.37
-15.47
26.79
30.59
-60.49
21.27
20.83
134.88
-16.7
30.79
-152.21
-73.26
-26.26
15.29
-16.16
-4.81
8.91
20.83
0.18
10.87
4.64
17.91
-5.51
-8.35
-34.04
7.37
-14.55
-57.05
33.34
-153.37
-7.55
-13.63
-32.54
0.26
-61.75
132.09
6.82
-20.57
-23.7
-8.09
-12.51
2.78
-15.68
12.12
-177.93
10.6
15.32
9.13
10.19
26.65
-4.75
-15.23
-22.49
19.33
-23.61
-18.32
-82.81
-7.65
31.16
-74.55
-75.59
29.11
0.77
3.61
-6.59
-42.21
102.19
8.31
-3.83
36.83
2.64
11.38
-11.15
-41.6
-5.26
120.16
-31.64
7.96
-86.43
-52.07
44.41
13.77
10.87
36.56
-30.28
-3
10.63
4.35
-155.08
-27.44
6.92
-1.88
11.26
-58.68
-270.14
-27.81
-111.15
-74.93
85.01
-117.56
11.64
20.1
-130.26
68.33
-13.89
-4.08
-6.82
3.73
6.54
13.99
6.71
-42.99
7.62
-8.95
14.21
-35.04
3.51
1.93
14.52
-59.07
12.07
-8.38
-13.2
3.82
-21.44
-9.29
-10.68
19.01
8.66
18.15
9.91
12.91
74.81
24.63
0.94
18.98
-14.96
37.52
-6.36
-5.6
-56.15
57.08
-182.19
5.76
90.53
-76.1
-3.21
25.73
4.64
61.67
21.76
-5.91
-4.02
-10.24
-53.91
32
41.19
-61.56
10.13
54.9
-15.66
44.2
-46.61
4.28
22.31
-25.78
17.5
78.59
168.85
-6.28
-23.2
2.78
8.57
-7.31
-48.73
17
18.23
8.85
-56.18
-50.98
8.87
48.73
151.16
27.2
-0.21
-45.6
-64.3
3.09
25.03
25.7
80.46
-10.25
-77.03
10.9
-59.01
9.67
-19.44
6.88
-2.4
-51.05
-4.71
-10.16
72.69
15.53
-19.98
-7.43
6.07
60.89
8.92
-22.74
4.91
-6.46
78.26
-6
-78.15
0.12
-9.04
-7.47
-1.08
-12.43
-100.2
-290.1
-8.31
-21.65
-4.01
-4.97
0.46
-4.63
-41.43
35.54
179.05
-7.36
45.75
-2.77
-11.85
39.59
-11.91
60.24
42.25
-11.58
14.37
-51.06
-16.87
72.29
21.6
21.98
-4.3
-14.76
24.65
-5.52
-14.97
13.92
-5.74
-1.55
-89.51
18
-149.28
53.85
-84.33
-160.82
-10.59
-55.77
10.69
13.68
8.94
-3.18
-221.06
-4.74
3.33
-12.55
-8.83
-37.59
-159.9
-10.15
-143.1
-52.77
-32.43
16.96
-6.07
11.47
11.49
4
-8.06
-141.42
-74.88
17.06
-7.17
37.5
102.29
33.5
-4.76
85.97
-7.55
-10.71
33.91
47.74
-9.28
9.79
-19.51
4.36
-48.87
14.98
1.1
-212.99
0.19
-84.27
12.66
-16.15
-136.36
-6.85
10.54
43.57
24.81
29.94
2.98
16.71
39.41
-0.75
15.29
10.72
5.95
12.68
-90.73
34.1
37.39
15.53
15.29
31.96
-63.6
55.82
7.54
33.26
-16.54
11.84
9.9
37.68
11.18
0.78
-38.97
55.48
61.13
-13.59
-29.83
-72.13
-69.85
-1.47
15.13
41.34
11.82
-41.84
-63.04
-8.88
-21.1
-14.63
131.29
-11.74
98.04
-15.29
12.67
21.32
4.39
-40.07
-29.22
38.88
53.48
-9.83
9.94
-7.94
-101.69
-79.91
4.03
-22.42
-47.67
-20.76
19.48
11.63
-66.47
31.41
-68.03
-4.47
-26.73
21.15
42.73
62.44
13.14
8.01
-2.02
-1.84
-5.54
14.71
-8.11
-21.55
49.7
11.72
0.49
27.08
2.36
-44.23
-9.37
6.42
-1.22
-6.83
4.71
-2.26
223.21
43.41
-13.96
6.8
-47.34
-9.06
-14.45
-6.75
-13.96
9.44
-5.77
-113.24
4.85
-6.65
-12.69
-9.88
-27.8
2.23
39.08
-24.84
-27.57
-2.73
7.15
67.77
28.65
83.75
60.46
0.89
1.46
9.11
1.97
-57.72
2.89
9.48
-60.87
-84.81
6.11
54.22
-3.49
3.72
20.63
3.82
41.27
5.75
23.52
36.83
16.97
65.34
2.85
39.59
-16.62
-9.58
18.99
9.61
-6.27
-15.03
25.21
41.07
-8.18
-1.77
-3.59
4.57
-2.93
-21.27
2.8
2.97
-166.08
-9.54
4.58
-8.01
-91.51
-28.48
-3.35
-52
-7.33
-149.57
-1.54
-15.81
-6.04
-7.43
32.64
-55
50.03
0.22
62.45
4.97
83.25
7.7
30.29
-13.63
-27.03
31.56
64.41
-193.84
-29.26
-117.59
39.03
10.93
25.47
13.37
5.36
-27.4
2.66
-3.44
8.53
-40.11
-175.91
-5.35
-22.87
-6.79
49.78
-0.73
-10.63
7.25
26.51
109.03
-57.85
40.8
-7.4
0.37
13.94
39.99
-8.32
11.48
-49.63
-2.53
61.24
-24.85
14.04
12.67
72.02
-27.57
-23.96
20.85
92.53
-15.4
-83.19
12.98
-1.44
9.56
-52.61
24.23
4.46
8.9
-117.95
15.24
7.89
21.52
-14.06
-74.68
-19.69
-50.6
1.87
-16.45
67.85
51.36
71.8
-1.05
1.03
-31.84
3.86
-45.41
-42.5
14.43
-4.12
6.87
-2.57
24.86
-2.11
22.48
-30.7
-12.68
4.2
-1.02
-260.99
-53.13
11.22
-37.19
-5.82
3.72
-33.51
-34.06
-37.76
9.33
21.6
-2.99
-4.16
12
11.09
-26.96
71.39
-50.85
89.88
93.26
-89.88
45.85
61.41
9.94
-13.63
-4.57
-21.07
-27.28
-94.28
13.09
-94.83
-5.21
1.21
-7.27
5.93
-21.29
-37.6
22.65
16.71
-40.07
-62.42
-2.43
-55.44
-7.9
-1.82
-44.45
-6.15
42.31
-38.8
-54.74
-4.4
-7.61
-0.37
5.14
25.9
-3.01
-8.63
132
-0.21
7.12
-10.56
-12.59
-50.46
44.79
-80.17
-61.79
9.86
47.88
8.81
-58.21
-4.06
-98.73
-6.16
-3.61
62.91
-7.31
11.93
-10.08
-90.13
-37.16
1.36
-140.85
90.35
59.99
15.47
-19.74
-24.2
85.85
19.57
-0.43
-3.59
62.4
61.8
-1.25
-38.48
11.8
23.86
123.56
5.74
-83.38
-5.15
37
0.12
-74.98
-19.6
-0.32
-0.96
2.6
-3.57
-42.68
6.92
3.74
40.61
-119.07
-26.33
11.64
0.35
64.87
6.01
-75.45
-11.44
-3.17
-14.23
48.05
-61.13
-72.77
-81.02
-40.06
-7.31
31.14
5.27
24.63
48.71
7.36
13.67
-62.95
30.7
1.8
-86.3
13.22
-9.06
-8.28
90.6
9.57
69.41
-7.41
-15.39
2.53
3.93
-9.42
68.25
19.96
-24.9
-3.29
-2.45
-6.37
28.9
1.3
43.8
-11.79
82.17
231.62
-12.5
3.35
49.74
11.19
6.44
-10.78
15.23
-6.94
-11.31
-12.38
14.59
82.48
-1.41
-51.87
12.49
-37.45
-2.29
