-36.28
0.45
17.71
85.05
-5.96
-54.18
-17.41
-13.91
7.19
-7.31
23.86
17.76
-96.36
-28.3
8.21
-16.06
155.83
-1.47
-84.23
-162.15
-13.62
9.47
11.27
22.05
65.52
73.62
-11.65
15.74
25.84
-11.67
12.58
-5.62
12.32
-8.74
6.76
-28.34
-164.74
-24.86
50.33
-2.14
8.9
-20.06
-14.63
43.91
-6.24
14.42
6.75
-13.65
20.95
89.18
-10.63
-139.44
33.27
139.62
0.91
-81.65
-91.83
5.42
54.8
-65.81
-11.23
47.55
93.64
-15.68
-1.21
-7.13
3.54
12
-10.29
-92.2
34.52
-181.87
9.02
-22.18
-53.52
-123.36
30.92
-11.39
80.78
8.52
-0.86
4.17
68.19
0.09
73.31
-167.63
2.09
-30.09
10.99
-46
-3.49
-34.73
-12.97
-21.45
-12.11
7.41
-88.81
90.35
4.53
5.57
4.06
-20.22
246.55
68.85
-15.02
7.54
2.85
-7.32
16.65
-16.32
-3.5
-110.93
34.52
21
-18.06
-42.86
-50.86
-2.02
-9.06
-8.44
-12.56
69.29
-10.3
7.36
-34.8
-135.92
20.4
-15.66
-21.32
20.78
5.78
64.79
22.98
-115.1
4.74
-19.45
-3.01
46.25
85.03
-2.57
-5.5
-48.16
-2.04
-198.75
-4.5
13.93
-6.9
33.89
-190.13
-13.85
-37.27
-92.33
-0.09
69.19
10.51
-113.89
-56.6
-49.84
48.11
-76.5
10.35
14.85
134.16
2.76
-11.65
-6.59
0.41
57.67
16.04
-2.32
-8.04
48.33
-64.27
-4.11
-5.46
-42.76
-10.04
-2.97
30.96
9.04
-25.29
-31.68
-15.69
-9.96
-52.66
11.17
53.99
15.11
56.17
-52.47
-14.31
52.97
-6.31
10.55
52.01
-29
130.59
-6.54
-7.6
5.36
16.45
-77
-82.15
32.15
-6.78
-40.86
53.97
-5.73
-46.02
0.34
34.13
-3.27
34.05
-38.44
8.06
-40.21
-109.95
-36.74
-8.57
-1.28
-6.1
11.81
-3.33
-12.62
-12.64
-42.52
-2.57
-129.1
7.94
-3.25
-0.76
11
-6.82
26.77
-162.46
16.63
-9.13
65.06
-115.02
42.51
5.2
7.34
31.94
99.33
-43.07
-18.99
-24.78
16.92
-36.03
35.6
-8.83
33.95
8.24
1.7
10.75
-6.96
8.02
-14.97
-9.72
0.37
12.81
-0.34
-4.87
13.04
14.63
-115.68
-23.19
10.58
-7.79
38.13
-3
41.14
9.07
-103.25
-18.68
2.01
-69.73
34.65
-31.29
-5.75
4.54
13.33
0.12
69.67
-51.81
5.6
48.42
11.81
2.93
-5.42
-10.22
-86.21
-5.8
-25.28
92.75
164.08
4.97
-7.43
18
30.96
-11.94
34.09
-5.07
-3.01
-36.92
129.5
-8.38
8.95
50.88
-0.1
15.41
-8.43
133.57
34.98
-18.5
-5.3
23.02
49.93
19.03
32.25
-70.33
-0.45
0.95
-30.79
-64.13
-59.24
-51.22
-54.94
16.39
22.6
29.1
7.65
-30.55
-98.71
57.97
13.34
7.84
-11.28
180.82
-1.92
14.85
17.7
-73.66
-56.93
1.89
-5.99
-109.12
-44.86
44.58
12.66
9.28
-99.71
-3.89
-3.48
30.97
-6.35
-87.32
-19.51
-92.53
6
55.68
-3.09
-101.97
1.15
85.09
-12.19
46.58
32.97
137.28
-6.69
29.82
-5.03
13.02
2.16
13.96
15.81
37.01
-154.08
6.21
6.25
46.25
-101.11
67.71
-23.92
-3.57
4.64
33.19
12.25
2.56
-21.36
24.52
7.08
-10.59
24.9
-3.85
5.11
28.93
-2.04
2.68
0.29
-19.22
35.29
37.22
-25.49
-42.98
75.33
10.8
32.64
-43.48
-6.87
-14.7
12.07
7.37
44.7
-5.18
-16
8.54
-24.88
-4.71
-72.39
-0.12
173.88
-0.22
4.22
15.54
-4.03
-4.15
14.96
31.04
36.69
70.9
-23.49
10.85
-6.66
-5.99
-6
-11.02
-4.1
1.63
6.17
10.85
-10.98
4.57
52.52
-58.66
-58.83
-6.88
-161.2
28.43
-14.95
34.3
12.68
37.21
218.39
-8.12
-88.27
-6.14
8.01
70.96
-81.12
-88.41
-94.15
8.3
-29.07
-39.41
63.65
6.72
-1.3
13.71
76.4
88.47
4.48
-6.2
13.49
-1.63
-31.43
-5.48
42.47
64.81
73.63
1.82
53.68
25
-17.63
-4.75
2.27
-60.84
25.9
36.58
53.43
23.57
-7.6
-48.49
1.7
49.89
0.22
62.27
3.08
6.89
14.42
8.22
18.92
-1.17
-12.24
-5.34
2.89
5.71
-80.45
-2.5
-21.83
2.26
67.98
-14.56
9.83
76.27
12.92
-30.32
14.72
-0.94
-142.69
-5.54
29.42
-34.59
32.13
-12.72
12.8
26.07
-3.84
6.76
-49.85
16.18
136.49
3.94
-2.17
-12.79
61.01
-58.07
-105.86
-10.55
-18.9
28.36
-54.71
-33.45
-1.21
96.02
-56.87
-16.21
3.09
-88.14
36.45
40.48
10.67
3.44
-38.35
32.66
0.47
-11.26
3.16
-4.97
96.48
38.9
0.61
-121.24
-84.56
4.14
-37.31
48.03
-9.39
-13.41
111.05
-48.63
38.29
59.43
-26.67
-13.76
-10.9
-12.48
-123.4
-6.85
3.44
-20.56
27.56
21.29
-184.15
-9.4
8.02
-12.53
-6.08
12.73
10.01
17.52
-6.53
-0.78
82.78
-6.49
1.71
79.79
-7.92
8.27
-81.38
47.69
-4.94
-110.96
74.56
64.87
-6.27
6.49
20.5
19.32
-33.88
-11.45
-64.67
-10.78
-0.72
14.96
7.92
-33.37
111.83
2.97
-74.54
-13.07
-108.32
-60.29
8.8
-51.87
25.78
12.36
-8.27
-47.96
-8.08
-98.59
11.41
-23.96
-12.24
-0.03
-76.98
-25.94
-76.99
-0.76
-6.33
-74.94
60.04
-1.43
3.36
-140.69
16.81
10.79
-53.61
-101.46
34.26
29.94
-5.95
-10.48
18.09
-351.1
14.01
-1.66
-39
-34.81
25.12
15.42
9.04
-171.64
21.87
-29.39
-13.8
23.09
-15.64
25.31
-3.43
4.59
26.18
44.06
4.53
2.33
0.61
1.44
105.68
-3.46
-8.81
3.19
-185.02
-5.37
104.82
-74.32
-47.66
27.55
-294.86
121.88
7.64
-3.83
67.58
-9.61
68.83
5.76
-17.76
77.5
102.52
10.04
-53.11
-22.13
-82.52
-1.88
-1.54
3.63
5.3
-284.33
-143.89
-8.9
134.76
-70.9
-21.59
33.26
-11.34
-2.51
-54.38
-17.42
18.23
-332.97
33.76
1.65
9.64
19.58
9.32
9.04
65.03
69.45
54.64
-24.6
2.15
10.77
-6.69
27.69
9.59
-47.92
9.47
37.33
-6.83
-35.13
-4.31
7.61
-19.57
16.92
8.03
-2.75
-21.1
9.39
3.74
-20.41
62.86
-16.34
-100.36
51.57
-60.52
-61.92
31.15
-56.25
0.53
66.15
-5.84
-6.84
58.33
-2.33
5.56
-70.13
-53.78
15.56
7.97
-7.03
-72.29
-152.51
-54.27
6.02
-57.76
10.61
37.17
14.54
-25.15
51.25
20.43
62.44
-4.49
96.58
-2.35
0.45
-22.47
-95.19
-9.79
-32.84
84.54
-32.62
-39.62
-12.12
-6.61
-5.57
6.55
-28.08
51.83
153.44
3.97
36.71
-11.38
-36.5
9.45
0.28
37.82
38.57
-2.37
-12.61
-31.46
-13.42
-8.75
-3.74
1.15
-1
1.34
77.94
7.59
-39.3
6.14
25.22
32.92
-92.34
-15.08
-15.54
42.33
42.24
53.68
-10.63
-13.36
-9.72
23.13
-2.96
-39.57
27.54
26.55
20.88
23.66
-1.01
6.7
-4.44
12.59
-0.51
-10.46
-17.63
46.25
-96.84
-0.86
44.21
-9.94
22.22
-27.01
38.71
-39.09
-4.22
-50.77
-72.08
-60.87
1.52
-69.32
-19.3
45.53
39.54
8.64
4.34
-70.03
44.28
68.92
0.91
-29.34
-9.42
-26.94
58.86
49.2
-38.79
-123.54
-37.75
2.02
200.47
-3.12
-8.84
-12.12
40.66
-3.22
5.12
16.3
-1.14
-8.35
-3.82
-41.28
-11.01
-9.66
-28.02
1.25
-1.41
-14.63
8.52
83.22
-19.99
-13.16
-10.66
-5.52
28.69
-67.4
-12.92
5.93
-31.96
14.16
-7.5
2.07
7.61
54.26
2.61
45.36
-38.3
30.4
-4.57
7.96
9.99
41.71
-60.71
-19.1
-0.08
6.31
-17.26
-4.74
35.25
-271.48
13.21
9.73
-69.52
11.41
10.63
5.37
-4.6
14.38
62.66
9.37
10.47
10.98
17.3
-107.71
-3.66
14.25
10.11
2.24
24.29
42.91
-9
-11.41
-11.47
-14.71
33.53
1.16
48.44
-65.38
7.53
7.69
-5.85
8.54
-18.25
-35.69
-62.78
-77.35
36.2
37.13
-52.6
9.57
49.47
23.47
26.96
30.45
6.76
40.62
-55.32
-8.44
7.41
9.62
-1.29
72.62
-30
-15.77
28.04
-32.96
-32.6
-20.9
-0.32
-9.83
31.51
-35.51
6.87
67.78
-9.52
-149.04
-29.69
-8.43
-27.04
5.55
-170
-18.68
144.52
-3.14
-162.27
9.93
-39.8
-8.07
-10.67
50.82
13.91
30.32
1.62
-14.4
0.18
-230.09
-74.96
-9.4
-34.67
16.93
12.31
2
98.05
86.55
10.2
-10.58
