5.13
7.51
-8.22
-4.18
-7.61
-40.75
56.43
-39.63
90.19
32.42
12.63
15.05
-12.06
-36.3
-3.66
14.65
-52.65
123.05
-7.78
-18.42
7.79
-93.43
20.63
-9.59
23.36
-5.4
-104.76
117.96
-1.28
7.7
51.16
12.84
27.15
-10.28
180.6
61.18
25.26
-57.64
7.16
-1.48
10.21
-81.82
43.17
-29.19
-44.63
3.08
-15.47
20.88
-11.05
-3.27
5.45
-10.07
28.19
1.82
-7.69
9.82
22.13
-33.92
-34.94
42.73
-98.16
37.42
112.87
12.17
-64.47
-5.09
6.05
-9.71
103.44
-11.39
-3.2
-7.05
-13.87
6.37
68.26
31.79
5.25
-32.38
-10.52
12.66
4.35
122.3
4.66
-16.92
-17.55
-59.07
96.4
-19.9
-47.49
44.91
40.47
-11.57
-31.58
-8.93
13.22
8.6
7.61
1.66
-1.07
4.66
-7.6
1.94
22.24
-28.29
51.65
60.88
7.74
-79.65
-29.39
37.58
-21.56
-63.72
-103.04
14.17
6.75
-4.34
11.79
-41.14
-123.42
-13.32
9.81
-2.42
1.57
83.49
7.8
11.41
-55.24
18.23
2.85
20.73
94.93
-48.14
-32.2
-145.48
-9.34
-7.27
24.45
-17.59
2.3
-31.15
10.35
-91.1
0.36
-5.16
-35.52
-8.25
-134.47
-1.3
42.06
-0.58
4.87
6.86
5.99
-1.14
-31.06
16.35
-46.63
43.8
-3.91
-38.91
102.65
-52.74
-11.54
4.1
-0.24
-82.51
42.89
125.78
88.56
2.62
-72.43
-16.95
-8.27
104.27
-5.79
-9.09
20.34
-30.98
-41.25
-64.3
118.76
14.59
40.81
-54.46
14.71
8.54
-8.67
18.76
-5.97
70.02
-0.44
-20.65
17
5.88
-67.05
8.13
2.93
-7.08
-34.12
4.52
-9.04
-10.98
-117.42
-11.21
2.99
-79.71
-13.05
-2.78
22.22
-16.93
12.61
22.8
42.62
2.71
3.87
11.17
-23.8
-12.61
-3.91
8.58
74.12
-21.45
29.09
-100.96
-30.24
-24.53
9.22
-11.15
-42.98
-10.34
7.31
14.86
-2.96
89.9
-18.19
89.87
-18.11
14.59
1.2
25.79
4.02
-87.64
-7.4
38.96
20.62
-7.7
-0.97
-11.29
23.41
67.17
84.43
11.83
-7.57
15.06
-61.83
3.51
-3.93
-26.79
11.95
4.37
-4.38
35.67
59.76
-1.16
-18.45
16.56
-4.2
-71.14
10.2
56.53
-12.58
7.39
-50.55
-0.37
102.59
-2.98
-4.07
5.62
-31.74
-14.86
21.62
-40.39
-9.61
-62.09
-88.47
-11.79
30.76
-1.39
6.9
9.27
-15.93
71.43
29.93
9.26
-8.82
37.92
87.16
41.11
114.4
-32.39
-81.99
5.04
29.67
2.12
-0.76
-15.76
1.99
44.19
8.84
69.32
-12.98
119.37
3.52
165.25
-22.69
-39.74
14.43
-14.81
-9.85
1.57
12.96
-24.39
-15.77
-3.38
-36.33
-21.69
27.78
-20.1
-36.35
-85.18
1.51
-5.12
-27.59
10.98
-11.65
-23.13
-25.88
1.4
66.43
-23.09
-4.43
-96.18
23.55
32.97
-49.31
-11.95
93.99
81.81
-302.95
4.72
-16.52
3.41
-6.17
47.38
19.93
-10.82
-67.55
-4.3
4.8
-8.09
20.34
4.62
37.16
-5.68
-17.01
-10.48
-90.03
111.57
4.81
9.04
102.09
-8.09
-135.93
49.77
-54.89
9.9
18.98
14.25
0.74
-25.89
-152.96
-143.38
194.51
-91.54
-14.77
-17.66
-14.42
-1.28
-5.64
11.57
53.42
51.81
40.95
-6.12
-36.39
98.7
26.25
28.6
-84.1
98.1
28.68
28.79
-3.44
-37.68
-21.92
1.88
-62.48
-3.25
11.19
13.35
4.48
48.98
7.93
-0.61
14.57
-0.92
24.92
-0.24
80.54
-0.06
-7.39
-44.3
-0.42
-4.45
-4.7
41.65
-14.89
55.61
-10.12
-27.09
-37.15
-80.61
-1.5
5.46
22.37
-5.23
-5.94
-6.18
-6.12
7.72
15.62
-73.59
-6.45
0.01
-4.11
-12.64
-0.67
-2.93
16.44
29.75
-43.79
70
38.61
-10.59
9.53
0.85
-28.5
-53.8
-13.89
3.05
28.22
-119.44
0.26
53.26
20.75
15.96
11.99
-61.52
16.74
93.48
-14.38
-3.11
11.11
8.41
45.88
7.77
41.95
-48.67
10.31
7.28
18.79
-10.25
1.99
-15.27
-16.62
57.72
28.78
-0.06
-1.51
-35.69
2.47
63.86
109.7
-45.24
77.97
8.75
3.21
13.28
-16.85
-91.63
0.77
29.86
-5.7
6.67
-10.29
-4.25
18.93
-4.94
136.17
15.52
-44.51
-27.39
-108.77
47.48
29.77
8.2
102.61
43.57
-6.43
-7.52
11.06
-19.48
-4.61
-3.95
-37.82
-51.53
28.69
-4.38
-20.19
4.31
3.34
80.87
4.4
13.74
-9.02
12.45
17.38
20.21
-8.23
-62.62
-42.15
4.78
5.53
9.12
-6.18
24.21
45.75
64.48
-1.68
38.63
1.97
-10.29
5.62
0.19
-1
-13.87
9.02
-10.03
-8.22
-40.35
137.99
24.09
11.32
10.49
42.3
-14.33
15.88
48.07
-3.65
101.36
46.36
22.34
162.15
16.19
38.76
-65.06
-52.51
-3.14
-16.05
-15.81
17.74
-10.6
-87.61
5.79
-4.29
9.25
9.65
-15.82
-1.91
-49.1
-20.21
-83.14
-5.81
2.37
3.89
11.44
-21.07
100.38
-9
-12.42
-1.24
50.75
13.59
10.13
1.71
-2.64
1.39
31.39
49.07
-4.61
-131.2
-49.25
-1.32
-170.76
-7.13
-116.94
-79.06
13
-8.3
-10.33
3.15
-22.17
-8.59
-29.13
11.23
149.8
8.68
-21.61
-2.71
-36.31
-9.53
-16.67
-64.22
81.48
-3.28
-1.7
49.4
-71.84
14.54
16.36
-36.02
17.51
6.7
-17.79
-19.64
37.65
0.6
-35.5
1.07
92.24
2.07
-9.93
27.6
22.99
-51.83
54.85
-76.33
8.19
67.03
-66.76
21.48
2.56
-1.1
6.45
-6.18
1.15
8.11
13.73
22.36
-4.4
-86.39
5.86
12.5
-8.82
30.1
-45.53
-68.85
11.71
-3.74
-8.91
20.31
158.17
49.29
34.5
-15.27
-6.32
-9.08
5.02
-50.56
25.77
-68.14
-9.59
-8.04
2.43
-7.79
110.68
-5.61
101.95
4.78
-8.73
9.64
-3.28
7.62
-13.06
-8.18
-1.61
7.52
6.16
-9.41
-1.66
28.85
1.56
9.53
-35.14
-68.14
31.39
9.91
5.74
115.4
-37.73
-10.02
-0.7
4.99
-17.13
87.71
6.31
-33.64
37.97
0.9
5.92
10.15
-47.1
40.88
12.93
-10.55
23.03
-23.21
30.1
10.57
-7.93
2.72
36.67
-6.45
3.95
-4.06
5.87
-66.05
-60.86
-123.7
-26.04
-11.88
-13.23
-36.55
3.27
77.39
-9.68
-78.98
10.21
15.35
7.01
16.68
53.65
12.2
19.15
-9.5
57.95
29.85
72.39
37.83
28.51
45.85
-4.62
3.48
13.5
42.83
-0.2
-12.26
7.62
24.77
-156.85
16.83
50.1
2.25
-15.63
-0.9
-65.92
-5.99
-149.67
-7.5
-10.43
6.37
-26.6
14.21
33.27
8.68
-64.34
-51.05
17.08
-2.66
59.31
-0.56
14.47
15.24
-2.67
-93.44
56.9
-13.23
8.96
8.75
68.91
-9.25
13.89
-20.43
-6.8
7.35
10.38
6.24
-10.77
7.51
-57.31
-25.52
3.02
-6.02
-74.5
14.95
17.01
-33.22
13.02
-13.79
-8.63
-4.21
-6.06
38.82
123.36
143.35
-12.54
-22.2
12.46
49.49
10.29
-210.17
-161.63
33.08
-12.57
33.61
1.22
44.17
11.9
-4.48
0.34
15.41
-43.46
-63.08
-5.18
-0.02
-16.46
-142.72
70.4
6.49
42.26
5.46
-143.34
80.32
-34.84
-101.35
-17.52
27.02
5.11
13.75
-6.31
-53.72
20.65
-8.72
-28.06
-68.13
-12.21
5.88
0.25
5.64
49.04
-18.02
54.58
-10.7
-9.92
-27.23
9.49
-5.2
-81.98
-47.96
0.84
9.72
-8.14
-58.22
1.14
-47.69
-12.55
43.16
7.89
-56.8
36.9
-18.9
14.68
-125.71
66.72
12.33
5.12
6.58
71.74
107.31
-2.7
28.47
-84.18
47.12
0.03
7.13
12.53
1
3.66
-7.01
4.37
6.62
-11.38
12.37
64.8
-42.28
-9.24
2.63
9.51
14.99
6.41
104.64
-9.83
8.24
2.68
-3.71
-3.37
1.03
98.68
1.84
-7.64
64.38
-3.22
-7.11
49.24
27.58
-62.4
6.92
10.18
7.86
-0.17
34.98
28.99
-117.83
73.11
2.28
-6.23
25.25
-6.96
-47.94
-35.06
39.74
9.9
54.09
-52.49
106.01
-5.64
-133.6
-0.3
-12.03
7.22
3.85
10.9
10.12
3.47
-19.32
1.68
12.89
0.66
-6.54
-16.51
-19.65
-3.44
15.27
47.17
-7.06
-9.18
34.64
2.02
-12.37
-1.86
12.17
82.98
-13.2
-71.73
-29.74
-53.54
-8.37
-32.85
-53.86
10.37
-31.87
-5.21
140.81
42.68
9.95
4.55
74.59
-6.41
-103.47
16.42
-1.6
-3.06
-4.16
-3.35
-2.72
-84.5
3.94
43.07
-5.98
18.97
-12.08
-6.28
-9.27
43.65
