58.04
18.17
1.73
-9.38
-6.02
67.39
-16.37
-79.95
11.37
13.38
-15.95
39.22
9.42
-15.65
31.8
19.16
-4.39
4.24
51.24
36.96
-12.41
-157.95
-25.66
29.23
-150.7
4.49
4.73
8.13
101.88
89.63
5.37
87.37
-15.62
-82.11
-5.5
-19.46
-73.91
2.13
6.79
131.87
-39.93
-12.28
6.67
-4.84
-2.39
69.09
-93.14
38.54
95.12
99.78
42.03
-10.32
-2.75
-8.02
41.01
198.26
-5.1
59.91
-10.35
-37.54
-14.34
-4.78
-3.67
-26.54
73.97
12.83
5.06
21.76
-6.64
10.09
8.38
-51.43
11.72
4.72
47.88
-4.39
-3.31
127.93
61.28
-16.3
59.84
18.9
48.59
-136.74
-8.21
-18.04
43.47
41.37
-5.15
8.78
34.21
41.72
-46.25
0.31
-4.94
-10.18
-33.35
1.14
-24.94
1.84
-8.38
36.72
-118.99
1.02
13.18
12.65
-14.39
-30.24
-11.32
-8.59
31.46
-6.37
-9.6
1.17
-14.89
9.56
-13.87
13.5
40.07
-12.01
28.21
38.59
51.98
55.15
-25.06
32.15
-13.74
-2.1
43.61
-48.61
7.01
48.44
9.55
-8.47
-7.46
-9.44
-5.75
-39.39
106.76
16.84
63.33
170.43
-7.98
6.91
21.88
46.62
-46.49
-75.25
-18.78
39.3
-4.48
-126.85
-146.97
-27.31
3.22
-29.8
-9.79
37.54
-32.29
1.48
8.49
70.66
0.96
27.49
58.73
-20.47
7.99
0.84
-1.42
-8.91
-50.89
39.64
-14.23
23.47
-17.14
40.11
-3.67
-1.15
-6.22
-12.27
2.73
53.38
52.5
1.99
4.99
62.51
20.9
9.51
9.96
-75.59
129.16
33.35
-17.28
29.39
-19.5
-168.72
-16.94
-26.95
-9.92
3.27
54.57
-6.92
-9.51
-46.23
-5.83
-7.32
-3.79
69.64
34.55
78.8
16.31
-3.32
-51.6
8.57
55.95
-9.19
6.06
8.49
22.79
13.21
-23.7
-2.14
14.08
-8.72
-7.42
-64.45
-3.8
-19.9
22.94
13.33
52.54
-3.58
1.1
89.34
-8.76
-38.19
-123.91
7.36
20.07
-34.89
2.52
-12.6
-165.75
19.62
6.29
11.79
12.22
-9
76.35
14.47
-16.89
-69.79
-3.48
4.24
-34.52
7.59
-7.49
36.55
9.37
83.28
14.86
11.4
-16.65
-54.05
-67.28
-3.43
1.7
-2.29
-85.6
15.39
12.42
39.42
18.53
14.95
-26.92
-44.48
15.56
5.34
42.92
-20.2
-30.35
-56.82
50.72
19.2
1.06
-93.18
33.71
27.3
-59.08
-158.04
33.32
-6.14
16.21
-7.85
-21.79
7.44
47.47
-96.56
0.32
-29.91
13.31
51.35
-10.03
-2.79
30.95
-3.41
-0.15
-27.87
-3.13
39.53
1.52
31.91
8.42
-33.08
-118.19
37.58
-11.79
-59.29
48.98
-63.67
4.5
-5.61
111.1
29.98
88.25
-52.97
-23.56
-18.08
34.44
-47.46
10.09
1.67
8.24
-6.32
1.15
-90.16
5.8
0.43
-72.44
10.72
56.71
-45.99
1.17
-107.5
35.36
26.53
-11.91
-25.87
-89.62
-3.43
9.27
75.08
-10.49
132.17
6.83
-6.23
22.43
-5.81
-7.17
-0.35
67.58
97.41
3.49
-23.92
14.46
-6.69
-10.85
23.4
-3.18
86.77
54.23
9.3
-2.18
-17.35
20.09
2.42
23.76
-1.41
4
-14.84
-53.97
-8.19
-22.07
13.83
-14.88
-117.78
16.06
56.65
76.66
58.4
1.81
10.08
-0.53
111.25
6.54
-7.76
3.58
0.89
3.89
8.33
65.69
-19.54
-1.33
3.74
-7.59
-21.47
20.5
-28.63
-8.57
20.16
-17.09
8.38
-67.98
-38.18
11.3
14.29
1.83
-5.72
9.39
12.85
-1.94
-1.53
36.13
75.18
50.9
-7.61
-8.58
28.52
-46.6
23.56
-12.55
-29.4
59.81
-1.35
-6.81
27.77
-15.58
-54.59
3.51
-1.11
7.82
-10.32
-10.24
0.49
42.46
-16.55
35.22
-13.31
-64.58
4.94
27.12
-4.05
-8.47
-72.05
20.09
-44.23
16.19
-39.46
7.29
-10.08
2.43
-19.2
-12.35
12.35
23.9
-3.63
-155.73
78.75
-55.42
-8.43
-81.42
10.84
6.54
-0.15
5.8
83.65
-4.96
27.87
-6.13
-174.4
-11.39
39.04
-42.31
-0.17
-75.62
-7.63
-16.04
-12.9
-94.33
50.67
-2.37
-9.79
125.53
-18.37
35.97
7.97
40.76
39.63
90.29
12.88
18.47
8.32
-10.05
-84.64
77.02
20.16
-50.62
-30.08
-1.13
24.85
11.63
-11.81
10.6
10.79
-108.4
-17.1
-9.45
7.08
66.48
11.44
-11.5
11.04
7.81
-0.53
100.39
1.53
-14.1
-11.31
8.57
-7.83
55.72
-27.33
-8.39
-3.09
36.24
1.38
-31.43
12.98
13.43
11.62
86.62
-12.66
10.16
-12.22
5.62
51.67
-27.11
4.43
9.48
-44.6
26.34
-23.17
-104.44
17.83
-40.35
-11.84
15.54
5.19
12.15
-105.9
42.13
-58.17
38.33
5.18
-23.58
-12.85
15.94
-75.73
-4.54
-13.3
-281.13
-63.5
30.95
14.68
1.09
11.28
-26.35
18.59
29.68
-14.78
48.99
-0.31
70.5
0.39
31.89
10.68
-2.31
-25.86
18.76
-0.44
38.53
9.49
2.68
128.14
42.96
-1.13
-103.04
-35.21
15.69
37.98
0.8
66.44
13.23
11.12
-11.4
45.49
26.38
-50.79
-16.97
13.41
-5.49
100.09
-1.12
-5.29
5.23
-15.27
-9.85
25.14
-6.53
3.25
-12.83
-9.47
84.73
-131.05
47.22
11.5
-10.35
9.38
8.75
-11.23
-18.55
14.52
13.93
4.93
0.38
-36.65
-4.75
8.56
-23.99
11.11
8.52
11.4
-22.54
-67.27
10.93
-21.97
12.14
-29.59
-40.18
-31.88
-11.47
-74.85
3.55
13.35
-15.88
56.86
23.03
-11.57
10.94
6.88
-34.97
1.74
24.44
-11.9
-1.83
44.34
14.42
-7.77
-18.09
-5.46
-79.35
22.18
-2.2
-27.85
2.03
-149.34
9.33
0.43
1.1
-2.82
-16.45
-28.32
-40.46
-32.91
-119.23
7.26
14.94
-15.36
9.2
7.62
64.39
29.11
0.78
-19.01
2.98
-14.69
-46.31
41.39
-59.93
-21.26
55.38
78.14
0.71
-28.54
131.47
-112.3
64.95
15.78
0.29
48.21
-24.26
-5.71
-3.38
-5.17
-46.75
16.49
26.04
43.98
-5.86
-118.88
5.39
31.26
32.19
-9.47
-105.7
-5.97
-14.17
4.6
-7.42
5.55
1.97
16.32
33.07
-0.71
43.91
26.74
12.97
5.84
-10.28
-8.52
3.74
-52.49
75.33
-15.87
32.59
40.59
-14.82
6.41
31.05
-26.36
59.87
-6.71
-23.43
0.24
9.75
16.27
-24.47
49.46
18.39
29.88
5.87
5.35
9.02
92.66
18.03
31.42
-5.64
-3.6
58.45
6.58
-31.68
12.44
52.9
-7.54
-14.48
-40.49
-33.31
-6.79
-33.08
8.82
-10.17
-45.54
-4.29
0.25
47.91
-174.04
-8.31
-14.96
-12.51
13.29
3.53
21.22
-6.31
-5.1
13.13
50.4
-13.81
-90.89
-123.14
-130.99
-0.29
2.13
15.45
-60.08
6.06
75.46
-1.68
2.54
9.53
-29.19
-23.53
-36.31
7.55
-39.22
9.5
19.39
62.16
-45.73
32.3
-10.46
-41.29
8.9
-38.82
-35.23
5.83
0.2
-90.83
1.73
30.74
-42.96
-9.01
-3.55
1.56
12.97
-0.86
3.02
2.93
-10.14
2.63
7.13
13.62
-20.72
-32.42
6.12
41.73
-12.11
4.89
7.85
-31.81
-6.92
-27.53
44.55
-2.13
31.73
12.86
-7.47
28.43
-113.7
0.89
-15.03
111.69
-24.03
-6.51
-21.35
26.9
22.25
40.18
40.73
8.51
-39.18
26.02
22.81
59.73
-95.29
-17.39
90.57
-0.28
30.25
14.38
-3.85
11.11
36.41
17.56
-53.39
4.91
21.74
21.75
-17.06
38.14
23.95
-95.15
33.89
0.62
0.94
-13.94
-26.61
3.6
28.07
-72.54
-14.96
67.48
96.34
0.62
13.11
7.02
-11.98
22.61
25.88
3.75
49.36
-10.58
11.3
-10.12
-25.23
3
-10.98
18.12
36.05
19.63
6.81
12.25
-120.86
36.47
0.87
-2.35
12.63
5.69
13.1
-19.26
-43.7
58.31
-153.82
-36.06
41.44
-39.34
13.89
-7.78
1.61
-46.27
-16.2
7.54
-1.47
-52.62
-12.43
1.42
-4
-66.44
3.63
8.79
-30.01
-5
52.38
-45.01
-31.41
-6.74
11.43
-13.09
25.1
-9.33
42.91
46.97
-5.78
-310.72
33.99
11.1
-4.12
45.63
-7.25
6.24
6.75
-0.05
-11.27
-27.38
-45.76
-8.55
37.06
-3.65
-2
13.95
-70.65
-10.82
-3.9
-129.51
8.49
-12.31
-8.29
10.81
72.66
-3.05
-6.72
-46.22
-11.1
42.4
-17.6
0.94
-124.55
6.22
-4.8
-7.27
2.01
-23.42
-8.8
-6.84
3.49
-49
-34.88
33.47
-6.5
-31.91
-9.86
-26.84
62.61
8.44
-147.05
5.68
8.2
38.68
-9.73
5.16
-7.5
-8.02
-20.16
-21.75
-25.52
