65.18
4.7
-4.32
9.13
-41.79
8.84
-5.62
6.64
2.44
-9.56
-39.97
88.92
-8.81
3.17
-10.75
-20.61
-28.89
99.74
106.71
30.83
-3.69
1.68
-10.15
30.43
25.18
45.75
5.66
26.17
-41.91
28.94
13.42
-0.06
54.95
-31.85
-13.91
-2.73
123.33
-13.8
-26.85
8.44
-13.76
-47.5
-6.34
-3.29
-10.86
-35.54
10.96
-4.55
-4.87
73.91
1.13
-8.03
-4.67
-10.99
0.95
10.93
-20.24
10.79
-8.08
-35.28
2.18
28.41
-120.9
-5.62
4.53
38.81
12.19
-7.09
94.92
-9.75
-76.55
14.88
-13.01
110.83
18.71
14.69
21.96
-38.2
-23.22
67.03
-86.59
8.01
-77.46
24.7
-2.49
2.01
8.81
128.12
4.29
7.76
9.94
1.45
-195.83
-72.81
-44.86
11.6
71.85
-1.17
-6.83
86.6
57.08
13.14
3.9
-19.17
7.47
47.19
89.54
10.87
-7.71
37.82
-99.76
8.48
-9.75
-26.95
-82.86
-30.53
14.16
-11.9
-6.41
-4.25
13.42
26.55
2.32
5.95
-38.14
-3.66
-104.58
111.69
-14.36
-9.85
-29.06
3.05
-4.92
5.86
-14.28
-8.97
-8.14
-12.53
-91.3
-26.24
15.7
-71.85
-7.5
-0.95
-0.77
-3.62
119.14
13.85
-6.93
-35.63
39.75
6.22
6.99
26.18
106.95
-23.16
-16.31
-6.26
-70.66
111.14
-11.31
-1.3
29.36
14.06
4.86
-71.65
52.21
24.73
-31.2
-2.76
-6.78
84.45
-6.36
-10.08
-92.5
-3.38
-59.98
12.96
5.43
-6.92
0.13
-1.01
-24.42
15.59
86.57
-12.52
-137.05
-16.62
-26.71
-5.74
29.28
3.45
-105.19
21.2
-6.34
-8.19
10.26
-59.44
-30.94
46.22
-110.5
6.17
0.08
-14.71
-1.32
-16.4
16.58
7.46
-53.79
-18.32
42.84
14.77
73.08
-10.33
-28.49
-33.19
-8.39
47.78
13.24
41.68
-9.76
-17.07
-60.83
71.41
-36.46
-13.19
-16.38
1.83
-12.84
-17.95
38.87
-116.69
-12.95
-7.5
17.61
69.3
-62.19
19.86
57.12
40.73
-7.46
20.2
87.86
7.23
28.87
8.59
9.23
-1.38
14.32
-23.73
40.79
-3.38
-43.54
-237.74
5.31
3.05
-1.9
-13.01
7.45
-24.48
44.93
0.63
129.61
11.34
12.28
-74.2
29.72
99.09
3.96
26.79
-20.85
-116.33
-88.08
46.13
-0.35
-26.53
2.6
34.95
15.15
-63.25
3.76
40.52
12.83
7.33
-14.43
7.19
10.52
-124.45
-1.78
6.05
-10.01
-6.12
10.12
8.25
0.82
46.16
5.49
30.38
-300.84
-32.4
33.37
78.71
41.45
-9.08
-43.55
-17.73
17.1
-44.96
-186.66
-117.56
7.88
7.78
-8.86
-59.94
5.37
4.91
-23.54
-3.53
40.3
1.07
10.9
-4.44
-3.63
-50.88
-25.55
10.14
13.63
16.16
15.58
-11.42
8.18
15.57
-9.14
47.2
-10.82
-8.02
52.99
-3.72
-35.43
1.61
-21.87
-7.17
-6.67
1.9
-55.51
33.73
-14.62
39.52
-24.08
-10.88
-17.35
11.37
-11.66
8.14
4.49
67.02
-112.68
1.6
143.42
9.6
-10.66
12.93
-10.09
7.17
-10.44
-105.2
16.15
-134.71
8.03
-6.65
-15.85
35.56
-5.8
-7.67
-12.92
-4.74
37.59
0.61
74.23
41.66
-16.68
-20.76
3.46
60.58
0.14
-1.16
-5.42
18.82
-120.6
14.35
-31.77
10.72
24.17
-2.84
4.33
7.79
2.79
3.51
7.07
31.26
110.36
-34.93
-105.11
-11.99
3.31
6.04
20.17
-52.42
-6.11
-17.71
48.31
-88.52
7.24
-2.09
-58.81
68.68
43.87
-11.29
-49.59
16.98
-31.98
-10.19
18.77
108.49
12.29
1.57
13.08
80.85
-33.93
15.57
-10.99
-13.86
-7.25
-58.35
12.15
-44.64
0.39
-14.15
-20.1
-42.17
-52.72
-186.15
54.86
5.37
-26.23
-55.2
11.25
-5.69
1.52
6.37
15.25
6.91
-1.63
13.46
-20.76
-80.98
4.02
-32.42
12.01
-0.91
-21.77
-3.41
4.19
76.91
4.8
17.82
8.43
8.93
18.36
10.32
-25.06
-159.98
12.76
12.57
-10.15
52.59
3.99
165.1
50.8
104.4
-9
101.86
16.62
12.01
-62.19
-67.82
12.62
20.11
-2.52
-10.18
-7.23
26.03
19.61
6.91
86.08
-12.76
168.27
30.28
3.25
-21.84
3.98
6.16
-10.37
116.17
8.08
3.84
11.23
-0.32
15
36.72
4.71
-113.2
-22.26
-1.31
-1.7
-121.97
6.33
5.66
8.18
5.85
-30.25
82.44
-9.28
-16.18
-23.07
-36.37
-13.6
24.4
-5.93
0.9
-23.79
-17.71
20.8
36.42
10.88
-47.4
-5.81
-112.45
-10.51
69.42
77.33
26.83
-10.45
0.96
-99.2
-7.52
-117
5.71
4.53
-1.88
74.26
-8.09
201.54
61.14
55.12
-4.67
-105.6
4.95
-89.03
38.57
18.92
-1.88
-6.56
64.85
-4.24
-0.6
81.64
-9.16
131.78
13.82
8.25
-10.56
34.03
-83.39
23.59
-37.15
-120.49
-5.97
-68.93
-29.57
73.48
18.43
-25.19
-17.25
-75.6
-6.84
64.58
2.44
153.84
39.91
-83.64
10.16
96.89
-35.35
-110.07
-8.08
-76.64
-59.04
-79.92
57.66
65.94
-36.16
5.34
-19.03
123.14
-8.55
23.31
44.53
8.96
-62.03
-9.41
-35.87
-32.06
-1.91
216.93
-8.66
8.73
-74.38
62.15
4.98
-57.98
12.81
6.42
-8.94
100.84
-6.2
0.01
-38.9
-1.65
2.4
53.33
-2.58
79.38
-5.67
-21.21
18.85
-94.32
38.59
8.86
13.97
34.45
-8.01
-101.95
-7.86
55.41
9.82
-51.36
-14.42
25.28
32.67
-10.45
-24.31
18.5
-5.63
-43.53
-8.23
-35.24
-39.86
16.99
11.37
10
17.45
-31.69
25.68
7.34
14.83
45.07
12.01
15.61
8.36
-71.47
-48.89
27.67
28.88
4.76
-111.43
63.47
-7.55
41.86
12.42
-95.63
0.81
-5.29
-6.3
30.35
9.33
12.05
-14.9
-31.65
-5.13
-0.01
34.96
-69.43
-52.97
48.71
2.63
-14.97
-0.45
45.97
-68.97
-70.49
102.57
3.34
8.83
-13.16
-74.07
66.35
-8.04
10.34
-25.35
31.87
-55.31
2.35
-137.17
7.84
-36.78
-9.04
3.8
3.93
-72.58
32.75
-15.49
17.35
38.74
14.39
-38.73
30.47
-136.18
-5.29
-5.81
6.55
-9.09
5.84
-9.56
103.13
11.65
42.47
-66.84
5.02
-3.36
-61.75
4.04
-342.23
-54.78
-4.6
-67.38
10.23
-70.82
24.63
4.18
-13.55
-14.91
-53.03
3.13
-12.21
-1.95
-22.97
7.46
-17.94
37.67
124.87
-25.84
38.73
-11.12
52.6
-3.61
-22.3
-3.98
26.94
19
118.04
84.6
-68.59
-4.45
-10.22
-9.24
-19.15
-2.29
8.39
11.21
-97.81
10.14
35.02
5.08
-0.5
-7.41
-211.43
-7.08
23.31
9.74
-5.29
-98.26
-0.97
8.48
27.11
-6.75
-45.61
-6.45
-27.77
-6.29
-9.81
49.25
4.5
38.21
17.08
9.37
9.79
-130.45
-12.84
-2.63
-94.8
8.54
6.45
77.39
10.78
-6.43
-11.11
50.47
-31.04
-4.86
-130.06
-10.35
-24.85
-0.16
24.27
-0.65
5.45
0.99
8.27
2.21
-2.17
58.82
-209.56
0.19
7.22
9.26
67.34
-8.22
8.15
12.26
94.11
-15.33
6.36
69.81
-12.94
-7.19
7.94
-15.51
-95.68
58.96
21.65
-45.61
12.07
-10.07
50.47
-21.22
7.45
7.13
-0.74
3.96
16.13
5.27
3.06
-45.05
17.76
-15.56
14.53
8.6
2.77
117.83
-42.37
0.93
46.93
42.56
2.15
6.78
31
6.79
-11.63
-1
-74.18
37.39
27.58
-31.2
-15.53
-22.65
29.32
-48.06
-67.98
-2.51
27.23
-7.13
3.09
-17.95
-9.17
-6.06
-5.02
-38.4
-45.23
1.46
0.01
0.11
59.28
9.66
-8.47
5.12
96.25
-13.1
-31.15
-30.93
14.79
-10.64
1.14
-12.31
28.02
48.77
6.05
18.76
1.42
35.1
-7.57
-137.39
-0.33
-13.58
31.39
-13.38
-16.5
8.05
-155.46
1.47
-76.81
43.92
14.52
60.07
37.3
26.61
8.99
32.32
-1.32
30.77
8.84
19.07
5.48
-58.83
41.68
17.12
-10.17
-22.8
-2.92
-0.4
4.45
9.06
29.94
3.89
10.74
6.13
45.09
42.6
-166.35
11.34
10.07
-0.1
2.53
62.38
-6.74
9.36
90.88
38.41
-30.92
-2.82
-11.53
-3.34
19.47
-11.43
-10.53
13.18
-18.12
13.34
5.76
-75.84
3.46
91.28
44.51
1.92
-5.93
-2.88
-5.37
6.67
1.62
3.48
-133.03
-6.49
-10.08
3.03
14.72
-27.1
-18.9
20.5
-2.95
36.08
-7.5
-13.71
4.81
13.43
20.9
-6.8
-1.94
17.1
54.2
23.98
-9.16
-15.26
5.1
-26.16
-6.79
-11.76
-38.64
8.41
55.13
64.76
11.37
-48.6
-114.78
-47.66
