-20.89
32.48
5.77
-20.11
-12.21
-25.88
18.45
-2.69
-25.61
4.76
-44.55
-30.21
-127.5
83.12
-9.1
-1.11
-2.38
-13.55
-7.89
59.45
5.59
5.96
154.97
56.33
0.33
-29.93
-10.88
-11.6
54.88
56.51
-117.38
-41.15
-38.08
-20.37
41.11
12.1
8.72
-6.84
-9.91
10.71
-1.29
-27.4
-1.31
0.47
3.98
0.15
-21.77
-20.96
21.01
-23.7
273.81
99.15
25.96
-133.93
101.3
-1.78
4.88
-2.93
53.04
-80.65
-36.36
-30.08
-0.14
-82.37
-7.65
7.76
-68.56
9.31
63.08
5.08
-37.34
-6.29
-76.27
25.63
6.13
-146.79
-9.34
4.92
-15.3
-27.63
58.55
9.87
77.45
-61.79
1.55
12.39
-0.82
14
-2.72
111.34
23.32
35.23
76.02
-47.15
-7.42
39.34
-26.85
-36.99
9.6
-34.48
-2.84
-1.41
4.14
-11.84
23.9
-20.33
150.05
-32.85
59.82
-38.7
3.53
2.7
1.52
-92.16
6.34
-11.91
24.34
39.03
-8.33
-17.2
-87.47
11.01
2.87
3.05
-23.79
8.34
88.55
-3.14
-60.28
-7.45
-0.62
11.49
13.23
-8.74
75.14
24.45
-5.85
-7.24
-7.21
-23.21
50.21
-2.96
-4.29
151
24.06
23.65
-26
-0.97
-55.46
4.2
51.69
-42.16
-85.03
-14.47
26.03
-14.31
-6.36
-11.8
-36.93
16.64
24.7
-22.18
42.59
-3.93
42.19
-46.26
49.19
4.94
62.76
-8.78
-0.67
8.28
18.9
21.6
16.07
3.68
73.84
4.17
119.93
-16.04
-5.67
-39.98
-19.05
46.52
-24.23
67.93
26.8
-17.94
1.4
109.02
-66.08
7.42
2.31
-11.37
5.8
-21.44
-284.21
-18.53
80.58
-1.26
46.25
1.94
-8.37
14.96
8.97
-4.14
2.45
10.57
-45.57
-24.91
7.57
-1.21
-58.72
12.6
-4.48
5.82
-10.94
-29.89
-33.71
-34.58
-29.94
-4.79
13.34
-35.73
23.86
6.56
-9.65
52.97
-15.69
12.37
6.38
-6.15
23.09
-86.82
-36.54
-25.3
-14.45
-231.12
-27.99
173.61
172.42
-65.99
-73.25
5.02
13.2
-6.81
8.67
32.48
-15.12
7.6
-90.36
40.68
5.45
101.93
52.67
14.85
27.38
70.5
45.48
-12.62
2.71
65.25
51.27
113.5
-4.92
-20.1
-5.73
-0.17
176.69
-6.42
5.44
-13.68
-13.61
8.58
-0.49
-13.36
7.37
-75.46
13.66
-5.63
-21.05
66.39
15.34
17.3
7.13
-10.64
101.09
12.26
48.06
4.58
69.59
74.57
-11.47
62.06
-11.64
-3.96
-7.84
-6.91
28.07
1.77
-67.4
7.29
-9.4
34.05
12.11
30.59
-13.08
1.95
-42.58
-7.27
19.38
-19.8
-44.11
-122.69
-13.89
-1.65
0.96
-79.33
-44.54
3.84
-11.13
2.44
-24.36
5.41
8.93
5.26
44.6
39.84
14.05
-1.73
50.34
-82.43
-12.31
17.1
-6.8
-36.6
-10.27
-25.5
-0.8
-3.15
0.92
-12.95
1.87
31.78
-51.6
-8.06
147.07
-29.91
40.06
108.01
3.94
13.28
-19.03
18.07
4.39
-16.27
-15.27
48.2
-3.3
-9.58
-5.36
8.36
-25.03
43.18
7.46
69.71
-10.82
-20.59
23.1
45.44
7.46
-5.9
-89.46
36.11
2.1
12.72
-12.63
2.69
4.68
11.13
-132.6
-15.84
-5.56
214.33
-40.8
6.98
-1.27
6.81
-8.23
15.42
-2.73
-79.09
-35.7
-52.43
6.6
-5.92
3.33
27.87
17.73
19.27
3.43
64.13
42.25
3.47
8.26
-17.62
77.16
20.82
-79.47
8.86
-1.99
-18.2
-3.22
-51.53
-6.46
-6.49
-54.28
63.52
2.43
0.97
37.94
8.2
-1.68
0.84
75.84
132.05
-10.74
10.26
-10.98
-6.03
-6.56
82.41
15.1
-286.4
71.05
-109.41
3.28
-32.99
14.7
-25.45
-0.69
7.57
4.86
3
24.2
15.34
5.35
16.53
51.84
-10.64
5.72
5.78
-58.58
0.37
-5.03
4.74
28.94
10.42
4.96
51.34
13.66
-56.75
17.5
5.77
58.28
-50.35
15.57
11.36
-3.25
5.24
74.87
-7.42
-51.96
16.22
18.1
25.08
13.64
46.42
2.56
-6.19
42.67
39.2
-2.95
2.96
-16.8
1.17
73.88
6.75
-80.42
-52.53
30.16
6.51
-25.22
-176.39
129.8
-5.76
-0.42
-6.4
-93.57
-80.52
-76.52
52.25
48
78.67
29.14
-51.2
-5.48
-64.06
6.07
-9.78
77.91
3.62
-49.57
-6.73
-33.89
-2.46
-167.14
-5.38
65.33
30.58
118.02
98.44
-38.22
-9.01
8.51
13.8
3.93
-98.15
30.64
94.22
61.15
-8.04
-33.27
-6.77
3.07
71.28
-91.62
-232.4
14.65
40.12
31.18
68.19
154.61
-30.01
-0.75
-16.09
9.05
-71.86
15.22
-4.75
8.8
23.86
-16.77
-21.02
-9.7
-9.09
54.25
-20.59
1.52
43.29
76.44
-11.65
27.37
-8.73
36.87
-6.02
10.1
-0.87
-6.14
-5.24
12.01
-90.81
-22.68
-40.86
-8.02
-51.44
-8.34
-40.29
83.55
-6.08
51.53
-6.34
43.25
-148.16
-5.23
-14.34
-33.79
-18.26
4.65
-23.75
6.62
-60.83
-11.36
5.28
-18.33
-48.86
-184.96
-7.29
-5.38
-69.26
-31
-19.26
-34.3
-0.36
-50.51
-35.61
33.78
83.81
-111.56
23.58
-57.89
33.07
9.97
22.08
-9.08
37.4
-39.6
-44.32
-7.35
-0.06
60.95
-34.13
-26.52
18.58
-3.45
171.28
2.53
3.22
34.33
26.35
1.85
246.3
12.41
-22.81
-4.98
-7.19
11.06
-4.33
-37.7
-128.98
25.06
-12.28
3.49
6.57
5.67
-88.01
-192.47
-13.91
-9.37
-103.73
40.78
-28.55
-6.08
-55.15
-7.35
32
10.83
7.07
-48.85
-38.97
-24.46
19.13
8.38
-72.09
31.62
-6.16
14.69
-30.93
-27.47
-9.72
5.7
58.07
9.67
-0.53
-0.7
-11.41
-58
8.67
0.2
-19.09
11.84
-34.07
-34.9
21.63
-1.22
-67.49
72.73
-138.25
-2.39
-3.41
10.12
66.17
6.11
-9.31
-2.7
23.64
1.23
27.63
15.32
8.72
-1.46
49.22
2.75
-19.64
171.62
-11.68
-107.29
-0.14
-11.76
12.69
5.7
11.64
1.08
26.97
-1.58
46.22
11.44
-12.21
19.41
16.39
-35.1
4.29
11.42
17.73
-8.02
-7.92
-1.58
6.08
27.44
-7.84
-11.09
-33.05
-43.44
-34.98
7.91
42.76
8.91
-0.22
42.66
-5.4
-22.26
-78.3
-71.02
-125.52
8.35
-0.53
-16.73
-25.59
17.63
-123.81
-52.38
10.81
-10.16
53.56
-76.99
7.89
9.96
-47.64
-1.51
21.09
-6.88
49.75
-11.18
-5.3
-16.2
44.81
-54.47
1.73
13.23
8.23
-0
-37.06
11.7
105.82
11.89
0.8
41.86
11.97
25.38
39.46
-11.96
15.85
19.7
44.91
41.67
-10.77
24.73
54.19
-44.12
30.62
-10.52
16
76.42
-20.6
53.16
-0.48
61.54
8.2
-3.22
-23.62
-40.91
-8.58
-7.65
41.08
-0.23
9.41
6.37
8.82
-3.22
-2.01
-82.83
8.59
-11.58
-76.71
-37.68
-6.17
-13.34
-45.88
-69.45
10.6
2.3
-6.58
12.04
-53.39
4.55
47.03
-43.21
-3.76
-21.98
25.46
-58.74
52.46
-10.83
-10.45
97.11
-19.75
-15.89
-10.93
20.2
-95.37
-49.87
14.19
47.61
-11.32
-8.01
14.43
50.5
3.65
25.83
-5.91
-2.42
108.62
-19.22
-4.32
33.25
13.75
-0.03
102.2
13.97
-8.22
-14.54
-8.39
-20.57
-15.97
-85.89
-84.1
-26.86
-2.49
3.66
-0.68
1.9
-95.77
13.57
-0.1
-20.34
17.69
60.06
-71.03
13.6
9.2
1.08
5.32
183.4
54.89
0.62
-34.17
-7.84
22.7
-2.55
6.44
6.29
32.54
8.2
44.37
-4.83
5.62
-13.95
-47.22
12.45
2.74
-1.68
0.02
-22.1
3.96
-18.44
108.83
-10.86
-9.4
8.16
-69.98
-7.96
15.24
-30.74
-119.1
78.38
-13.74
-85.29
29.04
-100.61
-2.85
3.7
9.12
-9.17
97.19
2.66
-244.9
-38.82
36.92
34.57
-2.74
10.6
6.83
139.29
6.58
32.12
-184.87
47.93
6.67
-58.76
6.82
12.73
27.28
-45.78
3.43
9.5
58.68
-4.54
8.76
10.35
8.54
23.39
6.8
61.16
0.21
6.8
-18.66
-26.29
5.36
3.05
41.13
-145.84
-10.75
9.41
-10.21
18.33
12.25
55.72
-6.13
2.72
86.56
-3.44
-40.93
11.45
7.8
46.24
-4.23
-10.69
12
-39.24
-44.02
9.5
101.61
82.02
-9.94
10.55
-115.58
-7.84
-75.42
43.59
231.44
3.99
-13.19
-5.58
-22.87
-42.9
-5.79
-38.99
19.43
2.82
-8.29
46.66
-154.44
-105.49
61.33
19.67
4.45
87.33
-12.28
6.9
20.21
-63.78
191.41
62
6.29
7.99
77.71
-116.31
-10.67
60.56
-9.45
6.7
-21.45
7.44
-46.49
