1.61
17.14
29.08
-10.33
-84.46
7.94
-36.16
-75.41
-62.37
27.84
11.38
-23.9
8.88
2.79
10.79
9.68
3.38
-42.75
-20.28
-13.18
-8.19
90.34
-57.61
22.88
-36.5
-19.57
-78.48
35.79
-197.03
-86.81
5
26.67
-59.22
16.79
48.72
-11.2
72.97
-5.05
32.3
3.67
90.76
-17.41
59
-8.82
19.21
2.21
-82.89
22.61
30.53
-4.05
-5.11
-10.42
83.26
0.15
-14.13
99.73
7.36
-7.8
-20.61
38.29
-34.18
-2.46
-1.5
-57.77
0.54
-15.01
6.14
10.65
54.89
3.51
64.58
-6.36
-7.57
30.92
-12.53
-9.45
-40.87
-98.26
7.68
-11.54
6.99
-2.83
-10.18
-11.71
-4.5
96.67
19.11
6.94
-139.07
3.48
-9.88
-5.15
0.45
56.44
36.6
-7.49
-46.79
20.96
-74.96
-11.01
104.98
128.94
-130.89
-54.64
6.12
3.66
3.95
123.43
-63.47
-33.74
-18.44
32.74
-104.33
6.3
42.27
5.72
2.77
6.45
-3.78
-43.56
-13.27
-70.73
-14.64
-49.41
9.14
-11.87
-16.16
6.06
11.75
99.54
-68.31
54.39
-3.73
-6.99
30.31
41.72
0.52
130.93
0.54
0.4
47.14
-6.33
15.99
-38.27
25.14
-32.02
-3.76
-10.41
-62.99
55.25
12.23
46.6
-43.09
-9.24
12.54
-5.3
82.98
0.82
4.35
24.44
20.4
-10.47
-7.97
-26.59
21.58
-29.08
-48.97
15.32
-5.69
10.32
24.3
11.97
-14.94
-23.32
-2.73
-98.07
-15.51
-6.03
-107.59
24.74
-55.76
-159.83
-160.34
-7.05
0.8
-59.77
-6.54
-2.05
9.47
-10.02
-12.65
11.85
-18.23
-139.27
-75.21
-41.33
-30.15
13.74
10
-152.73
-8.29
6.28
-18.44
119.53
23.66
-15.28
-0.94
-20.1
-63.73
62.91
-27.67
0.51
124.37
10.58
-30.03
5.85
-10.42
-0.98
-67.34
1.82
7.46
0.15
9.59
8.08
-70.88
54.53
-3.53
-5.84
17.33
11.29
26.26
48.02
-6.55
-3.31
15.3
1.43
-49.88
2.57
7.13
5.25
-44.77
41.37
-12.43
-48.96
-14.21
-72.03
8.31
-5.06
12.43
8.14
-6.97
44.77
22.19
25.63
69.55
-12.07
-6.07
19.98
0.79
-17.78
-17.69
4.79
10.43
58.51
-128.13
-0.58
35.15
-3.46
-13.94
15.8
27.21
-14.09
-2.41
50.33
-155.49
-21.51
-29.14
56.66
-4.35
-4.02
2.39
8.12
84.45
8.11
4.82
-15.14
-9.66
55.59
-6.95
71.9
-0.35
11.82
26.88
-26.74
163.84
8.15
-43.77
10.43
-8.78
124.96
8.41
-8.52
96.56
-15.38
-1.47
-23.04
-2.51
-24.43
30.79
-10.09
7.18
-7.42
-5.24
21.49
-12.11
9.08
4.49
-59.96
12.2
103.08
6.71
-3.21
3.52
-13.08
11.04
27.92
-0.25
38.69
-161.88
-8.14
22.09
-49.36
32.59
25.92
-11.43
-8.48
-18.99
40.46
4.23
-9.53
-4.48
34.32
10.55
-25.3
-1.93
8.07
39.94
-116.06
-32.31
75.14
11.89
9.65
11.35
28
-51.42
114.82
0.3
55.03
-93.98
12.04
63.84
-20.6
33.43
-79.6
13.48
-56.71
-7.39
0.8
-18.24
-91.86
-17.04
29.18
13.04
-41.92
-2.15
-54.1
13.51
-103.98
-25.65
-5.56
-71.41
15.38
-55.97
54.26
97.66
-7.07
-4.2
-3.68
-1.28
-9.87
2.82
-2.61
-12.69
11.61
7.99
7.96
21.75
81.34
-19.36
-2.99
7.8
-7.32
-5.14
12.7
-103.8
-21.57
4.35
139.71
23.56
52.89
10.93
7.76
-85.74
12.92
23.86
18.97
6.26
11.49
-4.63
11.1
21.81
-54.08
2.4
98.04
12.22
11.02
64.76
-23.63
9.71
-4.91
-13.41
99.54
7.45
-10.47
-20.58
35.05
46.25
-9.01
-58.43
7.74
-13.84
4.69
21.88
-54.76
13.3
8.87
99.81
-51.24
76.55
11.57
37.31
-13.29
65.92
95.7
29.98
-193.28
-10.7
47.27
-10.64
30.67
95.48
2.54
-65.7
-9.33
9.01
-0.63
-214.21
10.57
-39.22
75.21
-3.5
76.4
82.21
-11.43
88.23
-1.76
-5.71
-8.01
-21.73
-83.2
-0.26
-87.97
9.07
-7.82
-11.9
-20.32
-2.6
-7.42
146.27
-12.59
28.54
-7.84
60.83
9.08
-7.45
161.84
12.08
18.21
1.44
-1.73
-96.31
-5.97
-6.9
-4.76
43.02
-1.41
-0.07
3.53
90.14
-7.03
-11.24
9.4
-86.91
-11.34
-16.29
-25.16
10.22
-35.26
48.31
-5.49
-8.27
27.53
-34.68
215.02
-37.46
5.09
-76.82
-40.89
8.47
-64.72
11.81
24.01
45.27
-0.01
-2.6
9.27
-28.1
-17.61
-11.35
13.49
-23.9
-184.5
13.62
-12.16
-10.85
-5.86
-95.18
-6.67
84.78
63.14
8.01
-27.26
6.16
-63.08
42.48
24.1
-9.68
13.23
-11.16
22.71
36.71
-23.85
-29.67
4.57
28.43
-37.45
97.83
-7.8
-136.93
-47.08
11.53
-24.86
-55.05
10.24
-14.27
6.04
-2.54
-114.29
-9.65
12.3
1.94
10.75
-13.98
44.9
1.1
9.07
-27.45
63.91
-5.49
-13.45
-2.36
-23.8
16.32
27.92
-9.35
2.26
-2.57
-45.52
31.81
12.19
-3.36
-27.15
-29.45
-15.91
2.44
-1.34
-9.09
-156.76
71.82
-48.18
7.76
27.02
54.28
8.2
35.84
-81.59
-125.36
-6.59
6.8
5.08
-85.75
12.07
95.1
-17.12
-12.57
36.91
0.75
-78.57
12.55
5.99
-2.82
52.16
20.36
14.61
8.18
35.38
-43.9
2.03
-13.29
-3.73
23.6
-39.78
-7.59
-42.65
-9.6
-6.02
9.58
27.12
-79.2
31.5
1.23
-10.99
11.67
0.61
-1.66
1.99
18.14
-55.72
-0.24
-17.27
15.47
10.74
34.59
-8.38
-7.92
-56.54
14.07
16.62
-119.2
39.68
-10.9
-15.1
3.03
0.6
25.27
237.01
-20.47
-7.3
-34.22
15.15
-14.75
-2.31
-13.21
31.33
-25.47
-12.86
99.95
85.88
49.14
-166.32
-54.32
-9.7
-2.81
-92.88
0.09
-2.44
-288.93
7.75
-5.85
-2
7.19
81.7
36.34
-59.95
56.92
-8.84
96.94
-21.55
11.21
11.15
3.37
-13.21
58.14
-2.33
-20.31
-6.7
-11.25
1.02
28.83
4.1
-14.92
22.25
-16.26
58.41
2.54
0.33
-0.18
162.11
-10.41
76.53
-3.16
18.28
14.76
-156.64
90.13
-6.62
-4.56
15.3
-10.68
-15.17
3.53
42.79
-24.82
37.85
-7.1
-49.82
-18.43
3.45
-48.51
10.45
-8.06
23.18
10.44
-66.6
-29.94
29.5
28.73
10.59
45.23
-85.11
-9.82
0.51
-2.36
71.68
-7.25
2.89
-21.72
2.82
39.95
12.24
32.26
14.39
34.1
1.99
51.37
7.84
-43.74
59.3
78.01
67.39
-112.65
3.09
-5.65
68.54
-105.07
6.55
34.39
-12.37
-39.19
-0.99
10.15
-24.9
32.97
-3.22
80.63
-12.07
-19.08
-92.38
-2.52
6.49
-9.08
90.52
3.79
-10.8
-2.05
41.29
3.22
-2.04
-19.99
14.52
17.52
-6.91
6.13
-101.63
-19.58
0.74
-44.23
2.85
-8.73
12.71
300.78
-8.12
0.37
13.14
-3.04
-32.11
50.98
159.95
-29.7
-68.51
12.27
16.86
-0.76
-9.04
51.94
5.18
11.64
-107.91
-51.14
-43.47
10.8
-11.67
59.74
-10.52
10.97
-19.22
-5.58
25.14
-69.73
1.38
-31.23
17.95
-68.67
-19.97
-12.6
-3.21
12.04
-10.68
7.29
19.09
44.93
92.66
-78.4
6.31
-47.1
-6.01
-14.44
8.18
16.3
25.83
10.04
-2.16
-7.28
-14.59
-90.42
-16.3
-13.46
-0.98
-4.37
37.83
14.88
-0.77
-109.98
-13.11
14.67
9.85
8.94
3.25
-108.79
-7.82
-43.41
20.33
14.74
29.87
-12.79
-18.78
-3.79
12.6
-9.91
-10.49
1.66
87.23
18.53
36.43
11.77
60.77
-24.84
-32.38
-53.74
10.23
32.6
30.29
-17.33
2.86
168.67
-107.2
-9.27
-31.5
-127.68
-85.08
35.77
-83.74
42.79
-30.19
5.19
36.24
-46.84
-5.36
11.58
20.81
-34.23
-5.38
34.48
-88.07
33.13
36.38
-28.23
-12.4
-14.86
-35.19
-62.06
-7.5
-11.84
3.74
-31.52
-12.87
-45.58
115.85
85.11
-11.62
6.67
6.83
252.05
-30.96
-8.24
-7.15
22.35
17.88
307.5
31.75
-12.23
-121.53
-27.74
-50.96
78.49
-19.17
-9.78
-0.64
22.99
2.04
-28.51
24.54
23.03
55.51
-55.43
22.87
46.4
50.26
-0.2
12.06
6.36
99.52
-4.09
52.4
-74.17
-7.48
-8.65
38.99
30.86
1.83
45.84
-16.74
-26.2
-16.47
4.14
-9.5
-15.37
-2.77
101.1
-63.41
-52.49
-36.41
-49.35
47.65
25.98
16.8
159.14
-5.58
0.9
-40.28
20.52
-8.3
2.51
11.34
69.26
5.66
-13.51
13.85
-34.03
-5.6
87.02
-2.49
-7.25
-52.06
