11.85
89.19
-70.7
-105.66
-67.42
25.61
106.52
-1.54
-2.72
102.87
13.08
-14.48
-14
7.02
10.63
31.21
-5.41
7.09
21.1
-11.13
-6.97
13.14
107.67
-55
181.95
-65.43
60.01
54.71
49.53
-60.6
-101.69
-6.95
-8.11
7.72
-33.27
24.82
87.75
-91.64
86.91
26.6
13.95
34.48
37.43
2.31
18.37
-1.7
38.24
19.55
88.98
16.91
-3.61
-11.96
10.44
-97.46
-0.44
-8.03
-59.99
-24.26
-19.23
2.3
10.33
-26.57
5.82
-12.21
-48.72
51.88
3.64
112.51
36.01
-20.38
-4.42
-45.31
-15.72
13.37
50.04
-15.44
-15.12
-42.63
-71
-86.5
1.16
11.23
44.3
80.75
3.82
-25.85
-23.16
48.29
25.68
-23.25
17.22
-28.01
1.31
-7.98
2.21
1.82
-11.65
-6
2.64
-293.58
4.41
41.09
-70.02
-39.42
-2.52
-26.57
18.49
1.17
-37.08
9.81
4.98
9.54
10.95
31.85
41.56
4.57
10.49
-17.51
9.77
6.88
36.07
5.62
-35.75
345.1
10.32
0.06
-49.82
-8.39
41.65
-50.59
6.7
65.11
-10.46
-35.44
-8.28
3.19
31.47
15.61
-98.18
3.87
45.74
-33.5
1.24
-8.76
103.67
10.04
-16.43
-31.25
9.71
9.68
10.08
43.29
-21.76
51.16
-26.67
-2.38
49.77
-74.6
-126.27
-24.79
-89
-0.5
15.08
-77.94
32.45
5.77
-5.81
8.8
-10.05
51.84
-13.96
-9.74
-3.29
50.02
-25.45
10.53
8.82
56.38
-87.4
0.38
94.88
-8.19
3.34
-15.75
2.41
-22.7
46.23
10.3
5.22
2.38
-0.42
9.96
-96.53
-0.97
20.01
26.59
-57.83
6.41
-50.93
12.73
-3.73
-13.43
46.83
-47.19
69.94
-4.99
7.08
27.99
1.95
-6.63
1.48
12.19
9.13
-78.57
-19.52
2.29
-5.48
15.44
56.74
24.01
-4.69
47
-16.57
5.77
13.17
-46.14
-146.41
-88.99
-30.77
-17.86
-6.31
-6.03
-97.93
-46.58
-5.77
8.54
21.03
-60.52
4.15
-77.52
37.92
-22.81
4.16
9.21
4.54
-0.02
-4.27
-6.03
6.88
-20.22
61.17
-8.12
-0.56
3.83
-34.07
7.09
17.49
49.67
15.1
-201.01
49.3
-9.8
12.59
-22.3
3.6
-48.71
9.94
6.77
20.83
6.01
61.47
7.33
61.81
51.59
-8.44
80.35
-8.55
-53.31
-4.33
25.96
-144.64
58.12
-4.92
-5.62
-12.15
-2.72
-3.3
0.58
-26.37
60.23
2.14
21.63
-12.89
-10.2
46.64
13.35
-9.83
20.05
29.36
-20.27
13.08
4.44
26.26
40.27
-31.56
-4.71
4.41
-12.92
25.44
-26.62
-45.34
10.53
-16.23
43.51
-108.6
5.8
46.59
11.03
-59.54
6.45
-63.37
6.62
-11.2
-69.76
80.67
91.07
-14.53
-14.33
-126.23
-35.62
16.86
34.03
-12.43
-4.79
11.04
-113.83
4.21
-32.82
-5.73
41.19
64.65
-56.79
-7.57
-53.02
161.04
-14.72
-32.94
-3.53
-15.7
3.81
48.79
6.94
-20.63
-3.67
-13.39
-75.15
-53.45
-10.87
-8.27
92.91
-24.78
14.02
-23.68
21.02
-22.41
55.47
1.06
-28.84
25.37
-3.35
-17.61
11.18
-43.39
167.05
85.31
-7.93
-9.88
-54.93
-34.58
-62.37
-3.55
1.6
-11.72
-87.49
32.98
8.2
14.96
-5.34
10.79
-6.42
1.35
0.78
-54.12
29.01
32.29
-6.4
-2.47
14.96
-32.1
-21.31
-12.29
17.54
22.7
62.95
-11.02
-8.58
-5.86
-11.21
4.42
15.56
151.93
6.72
-33.25
-30.26
-7.98
15.41
-6.26
-8.64
-62.95
63.52
17.85
-9.08
-51.76
2.74
-5.23
8.45
-24.86
111.51
14.51
-33.63
-4.43
23.79
-14.02
-10.28
12.71
95.11
68.54
24.89
1.63
-164.31
-18.76
22.2
-5.62
-16.46
-7.65
2.17
-37.75
34.57
-108.04
-11.96
33.27
56.35
-8.44
20.46
6.28
54.13
2.74
47.78
6.68
-10.28
-10.73
-54.19
-31.64
13.37
39.14
39.42
3.04
76.65
-87.46
310.44
-28.54
-53.36
-6.85
128.69
-7.08
-4.86
7.13
-8.76
16.03
-11.05
22.04
88.42
12.18
-62.12
-73.86
-7.4
-94.3
1.41
26.33
29.45
-12.93
61.89
-13.08
-6.79
-1.82
-0.78
-71.21
52.25
23.46
17.77
0.83
-13.66
-3.18
9.52
5.78
95.37
8.44
-107.09
14.29
6.12
4.19
32.15
2.73
-12.75
-10.98
71.14
-124.14
2.66
8.76
42.2
-34.73
71.09
1.81
57.96
5.48
-0.69
1.98
37.1
153.03
25.41
6.53
-79.93
8.52
4.11
-5.46
4.12
56.79
-72.03
34.17
7.44
-39.99
6.93
8.17
-23.91
-2.81
-18.94
7.08
14.2
114.68
37.08
5.74
5.92
61.13
-46.57
-5.4
-143.16
-38.54
-5.39
-25.83
-5.76
6.73
-2.83
-1.95
-20.84
4.75
2.23
-89.37
7.53
3.6
-56.7
38.56
-9.61
7.2
-30.1
-5.92
-12.53
10.92
-16.34
6.57
-9.34
26.15
-115.89
19.31
115.35
-57.54
-32.56
79.62
-84.33
-13.12
8.35
-12.81
20.15
51.58
7.66
3.72
33.14
81.16
6.38
40.65
-44.54
7.58
6.1
-67.06
2.23
-14.29
-130.97
-7.87
-33.04
-16.4
9.04
48.98
42.1
-8.42
65.96
-7.78
0.27
-10.8
-9.76
-9.81
-4.57
43.33
66.74
14.06
70.53
-49.89
-0.56
-23.38
-9.51
-7.96
-4.03
15.63
35.87
-24.53
-11.25
-35.76
4.81
6.5
-55.51
77.2
-4.84
-22.13
-1.24
-79.64
123.13
106.14
9.75
4.58
132
-21.23
18.86
14.55
-1.47
62.51
-6.5
10.44
-9.46
-8.24
-6.8
-9.58
-1.99
9.69
11.93
11.85
-1.15
-50.6
24.46
1.21
55.52
-28.11
-67.96
-302.39
-0.02
22.02
-8.53
-3.53
-9.9
-0.97
12.24
-97.52
-0.73
30.65
-10.59
-3.84
-7.46
2.94
-58.15
-12.75
77.02
-20.22
-399.83
28.2
23.93
10.5
-57.6
-38.11
-10.41
-2.62
-42.99
32.66
-2.68
26.99
-9.16
-98.68
6.98
10.66
84.57
-30.13
-9.23
219.26
-41.3
51.44
-6.67
-0.71
10.97
37.83
0.33
3.42
44.88
-105.29
-10.37
-30.91
54.47
9.68
27.32
85.57
11.38
-8.54
-30.4
37.3
21.29
216.05
-81.4
0.64
58.26
-9.99
-80.07
-8.62
-4.78
56.99
-7.97
-102.63
19.5
10.42
-38.02
14.66
36.71
34.44
-1.37
42.39
-73.55
4.6
15.16
1.37
-11.47
1.79
70.17
-21.55
-85.74
-10.35
-86.17
36.02
12.35
146.21
42.98
-1.39
-15.48
154.57
22.74
33.83
3.66
15.73
-18.63
-24.8
-11.36
10.06
36.4
-0.54
-24.24
43.48
26.47
8.2
-31.73
-42.1
37.96
-42.58
-119.67
-56.99
5.4
-6.38
-42.84
26.16
-19.09
1.44
17.68
56.07
4.72
-10.7
9.84
29.48
-3.96
-0.67
52.76
-83.75
-5.28
165.02
9.88
-30.08
4.48
-42.06
18.55
-3.28
6.52
-4.31
27.18
8.35
-31.87
45.76
-63.98
0.93
4.36
48.47
5.7
48.28
97.26
32.33
7.8
3.17
46.38
190.04
-125.2
22.42
-34.74
48.25
-19.2
-6.62
3.96
141.26
55.98
29.07
13.89
2.59
-18.13
-39.28
-1.04
-9.44
13.38
-66.81
-22.12
32.89
33.19
25.79
-10.33
4.91
-10.76
-2.33
84.81
-54.82
36.13
-9.16
59.25
-11.72
-95.61
-32.26
-168.3
23.3
-107.93
-89.83
-8.92
-1.44
-6.91
2.31
6.25
8.93
56.54
5.3
-23.69
-55.99
27.15
-36.07
6
37.48
18.08
14.16
-13.84
10.6
30.83
-13.78
45.92
-14.33
77.64
6.75
213.76
-0.07
39.86
-35.26
15.18
82.81
48.28
-24.66
22.8
-1.59
-3.86
35.31
96.88
-13.76
5.6
27.48
-7.49
-3.73
101.18
-59.69
-82.05
-39.61
5.2
12.2
75.68
18.76
-26.55
12.17
5.8
-189.25
-10.7
-47.25
5.74
46.28
39.99
-48.47
-49.38
19.35
-2.19
-86.46
1.93
28.63
-15.11
-5.06
19.96
58.53
61.58
8.68
28.46
10.98
-49.82
18.17
-3.88
-2.17
-1.21
-26.93
5.08
20.23
-5.66
-4.86
1.86
17.87
-3.6
-61.62
-110.16
27.18
-3.19
4.07
13.43
2.6
102.16
22.1
5.85
90.14
-371.22
34.4
-22.95
1.04
-90.16
-4.49
36.06
-58.44
16.63
-99.83
-1.57
-86.41
-14.91
7.96
39.19
76.8
42.88
6.28
-25.73
-9.95
-48.88
72.25
55.28
-24.98
-7.54
15.38
-172.71
-18.37
26.22
17.78
4.83
-45.1
-28.94
15.77
7.27
45.65
174.1
14.92
30.78
28.15
38.43
10.1
-10.49
15.43
8.78
-61.91
16.53
-37.73
44.59
-81.22
26.29
3.87
18.94
-115.6
-9.94
-114.32
-44.65
20.85
1.08
