17.89
45.27
-28.8
-22.73
-2.34
48.32
-1.48
2.26
-120.75
-11.41
18.19
-0.33
57.88
-8.79
-44.42
40.12
-17.32
-79.95
-21.46
34.15
-15.83
-65.12
-10.27
5.84
-1.35
-6.85
-8.86
-37.71
-3.83
-21.59
-34.26
-12.61
-14.03
5.03
-10.55
43.41
19.48
13.73
-59.38
90.87
-4.13
42.04
-3.08
-3.5
-0.08
31.96
-17.39
-20.23
-12.85
35.6
4.02
-26.3
10.59
24.59
15.67
-1.62
-2.55
-96.79
-16.08
23.18
-6.64
-9.17
76.15
-15.39
28.92
44.38
16.67
16.83
-5.28
-61.51
13.99
8.37
137.49
-30.36
147.5
0.87
-43.33
36.76
9.03
19.91
35.78
17.22
47.9
11.7
10.24
85.37
-5.24
-13.64
50.53
64.08
-0.56
-102.58
-133.21
63.84
-35.2
43.07
-11.9
6.14
42.7
79.82
68.2
-8.39
67.94
10.42
23.32
-8.56
-2.81
-22.27
8.61
4.21
25.92
-30.41
-10.95
-197.96
5.16
6.62
-35.86
7.7
78.19
28.09
10.17
-4.01
65.55
1.86
-11.89
-4.49
4.92
7.04
-14.22
9.28
85.61
44.2
15.32
-17.19
-2.33
-110.55
-114.02
-14.62
52.22
20.28
5.84
-27.38
-17.53
-4.33
14.32
2.13
2.04
-9.73
18.44
4.24
-65.1
-22.43
-123.88
-7.5
-29.33
-3.87
10.2
-23.23
86.4
-1.48
1.3
-60.53
61.12
-40.2
-88.33
16.76
6.15
-39.63
9.83
-7.53
2.67
-4.15
-26.14
113.76
40.33
-19.75
113.82
-49.44
-28.44
-2.22
12.06
4.87
-8.68
-4.17
17.43
3.94
-0.87
16.69
11.29
9.41
6.11
41.08
80.77
-14.67
-2.83
50.37
-0.26
-13.61
-15.32
-84.21
-14.34
-6.42
-2.3
65.11
-6.23
-12.63
-22.59
-89.54
-1.4
-18.41
7.62
22.36
-4.98
4.57
7.95
-8.16
-45.47
-66.79
35.58
-4.39
69.7
60.54
-21.25
-0.6
-42.24
-9.64
127.57
-12.09
0.03
-13.72
2.33
16.63
-6.04
-9.67
-0.46
125.26
-112.79
-54.17
60.95
-35.48
121.19
8.93
-11.3
-7.78
-0.32
-3.47
55.87
11.09
-122.99
11.18
-42.52
-6.44
-0.48
-44.81
7.94
15.33
15.04
16.07
-0.07
-25.46
-136.89
-99
-16.46
-16.05
126.11
-11
6.9
-31.9
6.29
35.54
-63.48
44.41
-9.09
-11.36
119.71
8.61
0.58
87.22
-91.56
120.7
-9.99
-9.3
73.32
-6
-118.69
-57.48
13.39
13.59
18.33
11.37
-4.93
-1.92
-11.65
-22.65
-9.86
-16.33
38.03
-38.92
-8.91
3.3
-61.79
-13.18
10.66
20.04
-50.71
-51.16
-5.71
41.89
-3.6
-115.89
-0.92
50.03
27.11
-1.88
-26.4
48.2
11.18
33.83
-2.36
-94.37
-4.81
27.88
130.99
-20.19
-8.86
1.09
26.17
30.37
-124.57
-70.35
-0.97
-6
-12
-47.63
-9.55
-52.43
54.62
-4.88
24.74
4.89
-3.95
56.45
-5.44
-12.11
2.67
-23
50.01
17.16
13.58
24.98
-9.14
-8.01
32.35
193.74
-82.18
8.46
-58.68
-3.15
-7.73
-41.89
-5.57
0.34
2.47
-2.29
-17.4
-11.97
22.15
2.5
-3.26
-3.87
13.95
-15.86
-10.59
-146.53
-13.75
-3.33
-139.41
3
-53.5
9.52
70.15
27.17
-10.71
-10.56
43.1
13.58
-9.07
11.03
-38.89
40.89
-16.18
105.15
2.01
-27.52
143.75
-223.31
13.31
-41.17
56.21
-15.26
91.93
-4.59
40.07
-25.67
0.47
4.69
8.21
44.63
-93.6
19.43
10.93
6.25
-61.13
-9.44
-11.63
39.18
6.27
7.29
9.23
39.75
0.08
-27.28
14.63
3.36
-87.71
16.91
-38.45
-6.09
-1.07
-13.96
57.1
-12.13
50.28
57.67
-3.17
-20.57
-1.2
57.51
33.24
27.01
29.16
8.67
12.14
-11.2
5.56
0.76
-24.36
20.11
2.24
-12.42
28.8
1.93
-4.54
-8.91
-64.63
-12.15
-3.99
71.81
8.83
-19.27
8.53
10.99
-65.32
-23.96
43.95
28.69
-26.29
67.99
17.5
-104.14
-36.95
35
11.94
-8.83
1.13
19.85
-12.25
-17.03
-41.94
-8.22
-3.5
-24.14
29.56
-4.17
-30.24
84.97
-14.89
-3.69
5.65
-65.38
-26.89
9.54
12.05
36.8
-1.73
4.63
36.34
1.69
-23.62
-13.53
-0.67
46.21
-2.47
-9.9
64.14
11.73
115.91
-36.42
0.38
1.9
34.34
-14.87
81.99
-16.12
-25.55
49.19
7.88
2
-8.66
65.51
10.48
77.1
0.37
13.3
3.13
38.85
5.52
40.17
-72.65
-37.53
-46.73
-19.85
-48.99
5.76
-8.37
76.22
10.48
-102.9
-93.07
-7.52
-34.7
43.43
42.79
-24.96
80.17
-1.76
-235.7
-1.2
39.07
-41.55
10.31
-4.58
-75.43
-8.99
-27.95
75.11
-65.71
-8.02
12.47
-42.32
46.82
8.35
-10.28
-83.1
-165.93
-9.51
-2.8
88
-24.6
-1.99
-7.22
-47.62
-1.08
-35.98
13.09
-75.79
138.12
4.46
-6.3
0.65
-3.15
28.56
-21.58
10.4
19.2
-10.99
35.71
43.13
-4.55
-4.99
-9.15
6.98
23.38
7.57
29.93
7.92
-50.96
-54.19
-57.6
-4.53
10.09
13.7
26.1
-93.29
7.54
-9.3
66.09
-1.29
8.59
4.46
-9.99
54.22
-6.67
11.65
-14.78
-18.2
26.02
-31.41
-62.95
-19.64
20.37
4.96
-8
105.72
-112.87
-108.71
-86.19
-37.53
-1.45
17.05
40.34
-2.63
-12.43
11.11
-29.8
63.36
-10.38
-31.06
4.72
7.05
25.62
1.73
-9.92
-40.18
1.15
-0.66
-13.69
2.32
-66.43
-71.68
36.61
-1.41
6.36
-5.13
-31.83
36.12
44.21
0.22
-70.09
-12.18
58.59
-9.55
-8.02
14.69
25.35
9.77
7.39
-14.27
-17.49
-81.57
-6.45
-168.16
9.06
51.39
36.06
-7.2
22.15
-8.44
39.06
-0.22
145.17
-9.3
-18.16
-8.97
-4.3
-4.38
8.85
-76.4
1.63
101.66
2.97
-2.31
-48.88
52.09
34.13
-6.81
0.88
-75.95
23.09
45.05
-73.33
-118.36
-1.7
-0.01
-9.72
58.46
-8.68
-2.77
59.31
-4.16
10.8
-16.25
-54.59
32.77
4.96
-7.43
-10.96
-9.27
1.05
-32.79
12.66
16.45
-0.43
16.75
-10.42
-24.27
16.01
-17.89
28.73
112.14
-76.07
-99.36
10.01
-6.08
14.19
96.39
55.09
-4.48
-11.83
-2.57
-8.26
2.43
-6.67
-7.84
-14.29
78.56
28.96
10.98
-59.96
51.19
-119.35
6.24
11.71
-13.24
-13.3
-17.39
-9.31
47.62
64.45
2.52
-31.92
-31.25
-27.9
-47.54
25.12
32.63
0.87
-39.67
32.84
25.2
-9.06
4.02
-28.95
-53.01
-4.5
3.94
-89.51
-40.47
-4.15
-9.45
-8.93
33.95
7.42
8.58
-29.09
-14.78
-30.92
8.89
-21.32
5.24
3.11
33.21
7.67
7.26
0.04
2.66
-25.07
-1.83
3.13
-37.68
-89.52
-17.18
5.28
-34.5
27.65
181.69
46.01
5.8
12.23
-136.23
-70.67
62.37
0.39
-26.39
9.04
38.09
-4.53
-10.9
-160.75
18.42
-17.81
87.42
33.07
-5.36
2.42
1.96
61.15
18.74
101.94
31.84
-2.11
1.71
1.29
8.86
-70.38
8.76
177.74
110.96
2.17
6.1
-8.19
30.5
-46.66
-86.95
4.84
43.54
-11.14
5.48
68.08
6.54
-9.37
-30.99
-37.65
9.7
-104.33
-2.44
-11.35
-15.05
86.88
78.5
5.09
12.56
-7.86
13.91
-25.1
2.9
13.76
5.63
28.59
1.74
-0.51
21.04
13.04
-13.64
44.62
61.89
-5.97
-41.75
39.91
56.78
16.01
46.83
-26.68
10.34
-40.67
-198.36
10.42
2.63
-0.85
4.47
-6.41
-83.23
10.6
-2.81
-72.8
-96.49
-6.88
30.86
145.97
-117.9
-34.82
-11.54
8.1
-30.92
7.38
-51.94
-1.55
-24.54
13.41
64.73
6.37
33.37
-9.46
8.01
-0.56
-28.52
-5.83
-91.57
-6.17
-16.81
22.54
-10.55
18.25
9.47
-21.44
57.12
-4.15
0.89
-13.5
17.11
7.32
4.68
5.54
16.95
6.84
-156.78
53.33
-51.86
-5.52
-9.26
4.05
43.06
-10.67
-58.49
-1.63
-44.97
-39.22
14.74
63.55
-19.89
122.06
22.23
-24.54
-3.15
-15.84
-18.15
-17.35
-147.6
46.45
-1.63
83.73
16.01
16.89
-93.9
-11.28
5.62
115.91
52.35
3.26
4.7
-11.89
-22.66
-8.26
-14.02
83.27
25.19
-155.87
0.8
27.09
-10.65
-29.44
52.46
-91.27
3.06
-11.11
-36.33
-83.73
8.66
-33.66
-17.47
-13.06
5.17
-5.83
-6.59
-142.58
-3.53
-5.9
58.18
34.84
7.08
62.93
17.45
5.7
30.11
-32.07
40.08
81.77
54.35
10.58
28.12
4.05
17.08
35.91
18.02
-104.54
3.95
13.29
7.5
6.24
13.11
8.96
6.73
-79.62
-7.06
