15.17
-2.07
5.78
12.39
35.87
-143.83
7.9
14.67
4.5
102.54
51.29
92.53
-30.01
-5.54
34.1
-112.48
3.66
-45.73
59.6
-1.9
-43.75
102.35
-7.88
-24.9
31.9
51.67
-4.61
46.25
-9.25
-9.54
-23.42
3.76
-23.38
-11.19
-10.53
-40.98
15.13
7.55
-0.46
-9.3
-38.2
3.62
26.52
43.83
63.15
82.22
77.78
1.6
35.8
-3.19
52.46
89.67
-7.47
24.38
-135.71
-58.53
131.66
-82.18
-24.48
11.42
-11.34
-13.78
1.44
-28.13
5.08
-33.19
-2.92
-45.44
-9.05
-46.02
-8.7
-3.33
0.29
5.2
-58.31
-11.66
-12.14
-5.55
-5.36
16.62
40.39
10.24
85.26
-3.66
-6.48
38.13
-68.96
-3.96
-6.92
2.39
-64.89
-15.39
89.5
28.78
8.4
-68.08
-15.77
3.04
-164.51
-4.97
-44.94
26.75
27.68
96.1
28.64
82.7
-16.1
-6.32
11.05
-19.26
-5.17
-7.58
26.15
-47.04
-68.41
165.8
16.46
-12.65
-85.88
8.79
13.52
-1.76
1.74
-25.95
9.38
-12.75
-205.15
25.34
37.8
93.55
-7.33
27.8
0.31
-2.36
0.39
5.43
0.57
1.65
-5.6
-8.5
-5.43
66.7
-1.57
-26.2
2.7
-27.06
125.42
-0.01
137.46
-108.25
-25.53
102.56
16.17
-40.03
99.21
43.7
48.41
58.99
-7.92
-8.87
-10.35
-18.43
17.57
63.74
12.09
-11.44
12.81
3.19
11.09
-4.68
-8
-19.92
25.22
-9.95
-31.2
-9.79
-19.7
6.21
-8.04
2.84
17.15
-5.8
109.51
65.27
-13.97
14.31
8.72
-86.26
-10.88
18.22
72.41
29.71
18.69
37.29
-13.64
7.39
25.62
6.03
-19.27
-53.04
-0.27
-49.77
14.08
-30.76
-26.81
30.8
-8.17
41.82
60.89
0.99
-7.88
-1.48
-87.77
4.26
-63.9
105.7
-77.27
-50.16
30.95
5.78
36.56
-60.77
10.65
19.01
43.25
48.32
-28.78
-12.46
-20.64
39.93
25.68
3.46
3.97
11.95
-67.97
13.06
4.68
-38.92
135.08
17.83
3.67
0.39
34.28
-53.26
-49.49
-55.07
-128.92
-10.98
-17.59
1.8
7.48
11.84
-14.95
-101.83
-143.39
-12.72
50.7
55.96
9.38
-6.37
-69.57
9.17
-90.79
11.19
-4.3
-37.41
-14.44
84.89
-1.48
3.13
-8.62
19.97
-12.67
9.56
75.42
-7.04
-8.8
-40.84
6.93
32.89
8.64
-13.31
-18.14
-34.87
-44.01
-40.9
-12.26
46.72
-115.64
17
5.72
-5.37
48.39
-22.09
8.63
-9.87
-18.96
-9.71
90.27
2.17
-60.04
-64.37
32.75
122.27
13.08
129.4
67.09
-62.95
-22.01
-8.1
3.09
125.37
41.8
4.24
19.44
-211.18
105.51
-46.25
-1.35
-32.51
75.35
33.84
24.01
5.69
-15.14
-26.99
-29.04
11.49
-112.04
-15.74
-38.18
-13.33
127.87
-10.1
13.89
-52.09
-13.07
33.72
5.4
71.66
6.13
0.05
-4.4
0.28
-10.49
-125.05
39.76
-9.45
33.46
-5.14
-2.13
-3.4
-27.06
-12.35
6.24
9.79
47.13
7.8
-34.9
-13.84
70.7
43.8
-62.96
-59.43
10.01
-7.89
17.65
42.75
-56.21
14.88
12.05
1.82
-13.84
2.76
4.93
-0.86
-24.72
16.69
-4.26
-336.86
-64.46
88.02
94.21
56.2
-16.26
-20.95
-1.48
-28.44
-11.81
4.49
3.81
-14.94
-0.78
46.16
17.14
-11.68
22.81
-0.64
-35.69
-0.1
18.57
79.73
5
6.23
11.38
-8.21
-49.27
-97.29
-177.81
-11.66
-17.22
-4.77
-0.24
-83.63
-65.66
-59.68
-13.35
41.95
-11.38
21.8
-2.75
-8.31
5.46
52.21
64.84
18.92
8.73
17.77
-8.61
-0.14
102.47
-6.31
27.74
-8.47
-112.61
10.44
-9.91
-3.93
-0.18
11.6
66.5
11.81
8.46
-13.89
6.11
113.97
23.64
17.5
54.36
-38.89
15.42
4.3
-4.72
19.27
55.5
84.12
6.24
103.84
6.27
10.04
-25.35
28.83
18.76
31.6
-0.31
6.06
10.94
1.21
-74.81
3.68
9.89
12.92
23.03
4.3
-51.77
-1.09
-1.99
-1.53
31.5
38.07
-5.98
79.14
-36.57
-11.21
-33.36
64.85
-7.72
-38.55
18.33
233.18
5.82
14.17
38.46
13.76
12.94
54.92
-4.96
-0.75
45.45
3.35
37.15
-10.8
-0.55
-2.5
8.8
-47.39
2.83
-19.96
6.05
-37.47
-8.72
-10.81
-10.48
-25.32
34.82
69.45
47.63
-8.83
-70.23
26.62
21.14
64.64
-6.78
10.55
-98.99
-164.55
10.49
32.54
89.59
-14.19
-180.93
-178.43
7.76
58.58
-40.4
75.28
-170.06
-7.87
-11.18
28.25
-66.65
0.08
45.32
-63.98
72.12
9.29
4.74
-8.9
71.27
69
12.5
-181.23
-84.07
-165.52
4.18
-0.79
12.24
-13.33
54.97
37.77
-6.57
-38.92
12.67
43.86
161.91
6.07
-12.62
7.98
-2.52
3.94
4.68
57.62
-19.61
99.43
15.45
-17.66
68.58
22
48.31
1.84
1.97
-55.17
119.6
-296.05
0.64
75.91
25.99
-45.31
-44.55
-142.39
114.61
-12.69
6.17
-24.64
-5.36
-98.77
4.89
34.24
-53.56
-15.68
14.61
-2
-40.45
55.34
25.95
-1.69
-4.49
4.9
38.44
-44.25
-7.02
-26.58
37.19
48.55
-121.64
-252.76
-110.54
8.45
5.41
68.87
-21.27
35.98
24.46
10.31
56.63
73.61
-9.83
-0.64
14.82
14.72
-3.32
-7.81
-36.52
-295.41
-6.1
81.45
-100.45
76.76
7.06
-79.64
-8.13
-0.77
-9.46
8.96
42
12.19
10.04
-8.43
-1.61
-24.77
19.34
43
6.89
-8.51
-10.76
-39.09
-149.58
-9.87
-6.18
-10.12
-16.99
-152.16
-15.3
-165.29
26.47
5.39
3.73
13.72
58.73
24.93
26.18
-94.77
30.86
15.82
-2.2
1.88
6.47
-1
49.03
-38.31
-161.58
-14.76
60.12
-12.55
-1.67
3.72
-201.37
57.87
-80.06
10.72
-90.99
-40.04
51.92
-133.9
81.95
11.08
-17.04
-7.94
44.84
7.21
20.56
-2.9
-8.17
-43
3.5
-1.79
0.84
9.9
-5.02
2.96
-30.18
-4.41
-25.7
-15.94
59.21
-24.36
8.49
-1.04
47.51
14.87
11.89
-3.62
7.34
36.55
-8.18
14.53
81.6
5.83
-27.13
-55.41
-59.44
123.86
25.08
6.12
-83.12
58.07
-0.66
4.95
4.5
35.22
-4.28
22.85
-91.27
-19.64
10.74
-13.05
-4.49
1.63
11.28
38.51
10.9
-7.3
1.53
2.38
12.57
3.5
0.21
-12.04
-9.67
-16.95
-83.74
19.31
2.13
41.91
3.56
-32.89
-7.86
9.47
1.98
-14.17
61.37
-13.26
-17.36
16.68
38.7
29.22
-4.68
2.2
8.14
5.24
-0.29
0.11
8.41
-9.51
9.48
-10.17
-4.06
-9.13
-26.9
-60.64
25.4
13.77
-15.77
-5.14
-69.28
119.49
-8.79
-99.72
-10.8
49.21
7.55
7.68
5.42
83.91
2
62.83
-14.78
-87.29
9.78
4.86
-13.2
-8.49
1.64
0.67
85.17
9.52
27.46
-16.08
-3.88
-94.39
-70.43
92.35
30.35
-10.6
11.11
-8.62
-18.46
-7.94
-267.65
2.79
6.76
-21.25
0.07
-5.94
-35
15.53
3.07
60.26
-19.39
-14.79
-4.42
-75.43
-35.32
-1.45
-12.1
-60.09
26.54
-46.92
12.24
-9.86
-9.24
-10.17
5.04
-20.9
-12.39
20.82
-1.38
-48.51
22.87
65.8
27.6
11.45
-43.51
-5.07
-22.91
17.08
0.09
-193.43
6.39
65.21
38.24
3.58
98.47
68.11
-3.93
-27.25
15.91
16.35
-5.57
-46.52
14.14
4.02
-28.44
-20.86
4.41
20.58
-120.31
14.32
151.6
101.61
4.93
-20.4
-10.71
21.94
65.47
4.97
18.31
41.29
28.6
29.01
-20.09
7.85
-61.58
2.88
173.12
-9.14
41.68
-7.15
-63.09
9.37
5.91
35.38
39.25
43.64
-11.13
-106.98
-111.87
10.85
7.11
1.02
20.36
-7.73
-37.78
-27.58
-7.02
21.7
-41.38
-2.81
-12.15
40.47
7.03
77.62
10.72
20.34
50.71
-13.04
61.82
-15.31
-2.3
272.06
12.09
4.25
88.23
15.09
-41.64
-14.38
-47.54
85.25
67.67
5.71
-14.77
-8.96
-14.85
16.67
-57.18
5.65
7.24
-33.77
2.69
76.99
4.03
-3.86
-6.18
54.75
40.55
-32.09
37.32
15.86
6.48
38.11
6.44
11.19
4.93
44.8
-6.53
62.85
51.46
168.97
-10.26
-1.14
-12.01
-14.07
-5.11
-6.71
54.09
1.09
6.86
4.36
4.24
48.67
-1.08
-28.53
-10.23
6.2
-18.99
-7.95
-31.08
-53.53
234.77
-18.12
-32.66
-78.6
7.22
24.34
40.69
-27.2
26.36
13.95
-2.46
-19.94
-50.72
-3.33
30.39
41.9
7.26
31.79
73.6
10.1
31.32
-98.17
-9.83
11.05
-142.92
35.83
