-5.39
-43.78
-27.85
-70.27
-5.82
-57.4
11.63
0.62
72.06
7.12
-52.59
-22.01
15.75
-3.21
32.03
-35.61
-47.74
11.19
33.6
9.02
7.25
-169.61
-31.54
2.88
-15.77
-94.25
0.07
-37.5
19.48
-12.46
-9.08
2.19
-164.97
35.4
10.91
124.55
13.42
-38.83
-4.84
-52.96
67.74
81.73
-29.86
50.44
-29.47
49.84
1.95
-7.35
65.32
0.06
-4.11
55.96
17.81
0.95
-11.39
67.65
-0.4
-3.98
4.14
43.25
24.19
-7.54
15.74
-17.34
-6.68
-19.31
15.89
-24.28
8.26
-10.54
-12.6
24.24
4.53
10.36
10.27
-24.56
6.54
8.79
-7.73
-12.45
-93.99
-6.39
-15.06
-32.42
12.37
2.07
34.72
61.1
64.27
1.41
9.74
30.38
-26.58
-10.39
37.63
81.87
-19.14
-6.98
2.26
7.9
17
-35.92
-20.3
119.62
134.45
11.62
15.12
11.05
16.81
-65.84
-61.51
-20.08
-1.92
2.26
23.03
50.05
-104.48
5.05
45.52
-32.19
-9.67
-21.95
89.26
-0.67
3.96
5.01
-3.95
-3.76
-0.38
-7.18
-161
-3.05
-13.02
78.99
-51.05
44.07
-13.3
11.04
41.66
62.2
-14.87
7.88
11.37
-5.43
15.58
3.06
26.63
6.43
-15.05
-4.13
41.27
29.57
36.56
6.97
-1.05
62.97
-136.11
-27.76
-1.3
-5.9
-53.96
44.6
-2.95
40.64
51.87
-3.91
-9.53
9.44
-5.44
41.2
17.94
14.24
233.56
-2.67
-42.11
-11.71
-105.34
12.58
4.14
-24.72
-10.94
-11.43
-78.14
-36.45
61.46
9.28
-10.81
-0.53
21.81
-101.43
37.38
12.16
20.65
-13.02
11.66
-35.35
10.8
56.92
10.77
-36.18
-3.4
-76.15
7.24
-15.94
19.52
14.4
81.83
8.34
-20.67
-28.91
14.35
90.64
1.39
22.2
13.77
-20.52
30.15
-0.61
-24.53
-28.54
15.79
-0.51
56.11
-23.73
6.15
-57.45
-9.53
-85.21
46.27
-8.1
-89.92
-0.85
-11.9
10.51
1.15
15.06
-7.4
8.07
-9.48
-36.15
-6.81
-36
-34.41
-91.63
14.71
30.13
6.17
10.55
-75.73
112.5
-70.11
48.53
7.22
7.36
9.16
125.14
-2.04
-2.81
3.22
18.62
6.13
-2.3
117.24
-4.81
67.8
-20.65
9.18
8.79
-8.23
8.27
-18.38
22.53
-5.33
59.81
8.27
8.24
5.39
8.37
21.67
-23.5
81.34
-11.32
6.41
21.48
-6.14
-2.76
-3.87
-61.79
3.37
-42.11
-15.93
21.56
-143.48
9
-2.96
8.85
-2.68
76.01
-2.63
4.87
-97.46
47.78
-10.99
-12.32
96.13
-10.33
-2.35
1.78
67.98
-23.55
-10.12
40.9
1.48
73.97
13.33
-31.66
11.57
60.46
28.68
-58.59
-5.86
-72.35
-38.76
9.73
7.06
24.29
32.42
-2.44
26.43
7.2
44.48
80.05
-29.45
137.38
11.77
-137.73
-10.05
9.49
-60.57
-2.8
-8.49
6.33
-27.57
-78.18
-19.05
5.9
-92.05
9.98
-33.46
-11.96
-11.75
-19.36
-8.6
17.15
-78.79
-109.07
15.05
35.31
-8.21
28.71
-65.02
22.18
22.8
33.31
-140.14
13.14
9.88
-29.58
23.98
-85.19
-11.4
-8.99
-31.55
55.96
-101.84
-5.37
-66.44
59.3
38.62
-14.39
-13.21
10.46
-15.17
23.21
-2.98
47.24
5.55
-4.28
-33.96
13.55
3.14
37.65
-16.55
-67.11
-10.67
12.46
-16.4
-53.6
12.32
12.18
30.26
-24.44
-39.4
-20.49
7.12
-21.56
84.35
24.71
11.04
-20.79
12.18
-6.1
1.97
41
-4.45
-26.83
9.67
20.09
31.93
72.25
78.09
-25.22
-0.73
6.95
92.7
25.94
29.82
-97.74
4.59
-18.02
12.47
-31.45
11.71
2.01
53.09
-6.87
29.79
-9.41
7.5
-1.51
16.7
57.01
5.38
-10.56
52
32.6
61.61
10.26
-77.98
12.32
13.39
-8.03
-2.13
11.06
-27.55
11.29
15.01
3.6
74.62
-13.06
14.86
-39.3
-27.25
6.84
-64.99
7.85
8.88
4.62
4.42
2.68
-5.6
242.06
-5.95
25.71
-24.71
34.51
-67.15
-8.83
6.69
61.55
-4.68
-111.95
22.55
12.46
-12.07
55.67
28.51
-13.65
-7.64
17.56
14
23.11
-6.57
6.87
-11.2
-56.38
2.89
-22.02
5.5
5.82
-64.65
7.26
-1.3
3.15
-25.83
-72.29
-65.79
-10.67
-64.52
-12.19
-42.93
2.07
-11.1
-33.07
29.01
-48.9
-0.54
12.77
-3.86
82.85
58.79
2.24
23.34
-83.28
-10.32
-23.29
-22.04
-25.17
36.05
-30.92
-2.98
-4.45
24.01
31.84
-6.64
-104.33
-6.48
217.97
-11.79
35.24
-46.92
14.22
3.08
-8.67
30.46
72.73
1.94
-5.92
10.13
4.3
10.4
109.43
20.53
-17.85
-2.98
-10.56
24.77
10.01
-47.74
-5.06
140.01
-12.01
-80.21
70.46
-8.55
4.89
-70.68
7.1
34.49
62.3
-142.92
-9.1
-20.4
3.18
-104
-9.87
3.86
-28.28
-4.06
-11.17
-15.49
-27.16
-33.28
4.7
2.71
-19.72
8.89
-49.45
-22.92
1.33
17.08
7.24
-73.87
4.5
-36.93
4.93
-10.58
-43.16
-68.45
61.4
41.1
8.17
18.48
-15.65
-99.89
-3.32
7.25
-17.45
-30.08
-28.45
-9.57
-2.62
7.65
22.47
-5.07
9.83
-40.65
-8.69
-46.17
-67.89
-7.17
-121.74
-171.78
16.83
66.64
-18.49
-27.13
-12.33
-98.79
38.58
37.25
-8.4
1.59
-10.66
10.54
-23.33
-101.79
6
8.68
-13.67
-9.43
15.2
-13.99
30.79
-13.97
-36.34
-0.06
143.66
-12.48
-22.03
0.3
-19.27
25.65
16.17
83.28
-52.8
-109.24
51.29
12.33
18.63
84.13
10.38
32.64
10.98
-4.7
14.19
-16.98
25.69
117.06
-43.25
-0.72
10.19
-54.59
71.95
15.79
-9.63
-8.43
10.59
17.34
-82.6
19.59
5.38
41.38
-6.29
5.46
12.23
7.32
8.99
66.1
-7.81
8.78
-6.02
75.9
-117.8
0.88
-9.66
-5.95
-6.61
-69.13
-35.31
-42.05
9.48
7.61
73.47
-413.86
-39.91
13.77
-8.03
-33.86
-8.72
-14.06
5.67
-7.05
21.78
-69.91
21.32
0.13
-31.72
74.28
17.03
-87.44
-5.46
4.3
10.37
41.13
-7.03
-39.09
-192.52
197.1
-8.27
11.4
-2.52
13.85
-13.26
-7.16
15.25
15.7
3.25
-2.93
22.11
116.78
19.32
43.92
-29.23
52.78
-41.36
-7.74
-11.78
10.78
17.64
-7.59
-32.74
-15.76
11.82
-42.18
-9.59
-10.82
25.25
51.15
68.32
-7.25
-51.75
11.27
43.25
27.58
-57.84
83.16
59.84
-51.61
34.32
24.95
-0.39
98.58
54.94
25.46
9.22
64.85
14.43
-35.67
-4.11
2.97
-31.39
0.42
-37.62
-9.57
-8.29
138.53
-2.55
-6.56
-11.69
11.79
-21.54
-57.57
50.25
4.21
75.29
15.62
-6.84
-110.55
-6.43
21.73
3.22
17.53
-14.16
61
2.69
48.41
5.11
74.52
-22.4
-2.24
38.61
9.12
10.84
-7.59
-91.17
-10.54
9.21
-50.73
-37.07
-65.97
39.49
-10.35
32.19
9.11
-9.64
41.85
7.91
74.57
-10.25
4.76
9.92
-118.1
-83.46
-65.13
9.85
26.59
0.43
-73.4
-34.99
-10.6
46.33
57.06
-3.89
1.08
4.66
61.09
-19.31
-0.11
15.47
60.52
22.31
11.33
-3.35
32.76
2.38
29.81
80.07
-22.16
-141.02
31.81
15.07
47.98
54.77
-4.06
54.01
22.75
-6.02
4.87
-19.89
8.12
8.32
-19.06
118
-115.62
-9
27.61
5.74
21.09
45.19
19.57
0.49
-8.44
13.48
-9.66
-76.27
-96.79
-9.55
7.2
-72.8
5.14
13.78
-4.94
29.56
68.07
7.29
43.34
-160.79
8.9
-7.92
43.21
1.7
64.2
16.44
12.35
5.19
-195.99
-58.52
36.87
58.53
11.01
5.7
-104.33
-1.42
-187.8
-2.63
-32.83
11.74
-26.07
-66.5
-15.56
0.09
-18.13
-46.99
46.11
-204.74
1.52
110.33
158.92
17.12
-13.2
0.85
13.15
26.06
4.09
27.3
-43.72
-161.02
-9.68
-12.2
-30.38
4.81
55.9
29.01
-45.05
23.66
44.8
3.17
10.77
100.03
58.17
34.05
-10.89
-142.73
-19.81
31.81
-37.49
22.92
-66.6
24.12
2.6
-8.15
-6.57
61.7
12.16
22.73
-2.25
-32.72
6.73
10.84
2.02
0.23
3.1
-2.15
-12.73
7.31
-22.59
-20.28
2.22
-18.56
-1.31
8.84
-76.27
74.65
-10.7
-46.21
-5.4
67.65
31.78
-8.9
-35.84
10.75
-20.61
-6.87
43.8
-7.91
31.54
14.46
-2.01
70.25
3.79
-37.12
9.12
55.52
2.36
0.58
44.61
123.74
-196.76
-8.03
30.6
87.34
-6.54
-33.99
80
-11.79
-30.33
20.8
-30.89
1.64
28.07
20.99
15.55
-0.53
