-32.95
19.51
9.56
59.89
9.45
-3.09
-17.4
-6.33
-8.03
6.97
7.4
82.5
-4.21
-35.97
16.57
-88.49
-3.65
-3.23
0.52
65.54
-22.75
-42
-93.56
-38.76
43.15
2.42
-2.58
20.09
-10.04
-6.59
-5.18
12.55
0.12
60.81
-3.21
-104.77
-31.38
10.74
-0.06
-5.8
-4.99
-23.97
33.91
27.96
61.7
-45.59
-8.59
51.94
-7.46
12.94
30.43
-2.39
-34.06
-2.74
-14.3
-8.14
18.58
62.79
1.46
38.31
-70.19
-28.73
-8.27
117.55
-1.65
-9.03
51.86
-6.87
-47.91
6.31
25.6
104.62
81.08
-35.03
-37.61
30.93
128.48
4.42
-66.34
5.97
-64.68
-23.58
11.38
49.6
11.37
-12.15
-23.47
8.06
-199.53
-8.44
-52.76
120.62
41.65
97.62
5.92
-5.69
0.26
-8.12
-73.6
-14.26
-32.59
59.38
-0.83
107.01
8.74
-10.24
78.04
30.5
-6.95
8.27
39.17
-59.21
8.78
-1.04
-124.63
-12.37
5.35
-7.29
-9.38
-10.61
9.75
10.3
-6.19
16.5
13.42
-9.91
-151.87
-10.33
-18.55
47.11
-9.11
-7.46
34.65
-3.27
-13.31
-7.91
8.16
7.91
15.92
-69.82
-23.5
15.58
-5.47
-131.78
5.15
-1.06
-2.11
-13.6
-101.19
25.08
-12.72
-4.56
7.98
-48.82
-12.89
-74.31
-57.24
1.87
-13.96
20.87
-18.9
-10.89
9.94
10.66
58.15
-42.44
30.39
4.2
0.43
4.77
-51.62
72.19
25.45
-21.71
-5.19
-8.47
-50.76
-5.7
22.86
4.47
93.56
-8.42
-45.24
2.52
10.43
-215.69
6.45
-8.24
4.85
-8.03
-76.35
4.18
-6.03
-28.38
-32.51
6.68
-11.12
-93.31
-0.33
-39.95
4.7
-4.42
4.61
-4.89
-3.68
11.78
-3.03
4.15
36.75
9.08
16.7
12.19
30.01
6.52
9.25
12.98
25.63
-9.04
-179.33
-37.71
14.89
-39.09
39.17
-15.86
57.36
6.96
-0.85
-8.38
-27.46
-22.91
33.35
3.84
-3.45
-35.84
-66.1
9.93
-0.23
7.61
-5.06
-6.82
-25.59
-53.42
-6.26
-15.65
-18.36
-3.23
14.96
0.04
-121.77
4.95
156.84
-18.94
-7.79
-32.21
-58.64
74.03
10.72
-8.16
-3.49
34.14
-16.67
9.93
-52.58
-6.56
-59.13
-18.81
-10.19
-0.96
-5.97
-76.41
21.6
25.11
-22.5
20.1
-127.38
-23.72
4.41
-86.25
-32.96
66.2
38.93
-31.63
-6.77
13.77
-47.66
19.09
44.9
10.93
-2.88
-9.58
-82.07
-11.94
-6.91
23.2
8.89
-0.83
-6.81
-29.96
25.21
-14.89
-13.08
-6.67
-1.5
-9.63
-7.59
25.68
42.54
-33.66
4.04
-46.33
-8.97
-17.73
0.95
-45.31
-7.65
-84.99
4.7
3.89
9.69
0.81
12.59
-16.15
8.37
1.73
48.69
-113.41
8.43
-13.98
3.38
-41.85
44.09
11.52
4.03
-42.38
23.82
66.19
57.53
11.91
-24.7
-32.2
-3.83
-138.27
-7.36
-1.29
-55.82
108.53
-35.37
4.68
10.13
-76.75
-6.97
31.84
9.88
-0.04
147.34
-0.08
-12.19
-15.69
-1.13
10.9
11.35
-11.59
-130.56
10.26
-9.92
40.49
11.31
-8.32
6.52
9.45
49.4
-40.13
176.38
-5.58
-12.43
11.68
-13.52
53.71
-38.96
-12.91
-47.51
-13.72
4.82
-14.42
16.86
15.88
-6.64
67.53
1.94
-9.29
20.33
3.19
34.11
6.07
-5.21
7.01
-12.81
56.31
76.97
9.25
-9.13
-54.85
15.18
-33.69
-37.25
15.65
-46.65
15.28
-60.77
12.57
-4.85
-4.12
3.16
-85.92
-52.69
19.37
-23.45
197.03
14.81
123.28
-65.03
48.41
-37.81
-8.04
2.52
12.77
-7.02
-47.71
13.56
-18.45
-12.08
-47.47
15.41
-37.37
11.84
113.55
-55.2
-52.87
-49.79
-11.38
-2.45
15.4
41.96
-8.82
66.86
5.65
8.7
11.13
-13.41
-9.17
-91.37
-24.91
-1.14
-25.64
30.2
-93.52
-45.37
8.43
-22.98
-4.72
-33.14
15.58
-10.61
-13.99
-33.62
5.28
-47.56
-12.08
0.1
3
27.48
1.28
-10.61
-6.75
162.15
-55
55.88
63.83
110.96
-21.72
-3.24
12.36
2.55
-19.16
-129.33
-7.11
45.05
5.12
22.15
20.66
161.51
80.69
-123.3
31.11
-3.14
-72.03
-7
48.08
-5.19
-5
10.45
4.69
-5.99
-16.48
-11.93
-260.06
56.58
-34.05
25.78
-21.71
-7.37
7.76
10
-14.56
34.21
4.73
-8.75
73.13
-0.47
4.85
27.63
27.34
25.42
2.52
56.56
-43.81
94.67
-7.87
-27.27
53.63
31.66
28.47
-19.21
-10.05
-32.61
6.72
-53.43
31.74
-30.02
5.13
5.87
33.83
24.03
40.23
-4.46
-1.45
-2.07
-31.13
51.83
-7.27
-11.12
85.54
-10.03
46.5
-94.3
17.06
-30.02
3.32
-4.9
12.01
9.84
89.47
60.67
5.41
35.29
-81.55
47.5
0.84
-53.31
1.56
24.54
26.97
4.37
63.96
-40.29
-113.15
9.56
10.07
-3.88
-186.73
66.11
18.52
60.55
81.21
13.62
47.89
5.35
1.96
-65.7
-38.98
-111.35
28.67
-7.52
-8.59
-0.35
-22.45
0.42
-21.47
43.64
-81.01
-9.06
17.54
58.5
2.62
7.44
2.55
-0.07
-22.53
-44.48
7.26
30.82
27.16
14.94
-5.84
61.35
-8.91
12.94
-3.12
-80.16
-136.05
-61.12
33.96
26.61
20.86
2.11
-9.55
-4.32
-24.48
-9.41
-8.5
-48.59
7.35
13.56
-68.76
36.63
-20.99
-61.78
4.04
-9.39
-94.13
12.4
184.27
80.61
4.03
11.26
-5.44
14.11
9.35
69.72
6.82
-9.68
3.24
-13.87
-34.67
-30.22
47.18
8.85
-0
-156.01
-18.45
-67.4
-2.04
23.47
2.66
13.02
-10.32
-17.88
-3.15
-26.03
57.92
38
13.6
-8.81
-16.07
13.6
-28.91
-36.43
-30.49
-7.69
25.6
-5
8.65
-12.09
45.72
-12
-13.96
-101.04
123.53
5.74
39.02
21.32
58.06
6.59
-325.95
6
-0.26
-35.73
98.77
22.42
9.56
29.43
-17.98
-43.5
39.94
-31.16
9.7
-11.79
-13.71
36.81
39.53
-3.32
-37.77
-10.69
3.8
33.65
-36.92
-28.47
-155.85
-4.1
8.21
8.17
-42.35
-14.81
-13.47
-12.73
25.96
3.61
-43.9
-5.85
73.23
13.75
5.09
-4.44
32.41
46.78
59.83
8.79
179.78
53.76
9.9
9.71
170.06
0.09
0.08
48.04
-8.44
-42.4
5.44
13.36
-24.21
-83.79
-41.45
-46.13
1.72
-4.35
11.58
124.72
14.43
34.35
-6.59
-6.08
-31.96
-14.05
-56.2
37.08
-0.85
-3.75
-42.24
4.44
-78.31
61.08
-16.32
-20.62
-2.17
-7.49
0.8
-46.43
20.45
-47.78
-10.44
-43.88
-1.84
9.8
-1.62
-16.26
8.4
-10.7
93.9
11.69
-72.77
-9.73
-34.74
-30
99.74
70.24
-19.46
-19.86
-78
-5.64
-36.65
-3.39
-14.08
-1.8
-42.5
-5.9
-28.99
-18.27
-69.79
-6.68
-21.15
1.21
20.26
86
-6.13
-70.38
-79.89
5.65
-82.58
11.19
-14.58
-7.94
-9.05
23.94
-12.53
6.22
-10.71
4.7
-40.45
-59.76
51.54
-123.85
-45.41
-18.81
20.67
-13.58
51.65
3.82
-61.16
-188.09
-14.74
-13.09
-27.72
-0.31
5.6
25.25
-10.91
45.75
0.56
6.32
10.25
9.13
12.95
-13.81
-9.32
-71.35
8.43
-87.62
35.29
-10.76
58.37
-37.56
19.16
-13.88
45.49
2.01
30.38
6.25
-31.29
20.6
-37.05
-19.55
15.18
22.99
-28.03
-74.46
3.1
-50.85
2.66
6.24
-0.83
39.71
4.85
24.69
57.29
-4.14
-38.15
11.83
13.49
-0.29
6.16
6.31
0.17
18.37
42.14
-108.44
4.15
3.08
125.23
-1.78
-29.02
30.08
-0.14
19.41
46.02
0.46
-20.34
52.15
6.57
-23.69
2.01
-3.09
5.77
-7.64
4.57
22.32
-17.1
54.92
8.37
-84.41
-10.34
-46.74
-86.02
15.46
5.15
16.82
-10.15
-60.02
7.58
-49.61
-39.92
-8.63
13.91
-7.24
3.51
-0.16
10.01
-16.67
-10.15
-16.47
-122.86
-10.75
-8.42
-3.71
51.13
-7.25
-39.01
0.01
4.14
48.13
6.44
-1.62
1.6
-22.51
-28.71
0.46
-53.66
25.77
0.2
65
7.19
7.72
4.37
23.01
-25.16
18.92
14.91
-13.04
-81.51
94.11
3.48
-61.6
50.58
50.09
13.7
11.05
-24.08
6.18
-0.73
-10.5
-90.91
-12.88
10.17
-10.04
14.59
11.63
-2.27
87.98
-10.31
-21.22
10.61
42.63
34.47
21.66
-14.03
15.77
-4.25
14.29
-106.18
7
13.1
-1.34
-11.32
11.29
-1.58
-68.38
-1.54
-9.26
-104.33
-2.94
-17.36
-52.84
-22.39
-7.21
0.5
28.06
38.68
-0.14
-10.23
-2.17
136.3
-71.47
-36.03
-358.95
83.62
