-15.24
1.01
-90.64
14.95
-9.73
-16.09
5.17
5.63
2.45
-16.24
-30.84
27.45
10.8
-8.63
14.86
101.14
-13.35
-41.47
75.36
6.16
-19.36
4.69
4.02
65.89
66.37
-106.69
-3.22
4.42
35.02
54.71
14.92
19.16
6.31
76.12
13.23
-5.72
-12.43
-72.89
28.42
2.76
7.68
-48.53
40.17
-7.63
-2.38
6.75
-89.29
-42.8
-54.16
-45.81
190.42
37.06
45.16
-15.39
36.48
34.5
-11.52
24.41
9.49
3.86
-11.91
15.9
0.78
-7.12
-35.98
20.17
-45.78
-10.95
43.69
-12.22
-5.31
5.9
-51.47
-5.73
27.57
68.49
11.35
-2.15
-43.16
12.43
1.08
64.11
-11.77
6.96
-13.2
-9.35
-9.46
114.26
27.86
-25.17
15.24
16.76
-12.78
9.92
43.33
5.02
0.77
53.1
132.26
-17.05
-10.84
11.59
40.36
11.21
-36.8
5.46
15.39
8.73
-16.71
2.59
40.72
34.92
-36.38
-19.39
-8.36
-10.57
-6.91
-14.09
13.86
-5.39
3.87
-9.29
8.38
-6.5
-102.63
0.75
4.4
-8.92
4.71
8.13
12.79
124.26
21.52
1.43
-6.29
19.39
-5.7
-50.8
-33.6
0.26
23.06
41.77
48.58
17.95
67.17
104
8.65
4.1
2.66
-37.76
30.23
-3.68
-5.68
20.81
21.59
-4.05
1.21
-8.94
-93.59
-2.3
-86.45
-58.4
-46.77
-0.64
35.62
16.62
35.77
8.51
-83.97
11.97
-26.45
-7.42
-7.48
-14.4
38.58
-15.34
10.31
-90.31
-34.03
28.24
-89.53
-2.01
-85.95
-11.34
9.03
-1.34
8.92
-56.74
10.2
-21.6
-44.63
4
-0.56
-15.73
-24.98
-33.28
-86.58
53.32
50.52
41.05
8.44
-24.06
-0.76
-139.89
-9.41
19.8
-7.89
-12.71
8.5
-134.81
19.45
65.38
38.79
-17.34
-8.79
-38.12
24.85
17.67
18.87
-48.81
56.96
-7.13
13.87
10.16
8.38
-20.01
15.33
-53.53
15.25
-17.32
12.28
31.87
14.03
53.75
-17.42
10.29
138.55
51.15
0.84
-81.01
-20.05
-12.84
-34.35
-29.3
18.53
2.13
-29.26
36.66
-7.25
0.12
-73.37
13.28
-28.2
61.03
35.18
-104.86
-98.54
9.74
-41.98
50.46
94.78
-0.66
9.72
-12.55
3.5
-9.09
-20.92
4.66
-12.85
-10.85
-4.92
33.25
-0.9
-60.72
77.58
-8.49
17.33
-2.53
28.07
-6.46
13.98
28.32
-3.88
53.87
-29.03
-13.59
119.47
48.74
-26.6
-13.79
42.39
-12.14
-12.19
-5.27
71.23
10.45
-4.88
1.86
-2.05
1.66
-3.34
3.28
34.56
-7.17
-85.1
16.27
-8.7
-21.4
-1.47
72
-17.5
9.1
-7.2
4.35
-6.89
0.27
-48.61
-209.98
8.98
-23.7
4.33
63.38
94.6
-6.53
-110.17
-149.16
-68.77
-57.13
27.07
180.02
73.08
-5.51
-18.75
0.21
3.75
-0.02
-7.51
-10.48
-3.69
-9.56
12.48
-35.92
-12.2
-6.09
5.9
-9.3
-127.18
-38.2
7.45
-48.12
-113.05
-7.21
-68.26
0.7
11.03
62.02
-27.1
-7.23
30.4
-7.8
-26.53
6.25
-45.94
4.84
-99.9
-429.02
45.31
5.8
-11.31
-3.34
-3.56
-25.56
-30.68
28.28
40.78
29.65
-0.41
-7.1
35.24
-11.86
13.75
58.54
-96.78
5.31
27.79
100.97
75.16
4.99
22.86
50.31
22.86
20.54
-5.09
60.21
-1.69
130.75
-4.88
2.39
4.96
18.06
-56.52
-4.48
2.36
-12.89
58.12
6.11
6.87
8.56
3.37
10.06
-34.02
30.97
-57.41
45.75
8.6
7.37
38.65
-9.42
75.74
-0.25
-10.94
5.96
9.12
-12.63
-7.49
-17.59
-2.53
2.92
4.59
-66.81
40.01
-77.85
-131.73
-15.62
-4.37
16.24
-11.4
-10.87
-20.36
-11.29
30.83
69.82
29.42
-86.83
6.72
18.39
-35.13
34.13
-6.97
38.05
-3.58
36.47
9.91
133.52
85.5
-50.02
3.68
68.3
-10.98
82.16
3.46
49.57
-117.02
-2.66
15.77
20.75
49.26
12.98
10.78
56.36
-16.51
-6.96
-1.78
156.69
18.15
-11.45
-9.34
33.73
-20.97
3.92
12.26
-6.6
-65.58
42.52
103.99
15.23
6.09
-67.03
-1.56
-4.84
-7.11
83.94
44.29
4.8
-70.02
4.91
-1.29
21.62
-9.42
51.33
8.23
33.17
14.21
-31.27
-21.86
3.87
3.7
204.29
42.69
-19.86
6.3
-4.48
-1.03
-63.56
48.45
-8.13
-21
6.54
18.71
28.67
-8.23
13.72
1.66
-50.99
-7.71
17.74
-65.86
39.62
-3.22
-9.12
-8.55
3.29
62.27
-146.51
1.68
3.56
-105.49
3.84
-2.73
25.5
-10.72
9.27
-7.58
-48.95
-6.39
10.58
-8.58
0.58
-10.42
8.96
2.73
-62.49
10.91
-10.44
-17.03
-100.53
-8.54
-49.86
-5.11
66.85
-18.26
8.78
-21.97
-36.33
-6.53
-43.44
49
3.71
1.5
-8.42
4.29
6.19
-134.35
-9.55
-7.45
5.47
32.25
-17.68
-94.42
-25.31
0.37
-41.61
1.68
-35.28
-6.94
2.5
32.6
-7.9
-6.21
10.84
38.33
6.93
-5.4
19.5
-8.62
39.87
-5.8
-12.13
120.79
-22.01
-15.03
97.82
-2.76
8.23
-69.5
-9.24
19.09
-3.75
41.69
-36.48
-7.52
14.09
14.75
-3.04
-164.16
10.48
-76.36
11.35
66.56
16.52
2.78
-439.99
22.97
30
-26.56
10.91
31.53
132.77
-16.25
-0.79
7.4
-0.83
40.06
2.75
-23.11
16.98
52.97
10.45
-5.35
17.43
104.89
-46.01
7.6
50.3
36.05
15.33
77.33
-14.52
4.2
-4.37
-42.18
-2.55
35.17
9.9
15.29
-14.82
5.52
39.07
90.52
-226.3
-0.79
19.54
-23.67
-5.84
5.33
11.05
-0.91
1.43
-9.43
-8.57
-7.61
-58.22
-63.31
-31.49
-11.72
21.03
20.27
21.63
-25.66
-12.63
2.57
-3.27
18.54
-18.64
-9.64
23.52
-6.58
-8.18
-11.12
-19.76
-93.8
-81.39
34.92
3.83
-36.01
-6.41
5.13
14.83
11.42
-301.43
8.17
-18.92
-11.77
-15.36
153.05
16.06
-78.97
66.33
8.69
-29.42
-18.52
31.89
-7.08
38.45
114.78
43.02
15.52
-34.11
-0.67
32.15
-14.08
128.37
8.07
-104.45
-25.92
11
37.09
60.76
-21.52
-14.14
1.83
44.59
6.88
5.69
-3.12
6.26
-8.14
-27.17
3.51
-50.19
-158.53
-4.22
-6.72
-29.22
3.52
62.34
34.22
-2.8
41.4
-64.41
44.25
-7.92
17.25
23.83
-12.93
48.58
-20.03
-11.37
8.22
70.23
24.56
-9.74
-28.48
-25.58
7.63
44.11
-4.95
0.43
-12.33
-63.81
-10.18
34.48
98.05
-55.77
-24.01
102.98
-10.18
-6.35
29.2
30.99
4.82
-11.62
8.98
19.59
-16.37
1.56
17.8
56.24
8.39
-6.53
0.37
-56.44
-32.84
-81.77
6.91
-16.3
-44.02
41
63.9
16.37
-33.45
9.7
-219
-8.41
-60.97
37.04
-18.99
10.84
-1.15
37.82
40.85
-18.8
4.34
6.03
-66.55
-167.3
15.88
-18.16
80.6
105.58
-9.35
-21.59
39.4
-49.88
42.09
7.91
23.41
-3.05
-9.89
18.32
-27.94
-28.11
16.88
-126.68
16.11
-29.58
-64.63
-33.92
-1.28
25.69
30.33
-9.65
-8.62
42.49
6.35
-9.65
13.45
2.83
-1.8
-23.59
27.61
4.77
-82.87
-5.66
35.88
-4.25
-16.67
5.37
3.08
-70.04
-33.25
-33.7
8.89
13.01
-2.99
-4.89
2.09
90
12.95
12.87
-79.17
53.22
11.13
-86.1
-6.83
-6.11
-0.26
-34.55
-41.3
24.55
74.46
-53.96
-14.35
10.59
-43.52
1.61
8.02
7.8
-0.75
-8.64
-30.92
62.7
33.5
-13.59
152.96
8.08
-3.91
-7.95
-6.85
158.93
76.18
-7.97
-1
-39.15
-33.1
2.07
16.61
11.55
-6.46
17.34
27.77
22.19
26.62
13.47
3.41
4.99
-11.02
-11.95
51.74
-4.73
2.46
-26
5.76
129.33
48.11
56.04
34.89
7.34
11.6
-0.34
50.06
-21.37
98.9
27.08
-60.31
-5.48
-9.95
216.21
45.84
-7.97
6.42
-11.2
-57.88
57.68
19.36
81.79
-2.39
-50.96
-145.98
5.91
59.51
12.76
-24.47
-49.94
-15.09
8.58
4.01
54.9
34.77
216.06
8.59
16.64
4.92
29.68
128.81
20.58
17.2
34.93
5.48
-16.72
-63.97
39.73
5.45
-7.49
1.43
2.08
-9.74
-86.06
10.03
5.19
23.38
-6.43
-43.04
-136.96
1.72
-23.47
-82.8
160.75
-24.2
-10.59
-22.55
-89.77
29.81
-64.82
33.97
31.51
52.65
-36.56
-103.83
-0.45
-89.99
37.29
13.04
-9.7
16.56
7.33
7.8
-38.47
-3.73
-13.2
-20.16
42.37
11.4
-19.29
7.67
8.49
16.22
4.29
5.71
-10.9
49.02
-119.67
-7.53
4.06
