10.59
-29.63
-44.56
15.22
-132.4
9.64
35.27
1.23
7.03
8.37
-30.28
16.38
-4.7
9.66
-10.66
-9.06
19.81
13.26
-9.14
32.15
48.19
21.61
18.42
13.55
19
47.52
32.66
-14.66
-13.94
58.85
45.78
80.15
27.95
-2.58
5.21
-2.37
71.44
-16.68
16.18
4.87
-7.61
-19.1
-23.39
-65.4
2.64
-7.85
26.59
42.32
-1.54
35.38
-2.5
10.71
-11.59
0.72
-105.07
-6.86
3.57
32.7
-87.33
46.96
6.85
31.99
-54.17
15.56
-7.93
29.76
60.64
-2.73
32.29
-104.02
-67.18
3.27
51.12
12.94
18.68
-10.37
6.11
3.2
-8.71
-73.99
-10.8
33.99
-6.51
12.83
44.09
-4.87
43.55
6.2
28.14
43.81
-10.49
-15.59
3.85
-25.2
-36.99
2.65
-48.87
112.57
19.46
4.18
28.02
19.41
-9.55
-0.52
-30.15
7.41
64.49
-37.44
-3.68
-24.81
18.33
-38.55
7.93
5.98
-60.28
14.42
42.78
-156.67
-8.44
61.72
-2.47
-11.65
-96.94
-38.15
-114.24
-19.12
9.42
6.45
98.13
9.55
-1.04
44.92
-40.6
-23.87
-40.06
-55.98
14.06
-7.55
-104.57
-5.94
3.81
106.86
46.2
5.32
18.9
-1.93
-0.21
50.09
105.4
6.18
11.11
25.78
3.39
6.04
13.65
-39.74
10.03
-9.53
17.59
-7.83
-8.45
49.12
-63.78
-8.26
5.71
-32.17
-32.77
5.62
22.79
2.15
-4.55
70.36
12.82
15.64
-17.66
-10.74
-36.89
-11.93
-2.5
-123.25
-65.68
9.16
115.84
7.14
-0.58
-14.76
45.22
-2.08
-0.86
-44.28
-39.82
-68.9
36.89
-29.17
11.95
124.51
10.53
-135.09
3.41
-10.36
-5
-8.65
67.37
6.57
52.71
-83.95
4.22
-15.11
5.87
4.67
37.92
7.28
26.94
-3.9
-38.1
11.67
14.97
9.03
-58.28
47.79
-170.54
7.66
2.22
44.48
6.7
55.68
51.12
131.77
68.15
-50.67
-15.55
-3.7
12.37
73.43
2.77
70.17
107.87
3.77
10.49
-6.1
33.64
20.17
35.45
-3.77
-9.48
7.71
-124.81
-5.88
17.19
7.16
-38.17
69.88
-94.46
-14.96
-3.14
-0.37
-9.92
7.04
12.62
20.23
12.5
-26.28
-2.94
16.09
-10.91
-24.22
35.52
6.72
-53.75
-106.76
7.97
0.47
-14.36
-2.6
-43.96
-3.14
7.81
6.13
-3.8
12.64
-18.76
-39.08
22.5
17.52
-1.28
-49.09
-7.11
21.78
43.77
-8.61
-5.97
-33.14
12.79
-61.04
-2.07
9.54
-109.05
-189.73
-28.91
-66.18
8.33
4.65
-7.85
24.76
-20.4
130.89
20.94
-5.04
-21.94
-5.65
33.27
10.55
10.26
-53.02
-27.48
9.21
-79.17
8.05
4.52
5.12
-50.14
24.35
-12.71
-12.12
-2.06
-70.97
-26.47
104.75
9.74
143.89
-17.34
-5.03
-8.91
-14.69
-11.43
-3.69
-11.88
-2.88
3.18
54.61
-125.56
4.93
-4.16
-11.79
9.57
-26.22
-13.67
4.85
-1.77
-20.32
10.46
134.73
-10.28
5.37
18.47
41.66
14.88
8.52
-8.93
-53.04
11.15
12.59
-54.85
-108.17
4.14
-1.38
-4.07
16.82
38.55
-10.5
28.47
-2.6
-8.06
-5.61
-32.47
-91.05
-0.21
-21.12
-11.74
68.06
30.59
-5.74
2.24
-5.11
-10.31
5.91
0.31
-2.67
8.24
-10.27
-8.42
-4.65
76.15
58.95
-2.5
-5.6
-10.35
-21.36
7.13
-5.64
12.14
-5.43
-10.73
-3.22
34.7
-8.82
11.04
-97.79
-105.47
-10.01
43.56
-1.06
-18.15
-7.32
-46.8
5.27
8.83
0.76
56.08
-1.64
8.56
82.09
25.25
122.6
36.46
11.64
37.18
-41.91
52.65
-6.26
16.77
-3.32
-13.93
20.12
-32.59
-7.86
-3.29
-14.13
-40.79
-8.24
11.57
14.91
5.98
-65.99
-15.02
-59.99
6.93
7.59
-23.6
-6.61
0.03
9.38
16.84
13.8
-5.14
53.98
14.3
62.68
-12.04
-135.38
14.62
38.6
59.05
-55.89
-4.52
41.35
7.95
-41.06
-79.73
0.55
14.67
4.01
-11.06
-17.98
-12.78
-114.95
-0.79
-34.26
-6.6
-4.54
7.4
24.59
-5.96
5.47
0.45
9.59
-31.39
-5.08
62.73
3.4
0.26
-3.64
10.91
-5.61
14.14
69.83
5.05
16.67
-13.3
7.78
104.97
35.18
57.84
-6.09
4.94
58.6
-5.93
7.73
-3.92
-21.92
10.66
32.49
28.31
29.66
44.94
6.26
42.74
-8.51
6.82
7.61
-12.47
10.01
57.5
-5.72
-12.76
-8.19
-12.43
-3.49
7.41
-5.57
-10.08
4.32
-6.52
-66.41
-45.37
-3.55
31.74
141.69
-73.25
-45.99
-75.25
114.1
-11.85
-13.63
-8.08
-6.2
-7.64
-4.51
-4.45
-4.05
5
-9.56
38.36
135.58
-7.3
-41.88
26.7
16.24
28.68
102.92
15.41
-64.94
73.14
9.38
65.54
-10.03
2.51
-9.65
15.4
-104.52
-11.78
28.36
-8.36
-0.61
15.79
-2.23
51.61
-5.77
-46.81
-0.15
-118.8
-6.09
-70.12
-50.8
10.91
-11.52
-33.03
40.48
12.18
77.75
-1.46
-309.77
5.28
-0.09
-10.65
-9.05
-0.19
3.46
73.49
6.71
-14.43
31.83
-13.41
-167.58
-6.77
-60.96
17.76
22.36
79.2
-3.14
149.69
-4.74
28.91
88.92
5.17
-12.05
-6.64
4.88
-19.23
-20.37
-45.81
-80.34
-23.88
-13.28
5.85
-9.3
-0.35
78.13
-3.24
20.13
-8.12
43.61
-1.23
29.51
-7.45
0.48
-6.64
-50.64
-75.68
17.97
-35.64
58.63
42.25
-7.98
-33.08
35.2
-5.66
6.05
-59.58
-13.22
-11.04
-5.04
2.57
-0.27
5.37
53.81
-15.61
1.46
33.99
-14.05
17.53
2.67
6.9
100.37
-23.24
15.14
13.95
35.42
-16.58
6.21
121.99
-6.74
8.39
-0.43
-18.66
-205.11
25.44
27.43
-4.94
-9.75
-3.7
-0.84
18.33
-6.4
44.33
10.18
-62.24
-11.28
10.82
15.48
1.31
-18.04
3.49
-58.59
-25.4
-51.11
38
12.49
42.59
45.7
-7.69
-14.87
-0.21
19.45
117.53
-8.62
-251.39
20.91
-9.41
64.6
30.39
-11.46
98.15
-25.6
10.24
162.45
0.05
-92.12
17.82
21.92
7.83
10.79
-1.31
10.04
-14.85
20.39
-105.08
-29.39
42.55
-8.59
22.66
5.15
-9.3
14.82
-19.03
29.26
12.11
-6.85
14.27
-84.83
-30.23
-22.78
-154.52
-5.35
45.31
4
6.97
15.93
-58.12
-25.09
34.96
4.36
-15.55
-12.26
-24.29
-214.17
57.69
-12.52
0.2
-11.12
-34.43
17.91
-43.35
17.46
-6.21
56.37
40.58
55.11
-12.57
-58.91
-23.79
-4.23
7.23
-20.74
3.77
26.24
-0.19
-10.93
-38.2
-56.32
-8.09
-7.39
27.84
87.1
-10.41
-13.58
-1.4
53.06
12.45
17.44
1.55
18.78
-40.59
-11.61
0.55
-8.33
2.04
146.78
-38.48
27.12
-94.31
-29.27
94.79
-13.19
72.55
9.73
-12.4
-51.77
-68.95
-47.76
140.07
28.4
3.44
-50.95
55
-19.62
-7.4
169.96
36.38
9.96
-33.1
11.95
-8.4
2.15
180.64
-42.18
7.95
1.34
54.54
5.55
-1.66
2.59
25.53
-43.95
51.32
39.42
73.86
-64.91
-13.22
-5.92
1.43
10.83
48.96
-22.13
-93.91
60.54
-47.17
93.47
2.05
-63.57
21.23
-59.04
-64.42
-18.44
-0.87
19.5
68.05
-47.26
-333.87
94.67
-11.67
3.77
11.08
-4.95
20.31
10.12
-1.76
-49.97
-82.17
-16.67
-9.04
-12.32
-11.29
35.42
102.2
-2.65
1.51
-20.91
-10.07
82.44
-8.66
-6.08
35.16
10.98
-7.35
-90.72
82.91
6.34
70.49
56.87
4.05
98.12
-10.92
10.89
-92.98
31.17
32.77
29.3
-7.32
18.38
79.82
-105.92
70.44
10.1
50.24
1.64
18.74
1.16
44.02
-5.04
-2.26
54.87
-3.55
3.97
-60.82
-14.4
20.4
20.92
29.75
58.21
-11.92
5.15
2.98
-60.56
165.85
2.81
58.97
-1.53
13.05
-185.52
-34.96
-115.97
1.36
-0.28
-55.2
-7
-0.52
6.46
-1.62
58.83
-4.91
-44.52
-21.17
29.42
8.01
-37.14
17.2
46.5
-3.33
-2.79
-44.12
77.76
49.83
37.25
3.42
-52.42
57.75
11.55
109.63
105.27
16.84
-7.01
12.83
-14.16
-50.83
26.23
16.55
48.99
120.5
156.51
25.5
-67.84
7.36
77.79
-95.68
-12.2
16.65
-90.19
18.01
57.06
-12.05
-11.12
41.38
-9.38
1.44
38.97
-26.53
-0.47
97.27
8.2
11.9
63.71
130.81
139.56
8.55
11.35
111.14
-4.82
12.64
35.54
28.82
57.03
-10.98
35.07
-9.29
-39.1
39.15
-36.41
-12.92
-12
12.78
4.84
-5.17
-42.73
-18.21
14.5
51.64
22.54
-32.52
-23.58
-103.29
-81.04
-92.43
-3.59
