-5.41
-12.09
21.36
54.03
7.66
-47.26
-26.03
16.77
112.98
-186.03
-18.89
55.75
103.4
-13.01
13.49
36.65
-9.22
44.85
19.35
-57.22
-42.56
-5.07
9.27
102.43
0.22
-0.37
9.71
10.22
0.61
13.91
-69.04
-3.05
-13.02
-56.24
5.13
90.82
-1.04
14.49
3.1
-3.82
4.91
4.29
0.09
-8.61
-72.74
-7.19
60.26
39.22
8.38
-12.92
31.96
14.06
-40.53
-5.07
30.49
12.3
-6.03
10.93
12.98
9.42
-103.68
56.99
-3.49
-5.04
-74.48
-4.96
-22.21
7.53
78.3
-0.09
38.21
-2.03
-108.65
14.92
7.02
-35.91
-43.14
63.57
-10.8
-3.1
-10.57
50.41
19.03
19.96
42.28
-91.91
18.52
13.37
73.34
5.16
257.48
16.45
-1.77
-63.42
5.69
18.38
74.11
1.06
17.62
-6.54
25.93
33.03
24.22
-3.07
-30.96
-278.03
1.12
228.94
-14.42
8.36
-103.61
70.74
49.31
26.87
-5.65
24.15
36.54
-29.42
9.68
9.29
0.52
3.71
-28.52
-46.84
11.03
12.65
22.19
46.33
6.57
16.54
33.47
-29.18
4.57
10.11
-10.97
-23.49
2.38
-17.3
7.76
-68.68
-14.54
0.76
-110.09
25.81
-6.68
11.4
-55.35
69.4
128.24
-89.54
62.29
-383.95
-8.33
-74.68
-15.26
2.9
20.2
8.09
-101.85
-0.57
-45.67
-8.34
7.18
-72.33
-0.71
14.24
-13.6
-277.54
-65.07
-11.04
-84.38
-8.1
-8.34
-74.77
9.12
-0.2
-14.11
-26.21
120.47
136.69
62.46
-63.88
-4.69
-108.3
42.21
13.77
9.3
2.34
-52.95
14.33
57.49
-11.22
6.53
6.72
-171.26
7.33
15.68
8.23
16.2
-33.1
3.59
0.73
13.06
93.9
-75.37
38.09
41.27
16.61
-0.16
-70.81
13.77
10.38
-0.77
-0.26
-43.64
6.51
-54.64
34.02
-31.45
34.64
20.9
55.46
7.89
-98.11
-35.71
-28.69
-29.65
7.68
81.45
26.07
48.26
-19.59
10.94
-14.31
-23.15
-101.61
10.74
15.02
-53.67
11.51
-14.3
-2.57
-113.63
10.53
-6.34
-72.46
-6.76
-13.52
-25.52
-46.18
79.69
9.05
-6.8
-17.22
-66.39
1.11
-47.53
1.26
-19.97
-2.25
-0.41
-25.69
-4.89
-1.27
36.67
-0.65
-34.84
-10.9
-18.87
7.86
-1.99
12.71
-11.39
-27.1
15.63
100.51
-7.32
-3
-15.41
-172.25
28.92
17.4
-1.51
25.49
-2.83
2.76
13.41
-3.85
-18.74
24.59
36.27
-48.31
-9.62
-214.21
32.01
77.44
-4.48
60.84
-136.46
87.31
101.87
3.31
12.73
14.23
-4.18
-17.88
-4.26
143.06
-2.01
3.72
-6.36
-8.59
3.95
0.95
49.59
50.17
11.69
-10.32
21.61
3.98
-38.18
21.97
6.32
-49.67
-4.26
-37.12
-19.76
-73.67
18.17
-28.29
-56.93
0.71
4.07
32.19
316.19
-54.49
-0.48
-70.11
-64.39
17.19
1.8
-49.61
-28.06
19.39
21.41
11.9
-6.7
28.16
-0.57
16.78
14.28
6.98
49.74
-1.57
57.35
-32.35
84.53
0.09
129.97
76.53
-6.35
-8.18
-33.21
4.46
-50.2
17.92
12.77
7.21
-6.25
99.33
-51.76
-8.95
-46.04
5.07
-10.89
42.44
-5.45
7.36
9.68
4.02
16.78
-2.99
10.79
41.66
-96.87
11.18
-2.91
11.57
-16.16
66.24
16.67
-55.81
34.71
8.64
-10.05
157.72
62.06
-22.97
1.67
0.07
-7.91
-90.62
-76.71
-24.12
15.5
4.65
334.89
5.03
-143.01
-97.55
29.81
-6.01
148.91
39.04
19.6
-34.01
50.77
58.46
-48.15
-10.38
2.45
11.96
-87.21
4.55
6.07
5.86
1.51
-174.56
5.02
6.52
10.46
51.72
51.56
23.11
30.91
-4.81
-4.65
9.41
-110.83
60.1
10.97
53.56
-18.69
-0.99
-28.14
-3.52
-2.24
10.45
11.06
-19.8
-88.94
134.08
6.88
12.84
43.99
9.91
-15.76
3.49
-112.18
43.66
121.18
-62.4
11.34
33.8
-106.32
-1.33
-0.06
-1.96
-113.22
16.32
24.96
-11.5
68.9
-7.25
-90.3
17.69
53.11
15.49
44.8
8.96
-4.36
104.69
14.27
-2.15
13.36
21.27
10.46
-3.67
-5.76
59.85
4.6
8.96
164.73
-14.34
-17.58
5.61
5.82
81.69
28.16
-2.68
5.99
70.56
-135.78
-3.35
-18.12
3.83
-3.22
-45.1
-1.43
-76.77
-13.03
-28.38
-0.02
-2.29
48.5
-14.31
86.94
59.1
0.68
-5.47
-40.38
-15.47
8.49
72.54
-4.87
-7.19
-0.04
-26.03
12.12
5.7
-104.93
90.22
36.9
-5.58
11.53
21.09
-5.83
-23.87
12
69.26
-9.03
22.05
-17.82
-10.44
-4.39
-7.15
4.51
181.06
-4.74
-65.57
7.48
-57.41
15.25
-27.76
-31.25
45.67
-9.06
-31.55
-153.73
13.03
-16.72
-1.35
-27.4
16.17
-108.4
21.91
-11.41
-108.95
0.37
48.93
70.95
-8.79
49.05
1.68
39.67
21.02
-41.14
-17.36
87.3
0.77
-13.47
-17.54
-65.63
39.8
23.01
118.76
-67.97
-10.6
106.03
-27.21
37.38
8.47
-12.35
14.5
-30.2
-55.98
-29.72
-71.4
-12.75
43.62
-3.39
18.23
-56.64
-45.56
-18.52
10
3.7
-111.19
-36.27
-41.84
23.1
-23.92
-7.24
-11.08
57.12
8.9
12.73
-3.68
-20.24
23.71
3.22
37.8
3.94
-23.81
15.08
-9.94
-0.63
12.29
-0.43
163.88
-8.93
-6.48
-71.09
-11.55
-4.84
66.26
-23.42
-10.73
-56.84
-72.6
10.21
-11.84
39.31
6.04
-0.04
-18.25
60.39
10.41
2.32
-2.77
13.38
-6.34
8.87
16.6
54.8
-33.85
-24.14
-97.42
-5.03
-1.38
12.09
-10.94
-9.04
-87.26
3.93
-167.28
5.87
11.25
-39.57
57.4
6.22
-9.42
-20.46
-8.57
-13.11
-13.14
52.58
-132.66
-45.74
37.26
-8.38
-8.31
5.24
77.1
-10.41
-24.5
2.15
4.37
13.92
-2.06
-10.49
49.03
-9.8
-0.16
-7.85
0.92
-128.22
19.12
17.97
3.72
1.85
3.01
3.68
-17.96
8.96
12.67
-56.91
-23.92
1.66
-108.12
9.86
6.29
36.26
67.42
-31.59
10.66
7.17
-8.79
136.1
12.46
53.97
20.66
-22.18
-59.57
3.18
52.28
7.85
10.22
5.01
-30.16
-10.85
26.45
24.93
-34.19
20.8
-33.12
-3.75
-54.75
-7.62
-2.28
56.37
1.26
7.81
25.68
5.97
10.95
14.74
2.61
50.67
-11.86
-5.2
8.86
26.25
-88.2
-71.84
-79.95
-49.21
4.45
46.79
0.58
16.63
8.76
-0.36
57.68
10.18
2.65
-17.07
-3.18
63.32
-4.45
4.34
13
0.78
-20.93
-26.96
-30.93
-7.05
-5.39
52.32
7.1
17.27
8.18
-1.3
-11.64
-7.04
-16.17
-87.14
-43.82
16.89
21.43
1.13
18.45
109.33
-208.24
8.15
42.79
-0.95
11.68
-67.93
-10.57
4.9
-72.61
2.56
26.18
-12.42
-19.4
4.58
6.6
-1.04
61.92
2.14
76.74
11.51
59.88
10.18
72.31
4.47
-11
-71.51
13.75
7.89
-15.71
-129.38
-12.89
-9.4
25.14
108.43
-5.94
-4.5
-34.07
-8.54
2.68
-1.18
-125.66
-14.78
-2.15
-34.15
-19.44
5.65
-20.2
-9.81
36.59
-208.12
-0.96
-7.12
31.37
-5.06
36.88
31.22
-8.63
13.98
-94.9
-19.1
-12.72
92.87
-18.74
-19.21
-192.85
21
51.89
28.76
5.52
16.73
-126.45
38.22
79.01
-19.12
-43.87
38.91
10.87
5.62
-7.34
31.24
-4.97
-18.52
-9.65
-4.79
-12.04
44.74
-15.14
-7.06
7.19
6.07
-8.48
4.95
-126.36
59.89
-168.25
8.15
-20.75
38.12
-29.44
-186.37
-9.85
-98.6
21.67
10.69
-10.06
-7.6
-8.86
147.85
13.25
33.27
0.73
13.21
-30.03
-6.42
3.81
5.88
-24.2
-49.32
2.41
-118.05
81.85
-13.94
1.32
29.16
-4.78
-12.71
-9.39
37.59
40.87
7.65
2.27
-18.04
41.94
-2.74
-7.26
-16.76
5.28
-0.69
-34.95
-2.83
15.71
-0.74
-7.51
26.74
2.47
35.7
3.44
-32.19
7.22
8.56
-35.13
-2.51
117.85
-51.81
-3.04
84.23
39.56
53.02
46.67
22.75
-86.34
28.11
25.04
21.54
-10.48
-4.33
20.24
11.08
32.09
74.81
-29.53
-25.59
76.6
48.17
9.42
-47.94
40.59
9.4
10.44
-26.61
-42.32
67.19
67.92
17.91
-10.62
-8.81
-1.91
13.68
-9.18
12.85
44.53
-23.19
-10.95
28.57
-10.92
-8.11
-6.22
-4.09
3.17
11.71
28.36
-136.15
51.45
11.32
119.29
98.37
-8.39
-16.76
-9.65
-12.93
-180.79
-9.76
70.09
-61.47
-5.11
-28.02
46
-4.79
0.7
-12
6.43
-1.1
3.57
-10.22
-2.64
1.79
-11
19.98
18.07
-1.47
-25.71
