22.12
6.58
15.68
-8.22
56.76
-8.75
-47.75
51.56
-11.96
-2.22
64.15
-14.96
-7.64
8.98
6.38
11.86
-79.26
-45.72
-34.91
3.19
-35.48
8.87
-37.32
7.54
-123.93
-10.32
23.63
-10.81
13.57
42.57
83.4
12.4
0.37
10.69
126.33
14.73
-67.63
199.78
-41.48
-35.5
-15.21
76.98
-12.98
-7.45
-0.14
-8.45
30.29
7.64
13.78
10.08
-29.73
-7.49
-11.72
40.38
-33.58
6.44
-26.93
11.59
96.11
-105.32
-10.38
2.35
-4.72
-18.15
-11.7
-31.29
-11.52
49.48
-13.63
10.7
-50.23
-3.93
-67.6
-6.95
54.95
313.87
-6.68
49.52
28.19
54.47
116.61
56.75
-8.46
56.53
10.91
-4.52
16.73
81.4
7.38
70.58
13.82
-16.89
-7.56
-28.42
71.1
171.05
44.85
8.13
-4.27
-6.37
37.78
31.7
7.07
-4.42
-122.04
24.75
-159.11
10.43
178.67
12.78
5.6
9.35
5.74
10.09
-152.85
69.14
-8.85
1.5
-8.83
9.7
8.87
-37.04
9.91
1.26
-6.83
63.79
-10.81
-40.96
14.54
-82.67
196.23
-4.45
6.68
13.66
-24.87
-43.26
-51.33
0.75
13.74
-10.16
-2.09
48.3
-11.98
10.44
12.49
11.5
33.72
46.15
-5.55
24.4
5.72
122
-6.87
-71.38
47.4
-6.18
-43.72
-3.01
-92.99
0.14
12.76
30.79
3.04
-48.09
83.26
-25.22
-15.64
6.02
-13.96
21.47
-37.33
11.29
-9.42
6.69
14.76
-9.02
-25.71
71.72
-46
15.47
10.71
49.35
-18.07
40.7
-19.98
13.73
75.85
-152.37
-0.58
4.8
-24.26
20.82
26.75
-102.41
63.81
96.36
29.99
-41.8
-15.89
-25.89
8.73
6.4
6.94
35.49
-2.17
-86.55
44.72
26.78
-4.26
2.5
38.66
32.46
-287.96
-9.53
-11.67
-19.34
1.12
54.3
15.12
15.14
69.6
-5.53
0.33
12.89
19.84
-17.12
9.04
-27.64
-14.1
27.63
-8.84
8.41
4.33
43.75
4.72
-6.71
0.14
73.42
55.18
-9.26
21.71
16.7
-62.15
7.89
3.6
-24.14
-0.1
4.43
15.06
-0.69
-2.46
-146.84
-3.37
-35.33
-2.13
15.03
2.34
-115.91
-6.53
37.16
9.03
15.88
-1.89
-47.03
56.36
9.82
-7.34
-10.77
-51.51
-45.06
55.41
56.72
35.02
29.02
-6.41
6.35
17.79
23.61
-6.24
-11.91
-12.17
6.31
-11.18
3.18
7.62
-6.63
62.26
-47.47
41.27
-3.19
-6.92
27.5
0.66
-130.05
-39.92
10.11
-0.18
-174.81
7.78
12.7
-106.71
25.96
6.95
114.15
-3.57
25.35
14.2
6.99
9.31
-34.4
17.62
-36.45
70.28
9.63
16.16
11.97
-1.65
60.33
-8.99
39.73
4.1
24.97
96.2
-3.4
76.67
53.54
-134.53
114.42
-4.48
-38.41
3.99
-19.32
-51.92
-163.54
-6.2
-6.1
6.59
63.99
55.68
15.82
-85.94
10.72
89.08
15.55
-2.53
81.62
-9.98
8.29
22.47
-17.33
-7.42
-19.82
7.63
9.18
10.83
21.66
35.26
-1.97
6.21
-9.85
-1.62
17.71
-8.06
-6.38
11.16
-1.05
-4.9
49.03
2.52
-93.64
5.24
-8.62
-59.91
-6.3
79.35
5.87
-74.27
2
42.43
42.89
-2.86
48.94
-202.13
10.04
-58.27
-53.3
6.33
98.76
-33.96
45.93
-169.29
-62.53
-23.35
7.35
48.84
-27.32
117.34
-57.47
54
63.41
7.98
45.41
-13.54
-11.93
6.02
-13.16
12.06
-24.88
-11.48
66.56
6.31
8.36
22.73
-39.8
-24.85
3.59
-12
-44.89
-11.68
120.35
-39.92
4.75
-5.3
-5.37
-31.63
13.4
21.11
-6.68
-107.86
-97.31
-1.64
-70.75
6.26
-219.64
4.6
-63.99
83.81
-39.76
8.21
-9.79
-109.05
-10.17
-6.37
-103.65
-3.86
7.55
9.72
-46.66
3.08
-27.36
-10.15
28.28
10.34
-72.24
45.61
0.07
37.68
66.96
-9.17
94.42
8.88
-24.35
-61.55
-8.68
-3.85
261.08
-10.41
29.51
65.89
-87.01
39.6
-3.09
1.46
-7.37
-7.48
19.58
-17.49
-39.76
-12.26
-0.75
-35.32
40.33
-24.37
7.3
16.16
11.18
24.51
-2.33
-3.57
-24.08
-51.5
-183.19
-46.95
16.55
-29.77
95.79
64.57
28.04
104.5
153.08
-8.89
3.99
24.61
17.44
-6.59
36.3
62.16
-23.66
-37.48
7.01
41.44
2.61
-191.74
-10.26
-18.64
5.41
-52.26
-5.65
17.97
89.67
139.78
33.92
4.35
2.97
14.51
-9.72
77.66
27.37
-11.95
68.8
-7.06
11.27
-90.83
47.97
-16.06
40.19
14.47
-113.99
-65.47
8.5
-9.46
-71.21
21.35
15.7
23.72
-19.51
8.15
-21.25
-2.66
11.76
171.79
7.86
-4.33
36.32
14.46
5.61
21.35
6.94
7.68
2.67
0.06
-10.95
19.6
22.94
11.58
6.4
20.56
-28.93
-13.44
28.19
-209.21
-8.28
55.21
-4.14
5.5
-7.66
-93.51
0.48
-6.82
-17.54
-45.4
-73.24
72.31
103.3
76.37
59.78
-43.78
-19.11
-38.35
12.77
-88.27
57.37
-33.8
-39.5
-3.83
-19.85
-26.53
-8.75
14.01
8.13
39.11
-14.63
33.59
-294.38
-4
0.83
-5.23
-12.02
2.04
52.64
-76.14
-36.08
4.08
-63.56
-3.92
50.44
-29.35
3.34
-45.28
1.9
35.64
-6.8
-0.12
-28.45
-55.9
-3.06
52.14
12.27
3.13
-6.71
-39.86
-14.79
-42.55
-28.2
-32.27
92.86
22.27
-45.67
-145.27
-4.83
-0.04
28.28
38.64
91.24
-9.32
-1.68
32.27
56.32
23.55
5
-56.94
18.61
-65.38
6.41
14.86
47.14
17.4
-23.76
-6.39
40.83
-3.12
-73.06
-161.85
-95.99
-4.65
-44.97
51.69
-10.19
-11.04
-5.17
-1.18
-27.76
-3.36
1.57
116.01
-7.59
22.49
8.43
37.53
5.36
10.48
-69.85
-12.55
10.92
6.82
-4.47
-27.99
1.08
60.59
-56.44
-26.73
-10.93
-9.97
-4.76
-0.41
12.02
12.91
3.5
1.64
-6.5
-84.42
21.15
7.43
34.12
21.28
-60.33
-4.81
-27.49
17.22
-8.87
92.19
64.5
-8.46
-25.79
36.41
57.83
-38.88
-10.97
-141.94
2.43
-125.89
-117.61
5.72
18.88
-1.69
110.84
19.59
50.51
-17.32
-50.08
11.74
11.67
96.77
-27.37
15.18
7.23
40.27
30.63
-92.52
40.54
-5.38
46.98
-38.35
-36.66
1.53
-4.46
2.25
0.11
-86
-5.19
-184.14
-9.78
-13.89
10.52
1.92
-8.14
-44.44
7.38
-6.36
-19.78
7.49
-1.09
-6.37
11.35
13.73
9.45
56.79
-20.56
32.04
-9.25
62.31
43.22
-4.91
14.13
4.84
4.99
-26.61
-125.75
-7.99
-4.48
-2.53
-54.28
-2.98
-70.37
-9.11
12.26
-34.38
14.9
9.67
46.52
37.16
14.96
-74.58
46.85
40.41
-63.29
31.46
-8.39
-81.52
-41.34
29.76
-31.63
-4.25
-8.99
-135.44
-0.31
29.91
-6.84
30.93
7.85
69.03
20.45
-66.1
6.44
87.59
33.33
26.72
-6.97
-19.1
15.58
-0.43
-18.92
-28.17
-21.88
-19.94
18.06
12.02
9.3
42.76
-44.99
19.9
-6.58
87.41
36.94
4.78
11.15
50.78
11.87
12.17
67.36
-6.69
1.15
47.13
-72.62
-16.08
-3.4
0.45
3.6
13.53
-22.1
22.86
28.44
16.92
132.83
-11.53
1.4
-0.08
63.5
-65.66
-67.59
-5.78
9.64
-5.97
-41.49
5.42
3.05
-43.55
-24.48
13.39
-14.96
-5.31
-2.57
-77.58
13.79
-0.66
7.26
-61.92
0.55
152.44
63.2
23.47
-10.07
-4.8
64.51
-3.01
7.56
-70.34
32.57
11.49
-29.91
-3.69
60.23
74.8
30.27
52.95
3.18
-10.52
-36.02
-29.03
10.73
99.4
17.65
-26.69
-144.23
-13.86
-13.8
-10.29
-77.36
-5.2
6.09
25.82
54.65
-37.33
8.12
11.46
-6.24
-9.4
37.8
23.2
-11.68
7.54
14.69
-9.85
31.27
19.2
4.42
139
1.51
-1.3
10.39
0.02
-17.07
9.99
-74.75
191.63
8.7
-1.55
-55.48
1.58
13.82
-8.1
-0.25
-8.63
-6.46
-17.32
-9.12
-7.12
412.78
-78.28
14.05
9.02
-22.95
0.48
-13.27
32.36
-14.33
15.66
33.98
14.42
13.37
-64.97
-5.24
29.12
47.66
3.99
-52.85
-3.75
55.11
-9.79
-26.8
-4.03
-78.7
78.93
12.95
0.89
11.08
5.21
-8.19
4.73
-34.58
5.52
-10.16
-1.7
8.2
-103.47
-0.83
101.5
3.71
-151.39
-7.7
-14.44
-11.51
-3.57
-15.23
33.59
-13.31
0.24
41.17
5.57
-7.18
-74.31
6.17
4.16
72.91
-73.75
-18.01
-3.31
16.29
8.56
10.95
-6.34
-44.01
8.97
2.26
-83.84
-106.65
-1.71
18.11
-4.47
-88.72
-12.23
-13.23
33.3
-53.76
