-6.78
8.6
7.95
-12.72
72.71
10.96
15.98
-3.39
-2.76
31.41
33.07
22.29
-30.07
-9.97
8.04
13.44
21.37
5.31
56.44
66.75
37.29
6.02
45.01
21.84
-0.03
11.84
1.42
11.78
-9.68
38.24
29.92
19.92
80.44
-226.2
-7.73
11.8
-142.04
82.91
6.56
10.17
-2.85
-1.33
-5.99
-22.47
100.92
82.82
4.46
-9.17
13.67
-7.93
-9.74
-39.26
65.1
-4.33
42.37
13.92
0.16
5.34
36.33
-3.34
75.82
-9.55
-126.01
65.07
7.28
-7.01
-39.6
-97.66
4.76
-17.39
-27.97
-14.95
7.13
-14.26
9.89
-4.43
-33.58
53.85
36.42
14
1.03
45.18
31.01
94.62
13.13
33.58
-27.45
-13.16
61.27
5.35
80.96
92.38
-309.67
0.81
13.15
71.46
-40.42
-8.46
-4
58.93
70.25
-75.61
18.64
11.48
-8.03
19.65
107.94
5.76
4.66
-21.43
3.01
7.34
2.72
12.63
40.29
60.58
89.51
7.12
12.39
-45.22
-48.9
51.65
41.39
-10.84
127.55
-8.81
45.4
13.9
-9.56
-0.39
-97.29
12.49
78.56
7.96
-9.21
-9.8
32.86
12.93
165.33
62.85
14.4
-22.34
-109.67
15
-59.22
12.49
-207.47
-1.45
17.88
-10.62
-7.16
29.66
-18.26
36.85
-9.91
13.88
23.84
-0.64
-84.65
-82.44
-10.51
-42.73
5.52
-48.28
4.3
124.59
10.93
37.51
-44.9
11.09
-8.17
-58.74
31.86
10.99
-54.09
-20.04
-14.77
-63.22
-85.06
50.48
39.26
6.38
-0.96
-5.15
31.97
29.03
-14.13
-2.14
-4.41
-49.82
35.46
61.19
-11.71
1.57
59.64
5.67
11.78
14.62
5.22
7.89
-16.05
31.26
10.93
-50.78
16.36
4.21
28.71
-51.84
-2.83
3.02
7.99
-20.6
18.82
11.08
-7.69
-11.03
7.11
-4.94
18.74
77.38
1.43
16.64
10.03
-136.45
-129.94
-111.36
20.02
2.49
5.61
-33.51
-11.17
14.17
42.82
34
-56.1
-83.26
56.45
34.66
-56.81
-75.97
-12.47
15.53
56.32
-38.87
-6.29
7.11
-10.97
11.9
2.72
-34.55
-2.24
-11.09
10.91
30.97
11.38
-24.85
55.82
34.48
61.82
12.91
18.68
-45.79
77.36
8.14
-12.09
-3.62
49.96
-49.4
5.69
7.88
-6.57
-10.8
26.11
38.26
-3.17
9.78
-8.15
8
-57.33
-15.7
9.87
-239.96
8.09
-15.53
42.82
36.54
26.9
49.81
-9.29
5.14
7.09
17.65
30.14
-8.2
-32.89
13.04
10
13.1
0.9
-22.39
9.34
11.37
-16.39
41.92
-77.6
2.08
105.12
-2.01
-10.01
-5.66
86.52
-43.66
-13.09
-7.47
-24.56
-11.47
11.18
52.7
-7.28
-331.58
-25.36
-7.13
-11.66
7.93
8.55
49.65
8.03
3.02
4.79
-1.81
-9.36
-7.9
-10.13
20.85
-2.02
-28.63
-20.63
-5.1
82.42
-6.55
-34.43
-3.24
59.5
-39.3
-12.28
0.27
-10.64
-78.6
79.11
-10.82
-22.73
-16.81
-23.17
-17.35
10.98
7.61
-27.52
-30.72
14.92
0.51
-19.93
-6.21
-123.05
-13.75
-7.38
-3.8
3.3
-4.13
-7.17
46.63
-10.83
-77.8
-53.07
19.41
30.55
15.6
-3.16
-20.11
13.35
-7.37
16.4
10.32
33.01
-40.16
54.95
56.27
167.06
40.45
17.59
43.25
-27.16
-11.99
-7.34
68.68
4.31
-190.29
-142.2
-23.93
27.88
-16.59
44.97
-1.71
6.12
10.91
2.16
-30.07
3.14
5.48
8.57
39.29
0.42
-66.63
-10.9
33.73
-51.02
-21.15
0.84
5.53
13.08
16.71
0.36
28.67
6.99
30.27
15.55
-3.4
58.88
-10.97
104.39
-2.58
61.6
29.23
-15.9
5.99
173.61
6.62
-19.92
-4.82
-1.96
-59.21
15.2
-12.71
21.41
14.98
-25.32
5.94
73.73
9.05
-13.16
-92.36
-73.61
-1.65
-26.87
-30.04
4.78
80.28
10.07
8.26
-0.87
-9.22
-2.36
5.13
-2.56
-21.87
-51.01
35.36
6.35
-7.03
11.99
15.73
-4.44
7.19
14.29
-7.08
-33.35
137.87
61.99
-75
7.17
-30.56
-86.32
-8.5
16.72
40.18
32.3
3.76
37.94
-15.56
-5.56
8.78
-22.6
-8.5
17.49
32.95
-0.66
-14.8
125.16
-6.1
1.39
4.75
84.84
-11.67
-8.6
2.39
-7.64
-7.11
-28.52
4.38
42.61
121.35
6.12
8.64
45.62
69.17
7.99
-16.73
-22.45
-8.55
-23.72
-8.3
9.6
93.42
-16.47
-49.47
-14.12
8.3
95.92
-14.14
-21.68
14.96
9.58
33.4
-39.39
-22.52
-25.67
10.72
-8.99
-11.46
35.67
1.17
21.48
1.6
4.31
-8.25
-45.43
-48.13
-9.45
-74.21
-6.97
-7.93
-24.44
-81.99
-30.38
5.13
21.81
16.74
-11.44
2.76
11.42
-37.65
-25.83
56.55
47.78
3.07
104.26
32.76
-25.45
-0.95
-5.13
22.94
7.89
44.78
-124.79
60.36
-12.3
20
34.34
82.65
-36.7
8
12.6
40.31
5.61
0.54
18.14
-78.21
34.29
-12.34
-4.21
42.28
-23.7
17.85
61.77
-23.9
-75.26
-40.91
13.22
-54.46
9.96
50.34
-3.06
-17.64
-24.24
11.77
-12.81
29.29
20.74
-40.28
4.17
78.15
-15.66
-15.52
53.23
-116.23
215.49
67.44
-21.25
-11.4
-10.11
13.76
8.96
-7.51
-24.66
50.63
-85.59
-4.91
112.52
-64.37
37.72
33.04
6.51
7.39
15.57
-26.33
4.15
10.5
139.62
3.64
177.64
29.3
-8.56
-9.7
-2.92
6.08
-76.69
80.54
45.1
-6.72
-11.29
-16.92
105.46
-1.1
-13.36
-43.77
1.89
5.28
19.16
-7.22
-13.45
4.49
9.89
-25.61
-10.23
56.39
-8.45
60.03
63.77
78.77
8.05
38.38
-110.15
-2.89
3.15
3.83
-3.76
-1.21
3.07
3.99
-5.45
-13.29
59.36
57.38
1.82
-470.4
1.08
-12.14
153.09
51.29
-9.55
29.58
-49.34
2.66
45.39
-36.84
-82.3
-23.04
-5.32
21.72
-4.6
5.96
-47.53
-29.23
10.13
69.47
-15.19
-47.85
-8.86
-73.12
67.72
-5.1
-0.05
-20.38
3.52
39.33
7.56
13.03
-12.89
2.26
4.64
1.26
88.67
-54.29
-8.38
-2.41
8.4
-8.43
-20.9
6.69
0.98
47.01
-53.36
-2
60.17
-8.27
16.89
59
-1.51
69.64
10
65.94
74.39
8.09
5.63
2.04
-14.43
-8.87
8.72
1.31
17.74
121.27
-95.68
-47.93
-87.12
112.87
-96.77
154.89
-10.09
-2.43
-87.71
9.31
4.65
4.01
6.33
51.26
0.6
54.85
25.82
17.1
18.97
-7.48
-69.33
8.24
-37.13
138.28
2.38
-29.47
32.65
10.11
10.96
123.41
69.88
-14.39
-57.01
12.4
-91.34
-3.68
6.95
12.61
-7.76
-106
-5.73
48.52
10.2
1.05
-1.14
-20.05
14.89
64.6
-6.64
38.6
28.19
-36.35
84.42
1.94
166.62
84.8
44.71
-9.42
12.17
136.63
46.32
-8.82
23.58
65.5
-5.58
19.98
3.93
-54.83
12.94
-3.66
-5.31
9.83
16.65
-5.77
-15.89
30.92
-8.68
0.36
-14.11
-7.56
6.24
-11.77
10.96
-43.22
14.02
13.2
-8.28
89.38
10.31
-0.16
1.81
9.14
-65.71
134.08
17.25
6.03
15.48
60.58
-5.68
30.69
9.62
17.42
12.62
8.14
5.94
-0.1
-140.74
-19.78
-20.9
12.77
-86.48
-48.23
-9.48
12.35
7.37
53.52
53.47
-32.4
18.26
9.98
10.41
15.28
-1.3
-137.93
40.31
39.36
-23.93
-20.64
61.11
-5.62
-7.72
5.58
37.17
-48.93
60.56
-81.97
153.52
40.96
-4.3
25.95
37.96
-8.03
2.67
81.03
-79.79
-12.09
34.59
-3.15
-2.15
-1.83
-7.21
8.51
-10.98
4.76
11.26
-8.49
-39.9
-12.25
117.54
65.35
-131.85
46.38
-7.1
44.09
-4.03
7.25
-8.2
-41.73
-4.51
-23.99
8.2
0.83
-139.05
-79.93
64.14
-4.21
10.93
-12.81
54.61
2.01
-16.14
24.17
-10.51
9.36
-12.7
-49.3
-3.46
-10.34
26.05
-30.02
9.51
-37.59
1.16
-20.6
63.81
-53.62
-81.8
-34.32
-2.41
-5.86
1.24
27.05
-7.18
3.54
-8.91
55.77
-71.13
21.18
9.43
-25.72
18.32
7.59
8.72
46.19
-8.16
6.92
-11.36
-61.58
-17.51
-10.12
-24.86
-14.24
-3.08
-4.93
-7.81
-8.95
-35.8
-60.51
-56.17
2.54
23.98
-58.83
4.71
97.97
-7.44
-66.45
6.99
87.35
-9.22
3.85
-230.52
8.59
-2
28.29
10.18
-14.12
-0.25
-27.67
-6.49
-14.64
-32.24
-0.91
76.68
-62.5
177.12
16.34
-112.57
-6.95
64.12
-75.02
33.65
4.93
-80.22
9.88
4.1
-3.88
-83.05
-11.56
9.7
55.33
-62.16
10.5
-13.76
-54.03
