16.34
21.47
-4.57
-10.75
68.32
-4.73
-26.5
-34
-58.12
21.87
4.42
25.51
52.13
-91.44
-4.96
24.12
-9.14
8.19
-12.06
3.05
-17.43
5.63
-46.97
5.61
-12.21
28.47
-37.45
0.05
10.24
15.02
-2.82
39.76
-41.57
-15.08
-27.46
5.54
11.26
-4.61
-3.16
17.85
9.78
7.59
-2.62
-10.28
-13.29
16.46
34.17
11.21
-12.25
-33.48
13.02
19.51
-90.55
-18.36
-12.86
53.63
-5.91
60.7
-14.3
-159.85
-6.64
16.96
16.46
6.54
14.84
16.26
-186.03
-9.29
4.87
-11.2
-8.87
-8.97
9.22
-6.98
-8.56
9.12
-57.37
17.74
0.8
-52.19
31.15
51.45
-17.08
53.38
9.45
-0.07
-18.08
-71.76
4.27
-33.05
-3.86
-33.79
1.42
-28.94
-14.32
13.93
-29.42
-12.52
40.87
27.8
-17.77
-18.78
-12.31
-2.22
1.77
-128.68
22.01
17.5
40.01
11.87
14.44
34
9.49
-32.18
58.16
2.43
69.57
-50.42
-125.38
14.75
43.45
34.29
56.76
-12.89
89.82
11.52
-8.61
-3.2
-0.67
26.67
-2.89
-81.23
-10.81
-11.49
-6.66
-20.72
-24.72
-8.72
19.86
-5.41
79.7
13.79
43.35
-19.77
-38.91
-76.16
74.04
95.03
-118.69
8.39
0.76
23.13
1.14
-10.72
-37.61
6.87
-6.57
2.77
75.13
-9.65
13.76
-4.52
-0.59
-31.4
12.84
14.41
364.56
-110.96
94.1
-13.22
-34.15
35.61
8.05
-10.02
23.49
12.55
-17.8
0.83
-23.02
-4.78
97.81
-12.27
-6.87
20.04
-25.61
-22.91
87.16
8.27
-4.67
7.87
-3.89
-0.08
-48.85
3.38
94.7
-64.81
145.38
-6.55
-59.68
38.31
20.58
-7.21
-1.32
-13.87
-24.91
-94.11
-5.5
-8.9
8.21
-0.13
-4.87
11.46
8.31
23.9
-10.87
-5.58
-37.4
4.98
-5.74
38.44
42.25
24.67
-24.31
81.67
7.97
20.76
79.56
15.35
44.81
-14.48
105.03
-85.65
-57.86
-71.65
-6.06
-67.93
-36.81
-7.46
-45.04
-105.88
-63.42
15.39
6.76
8.45
44.43
-9.78
-12.43
-10.79
-107.67
-11.58
-11.65
34.06
66.44
12.2
-14.54
4.63
-9.41
7.04
87.16
-3.97
-15.13
-32.44
-72.1
-18.36
7.63
8.83
5.65
171.65
-7.34
-23.58
38.79
-3.25
105.9
60.29
-25.6
-144.54
8.37
73.24
39.41
-11.36
63.16
-55.65
59.66
79.32
3.6
8.05
-6.26
-3.43
9.72
17.3
36.52
-13.83
-21.61
-1.96
-1.47
1.23
-0.09
-7.28
-8.52
-212.32
-14.3
8.01
-7.81
0.87
-105.47
30.2
64.08
-7.14
-3.08
-3.68
-67.63
-13.27
3.51
60.83
2.07
66.12
-46.7
-17.04
-13.19
-4.46
32.37
-11.13
46.84
6.01
-11.93
22.43
3.96
-12.04
-9.49
-0.25
-191.14
-12.34
10.16
9.14
8.01
12.19
10.7
44.76
19.12
-1.58
75.14
7.02
-4.49
-29.94
-75.97
-23.95
26.79
-7.16
-0.01
-17.31
-95.02
30.64
0.08
-52.42
-8.08
-39.02
-3.45
28.8
-13.47
1.94
-9.24
-97.75
35.75
-46.51
-67.29
-16.9
-82.07
-167.56
4.31
-11.33
0.69
-55.48
25.62
-5.13
24.42
10.76
13.82
-4.83
33.47
27.47
3.22
52.25
0.25
7.02
17.18
1.3
-5.92
9.98
13.14
10.11
8.36
-43.41
12.15
15.24
136.18
-2.59
9.45
-10.97
10.13
-3.05
-10.03
3.49
-11.68
-9.68
-5.81
-80.57
8.81
-43.07
-1.73
8.37
-6.75
206.03
3.4
24.38
-11.1
-1.22
31.75
19.99
4.26
-1.92
-6.28
-113.7
6.79
-13.67
18.83
-10.55
-224.71
-6.13
2.94
135.92
-43.06
2.88
-45.87
-42.23
1.98
-15.32
4.64
3.5
-5.69
-20.56
-37.69
2.23
3.74
14.55
126.28
-86.18
-2.1
-4.64
12.33
-9.29
7.89
-85.35
1.55
-24.08
20.7
-6.72
29.41
14.36
-118.01
-23.72
-2.13
5.51
-21.65
12.68
37.47
-2.65
-65.61
12.23
53.23
5.61
50.58
-35.79
26.27
4.47
4.45
8.51
-41.26
-5.06
-23.1
28.11
43.77
-14.32
-76.26
-12.73
6.13
124.49
-57.22
-12.01
-19.73
-18.16
-16.44
-47.09
60.38
54.84
39.66
-1.72
-0.7
-29.46
13.65
-0.01
-7.97
-0.56
30.61
2.95
40.65
-4.94
30
-11.18
-6.98
27.28
46.37
-13.07
-9.75
16.95
-42.52
3.31
-104.58
9.3
26.29
-20.19
-7.33
-8.39
1.19
-27.62
-7.45
-2.57
-40.99
44.12
-23.54
94.52
-13.61
159.69
-41.57
121
-16.1
8.46
44.38
-14.59
-8.5
-7.24
295.66
-7.12
5.5
-25.65
-16.24
11.37
14.04
48.12
-19.79
7.05
-47.55
-41.62
48.78
26.22
10.84
0.88
49.13
-2.64
3.99
-15.1
-17.78
-67.71
-56.61
-10.64
96.34
-8.39
22.65
-9.4
-28.66
-29
-40.21
-1.05
-9.96
-17.61
-60.27
-17.56
74.82
6.18
-95.33
-1.55
47.31
-121.1
12.09
0.22
-39.29
-1.36
37.71
2.48
23.3
6.59
25.63
8.68
33.59
3.35
1.64
4
-0.74
-8.86
-16.98
48.1
6.15
-61.29
-8.76
-13.08
3
-4.44
0.82
-9.38
-15.12
0.29
-40.27
62.91
8.56
-3.05
9.83
-163.84
-3.93
9.61
6.41
-19.06
-7.39
11.28
11.91
5.21
30.58
-34.91
84.31
14.6
-17.49
11.41
6.45
-17.93
19.41
-39.74
16.07
-47.34
8.17
-75.23
-88.35
-39.8
90.7
48.48
81.33
167.46
0.45
-6.1
51.69
10.92
-5.83
11.56
64.36
-87.24
4.14
-81.71
-18.65
-6.34
7.07
10.26
17.44
6.17
-72.85
-6.25
-20.55
20.62
-5.93
5.3
-43.3
-16.23
19.62
66.15
-11.23
-75.35
2.81
11.9
6.88
-8.7
5.15
-35.79
7.75
10.46
4.85
-29.3
36.23
2.72
32.55
-58.09
43.12
-40.49
17.58
-59.28
15.97
29.33
47.77
4.14
60.86
-8.61
-11.39
1.94
-107.08
40.64
8.88
28.22
24.38
-2.17
-67.03
-3.34
45.1
-1.62
0.96
-2.86
38.79
6.79
-11.34
-27.26
-28.09
1.52
-65.94
-6.8
-6.88
-3.3
31.93
-16.69
-10.6
12.38
13.4
9.01
2.07
-18.61
6.33
101.46
26.41
-1.48
-25.48
-190.51
38.62
10.96
-15.67
-0.32
24.11
-38.22
-7.31
6.23
-6.89
5.94
186.81
22.9
14.98
-46.41
84.51
-10.31
-9.13
-29.27
-0.51
-8.55
-2.13
9.08
-46.29
-7.13
-2.13
-38.79
-85.08
12.61
7.55
-57.98
3.92
-8.69
-2.55
20.97
4.72
-4.43
-16.34
-35.26
50.35
92.74
-9.14
-6.58
95.44
-17.5
10.5
16.31
5.13
-63.06
8.63
-24.73
-20.7
12.49
-153.62
-78.68
-22.55
57.83
-1.56
-17.11
-29.08
119.75
-17.91
3.04
56.92
64.73
5.13
36.77
12.41
3.11
-41.26
-12.35
-15.52
26.47
-32.44
-11.21
-79.55
33.29
-13.94
51.9
6.24
-11.98
34.46
-12.85
-95.96
58.74
-5.78
125.72
-29.52
34.73
102.01
-16.43
-0.31
-7.3
5.83
-74.75
34.7
51.46
17.68
-125.43
-67.49
-10.49
-3.67
-71
9.57
5.61
7.07
62.52
0.36
9.55
-7.06
6.79
-3.86
90.62
56.31
-113.72
9.39
107.56
10.75
-7.11
-22.62
-11.93
-39.24
63.33
17.38
9.12
4.75
60.71
30.72
49.59
8.09
4.99
-4.93
45.73
6.52
13.28
33.1
18.89
5.97
26.49
-113.02
9.95
17.88
53.71
-88.24
49.15
-29.27
33.12
-0.14
1.19
-17.8
8.06
39.98
17.74
-2.77
121.38
-238
5.46
-1.94
5.92
28.75
80.5
9.69
-24.98
40.16
-62.62
4.16
-11.33
49.45
15.66
-45.31
1.73
44.49
9.51
129.88
-57.02
-8.54
-41.97
32.81
44.87
-10.87
-10.09
-9.52
96.86
-37.86
6.99
-42.06
-43.65
-27.54
18.41
3.25
35.69
-17.21
51.84
-15.09
13.28
95.77
-4.79
-55.1
-11.14
9.96
-56.37
-1.65
-49.71
-2.87
33.57
30.04
-28.55
-14.36
-7.91
-2.52
-14.73
-28.44
-5.21
0.82
16.84
-34.34
31.59
-14.41
90.32
11.43
18.38
26.77
37.12
-28.63
-8.52
204
-9.32
45.93
21.21
12.06
61.26
17.5
-38.17
-16.45
235.17
-14.07
-9.23
5.58
11.96
-10.86
-5.32
68.02
-12.13
10.06
-6.8
49.35
8.34
113.4
6.45
-57.78
-40.68
-13.23
-11.47
-105.88
2.01
-16.46
-2.46
29.58
66.73
9.69
16.8
-6.78
-11.09
0.24
6.07
-38.59
8.76
116.95
-8.38
18.33
80.26
31.52
-2.55
50.87
-20.9
-125.18
25.79
-4.73
1.07
-29.88
-13.04
-20.88
10.23
-6.18
-5.84
8.77
110.56
-1.12
5
-4.61
53.09
