58.14
-17.31
-50.28
20.06
-19.86
-95.24
51.3
19.45
79.34
23.33
4.5
11.16
-13.12
5.13
51.32
46.35
11.21
-50.8
-40.76
-9.68
-7.34
4.86
41.24
33.49
9.61
9.24
2.05
10.53
8.99
19.07
-62.01
-62.83
-14.76
5.12
30.61
16.14
12.08
5.7
-1.9
90.86
-2.7
-39.56
-29.1
0.79
-6.19
81.26
-53.73
-20.18
-57.97
92.44
29.11
-7.38
3.2
1.29
14.53
10.06
6.76
0.93
40.5
-12.49
-112.29
-108.83
40.27
4.87
-6.2
6.22
35.7
-1.21
21.41
-92.16
68.01
17.48
24.16
-12.22
-217.37
-24.33
0.19
154.55
8
-0.58
34.38
-57.7
-132.66
-17.6
-4.63
2.12
9.72
-8.01
49.19
2.91
-8.13
-111.25
-3.21
96.5
0.11
-17.42
52.85
26.46
29.53
-39.22
28.51
9.04
27.21
53.15
1.91
-78.82
-214
2.83
-10.29
-63.44
26.83
-0.19
-0.63
30.51
-3.53
-37.49
-27.05
-53.16
-7.21
-35.47
-20.99
-1.09
-2.38
7.7
20.5
-17.42
-9.3
81.56
-31.3
-16.33
8.73
-39.41
1.29
23.66
0.3
6.67
-11.79
-50.47
-118.7
11.14
15.03
-125.59
-9.73
8.02
2.79
-150.37
0.47
29.84
-29.55
-5.06
-14.18
79.64
61.3
35.87
-3.57
11.01
8.37
18.47
25.4
4.75
-0.54
-17.01
-8.82
44.06
-34.08
28.88
-113.21
64.32
-2.79
-17.36
8.41
-87.29
29.36
-6.33
-4.89
5.92
-160.7
-5.16
23.84
83.24
-71.22
-0.61
-23.15
126.22
0.9
-26.8
27.47
-18.17
24.92
-64.54
-65.97
59.44
0.63
-42.6
45.11
-19.03
112.36
-120.62
-19.3
14.3
36.25
19.82
-7.74
26.56
96.61
-21.34
-7.48
-41.22
16.66
5.33
75.86
-2.57
-120.43
-11.76
-3.59
-19.19
34.08
-74
43.46
8.35
34.31
-3.16
-72.87
9.75
-13.93
-23.69
23.41
11.53
-5.05
18.22
-4.18
-5.31
-3.48
-2.09
-30
27.06
-5.82
82.09
-92.58
-7.78
18.85
-15.57
-5.97
-72.5
-206.15
-25.47
20.8
46.64
-98.81
20.96
-36.96
45.75
-9.52
-73.17
-26.79
12.84
-64.29
-42.44
-3.42
-173.55
17.26
-1.95
-21.68
-24.02
-24.43
-29.47
-58.58
6.82
57.55
-8.45
-6.88
11.13
46.64
-95.03
35.27
5.76
-1.33
34.63
17.78
-4.78
9.05
-26.01
105.32
49.85
-38.77
3.18
8.76
-28.33
39.33
-5.26
-33.46
1.09
-20.76
-5.71
-35.58
98.53
-15.56
58.42
-6.53
-103.05
15.96
106.85
9.29
103.88
0.34
-22.29
-12.92
5.6
-6.92
-9.43
-13.09
16.73
28.47
-309.65
65.18
-4.75
4.57
-33.28
-27.96
-41.69
-10.63
62.68
-0.82
44.29
4.9
-9.54
41.26
18.62
5.02
6.98
-3.78
-20.24
-40.62
5.29
-8.42
2.82
-20.23
-19.92
-6.65
156.12
21.87
-4.57
-9.82
35.63
-13.38
-4.03
-44.24
7.09
-11.91
-1.44
12.93
-14.9
-6.28
-27.26
-9.42
-53.65
-6.49
4.11
-2.46
51.97
25.93
-134.99
-8.61
20.65
-8.8
7.39
56.06
2.9
0.29
15.61
-26.05
30.77
115.79
-19.21
-3.01
5.97
12.05
-42.68
-21.52
-13.32
-3.51
-1.81
-16.16
143.93
-36.55
-12.32
72.23
-28.26
-11.71
-96.92
-3.13
24.79
-59.42
-24.93
62.99
-1.25
-67.62
40.23
-106.58
39.85
-22.29
10.64
78.64
-16.09
-12.57
-40.67
-7.23
0.17
53.4
7.75
2.18
8.24
-64.73
-5.96
14.01
62.35
4.6
74.05
-12.72
-45.54
233.72
23.91
-11.94
27.87
6.5
7.71
-3.04
-33.94
138.73
-115.76
13.93
45.63
7.51
19.27
-18.38
47.87
108.02
9.11
-4.03
-10.69
92.1
-1.11
23.73
-0.13
44.51
0.87
-6.13
26.39
-71.27
-7.58
9.63
-65.21
-8.86
-15.8
-8.6
-9.6
9.69
-69.45
55.9
-6.9
9.68
-49.86
-13.58
-13.36
10.14
9.76
81.3
-6.68
57.75
-7.5
-13.96
58.28
-64.51
1.26
-7.78
-30.86
5.51
6.37
51.75
-10.13
57.54
10.24
41.03
-35.04
36.93
-8.33
9.94
8.48
0.58
-119.83
-9.59
12.15
14.2
4.42
-11.79
8.02
9.24
-37
-109.48
9.93
6.49
31.94
38.52
38.73
-8.51
11.77
18.85
2.92
-10.55
-33.12
-101.51
-0.97
-79.34
1.25
-25.25
-10.09
75.43
7.98
16.15
76.49
81.58
5.73
62.33
13.49
0.43
9.02
3.32
72.38
94.68
2.7
-12.2
9
-23.36
60.09
11.45
-121.19
-11.48
-8
-3.09
19.43
11.99
25.47
0.3
65.35
33.26
-44.42
-29.53
-114.74
-21.44
14.79
93.51
1.28
-39.44
-6.83
20.71
-49.98
7.55
4.83
-3.62
-6.31
-112.94
49.16
-6.62
14.92
-32.65
49.35
15.8
-71.45
13.13
6.43
82.71
37.72
1.45
9.25
3.15
12.2
-9.14
-26.17
-61.25
-0.54
-38.99
-0.55
-113.83
0.45
6.05
54.02
-2.9
-13.14
-1.94
16.23
74.16
12.6
45.86
8.74
92.05
-31.86
-43.14
117.4
-97.2
0.96
-76.02
8.69
-5.25
-1.68
-25.75
8.48
4.11
-1.28
-11.19
12.54
20.75
16.05
-6.16
56.16
82.84
-4.78
-231.69
2.98
-4.49
-55.08
-23.36
87.57
10.16
1.17
34.72
-11.62
42.45
-8.75
-91.47
1.24
-96.03
-9.92
-20.08
59.79
14.88
-5.99
-18.87
-10.79
9.02
-7.9
-1.05
-12.2
-37.27
43.39
115.59
41.33
-44.42
-64.4
1.74
74.72
-9.6
1.83
-45.07
-41.9
13.72
13.26
12.46
-57.5
39.3
-66.76
-66.86
14.53
-47.05
-16.58
12.02
82.19
7.26
-9.03
24.1
12.79
29.74
10.37
-9.84
-6.36
56.63
-23.76
7.22
102.24
-6.8
-120.06
-12.33
-3.83
3.5
-57.22
-12.05
74.32
92.77
-23.61
-35.55
8.29
-22.69
6.78
-157.81
5.97
-7.9
32.14
28.51
-116.63
8.94
-5.22
-7.16
-30.8
10.64
62.51
-6.61
-94.38
33.96
-35.52
3.14
-7.79
67.56
-32.93
-3.39
-22.63
6.56
33.39
3
-4.95
3.15
-46.21
0.71
12.87
83.51
-6.26
73.36
169.6
-81.73
-4.72
-30.17
-6.35
108.07
-151.71
87.75
10.92
-34.95
-17.13
9.57
3.71
59.48
41.72
72.99
34.32
12.74
-71.45
80.35
23.84
5.48
109.91
67.72
-10.99
24.05
-31.95
-9.46
18.23
-0.86
-2.88
0.04
-48.46
12.47
12.22
10.28
-19.63
10.51
11.71
47.74
-71.08
4.38
-43.29
13.33
30.57
6.98
1.99
27.61
16.82
-10.51
-112.23
-41.48
56.98
72.3
-15.46
9.26
-17.61
10.71
27.88
-32.24
57.05
-38.33
-26.21
78.42
-0.19
10.92
24.24
13.26
-4.88
-52.12
-9.12
-1.25
12.95
5.65
6.89
41.8
-12.09
11.2
0.03
-3.1
-49.69
11.38
-100.24
-27.02
-1.96
1.02
4.24
-35.87
8.64
-8.99
1.02
6.28
64.69
-9.36
-95.46
3.49
-5.28
-8.26
-1.21
273.2
78.87
3.8
3.51
4.62
-12.18
13.64
-10.71
-0.31
-154.41
29.49
-37.07
-31.23
55.93
-128.29
81.37
-17.96
-96.68
-6.48
-107.71
-70.94
-20.18
-168.48
-18.63
0.74
-10.91
23.35
-22.58
10.07
0.96
7.44
92
-6.07
3.71
-2.82
64.59
10.15
-38.73
4.37
-64.39
-5.85
6.34
-8.2
-92.77
-24.13
-10.22
-103.9
61.83
-17.24
12.43
-12
-18.54
39.14
58.49
-20.92
-12.32
7.49
18.19
74.66
-2.03
43.92
1.21
-15.21
24.87
-8.11
-11.87
2.15
-11.93
112.05
-8.67
-30.52
-8.57
-107.07
-10.4
-20.58
-0.14
66.29
3.53
-2.15
16.4
-25.28
55.61
42.79
-2.11
32.93
0.58
-56.93
-1.99
-0.83
0.92
-52.68
89.98
-52.29
9.95
43.99
-16.39
54.04
-4.01
8.56
4.01
-144.24
18.32
-16.5
-57.18
-4.67
12.69
-41.85
83.57
-36.14
-13
-23.66
-14.14
-18.72
-5.66
-47.25
9.5
8.5
-160.3
12.46
15.54
35.5
5.11
87.4
-1.62
30.52
-11.2
5.4
12.72
-74.57
-53.04
-33.48
2.41
-28.11
71.61
39.03
2.33
-12.99
1.68
-79.11
-7.4
-11.6
-11.21
38.06
62.55
-83.37
161.27
6.52
4.56
3.94
6.03
-6.44
10.28
179.13
48.94
-11.26
11.29
-80.25
-6.49
-45.86
-7.84
26.97
-30.84
47.39
-101.47
14.28
87.63
4.96
-10.86
-8.44
-5.79
-0.19
1.12
28.99
5.84
11.79
6.6
-1.98
40.6
25.36
77.05
4
19.35
-230.01
11.42
50.21
92.35
9.27
8.02
-0.79
-32.09
15.08
-101.52
-61.55
-4.14
34.74
-17.66
6.16
82.01
4.85
1.42
