-5.24
-7.59
-11.47
-8.08
14.09
-15.74
-13.29
-18.84
44.93
31.58
5.04
-37.36
12.48
0.46
-12.88
39.91
3.21
-45.86
14.32
1.56
-91.02
-130.85
2.02
-10.45
-10.01
16.9
-136.55
-5.86
-11.35
1.07
7.96
32.02
-44.3
10.46
-3.06
19.97
-15.95
-0.51
-14.6
-1.61
67.73
-1.34
-1.34
56.46
5.91
14.44
49.88
12.17
-0.13
-9.18
-4.25
-178
-1.02
7.81
29.51
25.96
-7.09
170.57
91.49
-6.43
18.17
2.47
59.34
21.67
66.96
5.7
12.62
-140.27
17.94
37.72
9.15
9.44
-9
48.41
-9.58
-133.25
-23.12
42.09
14.3
-11.06
0.2
-21.7
34.88
-7.03
41.98
52.92
-30.27
14
-1.3
-7.21
-0.7
-31.9
-11.01
10.45
-6.07
19.36
-152.5
-1.7
13.24
-118.29
-57.26
-12.83
57.99
-1.16
-24.14
-25.93
96.7
8.29
7.85
-1.66
3.48
4.42
-6.45
-70.97
-2
36.84
60.6
49.24
5.13
-39.67
-7.75
-51.29
-99.43
-0.05
-25.11
23.78
5.94
12.75
-24.72
-12.79
-109.48
-15.17
-3.87
-135.57
-2.44
-51.43
-6.56
-71.21
-0.42
-8.43
2.82
-48.77
-9.37
102.18
-6.78
48.91
8.66
-10.44
34.08
-2.44
-18.65
51.14
20.2
-9.42
-13.55
-1.76
73.96
44.92
21.19
-66.29
-44.83
85.3
11.96
13.88
27.84
9.42
-2.61
-45.4
22.03
-66.6
-9.06
-32.9
-5.21
-9.79
5.46
84.72
14.29
-6.32
-12.03
24.91
-15.19
-8.14
-5.76
-58.02
-75.14
-11.8
-5.55
14.66
40.26
-1.09
12.91
50.57
-14.09
-7.26
-0.14
1.6
11.08
-8.21
-7.78
1.46
107.78
45.54
-14.79
18.47
13.17
36.17
13.26
56.92
-74.15
10.27
-24.95
-30.62
-63.29
4.42
41.15
-10.43
-23.16
-42.25
-7.51
30.28
-7.2
-75.16
-5.94
2.1
4.29
38.15
5.3
10.41
-10.51
59.8
-17.8
-60.14
-13.23
3.16
-7.12
-6.22
12.65
16.96
-10.02
-45.17
138.9
47.91
-155.9
-4.22
-2.99
-21.79
-5.96
-95.17
6.22
9.59
17.27
-6.15
21.72
-28.33
-38.57
-16.54
2.67
58.79
11.38
-8.41
-60.99
-1.61
16.36
33.68
-79.2
56.91
1.03
5.26
-76.23
32.23
-41.87
-43.9
45.93
37.21
6.11
-49.14
73
-176.36
-10.33
2.11
-8.22
3.86
-107.66
16.19
-31.82
-46.37
9.24
-52.76
9.08
24.38
-20.59
24.7
-9.89
8.79
72.5
-3.67
16.07
2.49
39.35
4.01
60.33
34.99
-46.11
9.07
-1.54
91.21
-11.22
41.15
0.55
3.23
6.26
48.77
-106.49
66.67
-94.43
-87.66
-15.16
83.06
-23.13
11.3
85.09
18.96
-2.75
-15.8
2.14
-7.2
-6.64
-41.98
-114.53
-5.16
-4.33
25.29
-14.42
-42.96
-3.45
27.58
-4.24
13.81
-1.4
-97.81
-90.73
1.19
-13.73
-2.48
1.86
6.78
29.13
-6.28
-2.63
-10.13
5.89
-87.71
-209.95
7.59
-0.2
5.43
-50.06
-9.68
2.32
-43.81
-66.69
6.96
-10.48
-51.71
-80.03
-54.27
17.91
-1.42
2.9
16.57
-9.4
35.7
-118.9
-4.56
-16.3
46.52
6.41
59.28
-7.09
12.06
6.92
-12.5
-10.99
10.7
-5.64
11.29
7.23
-73.82
8.22
45.15
-7.97
-23.31
-6.86
-23.64
43.66
33.09
30.49
4.14
-72.69
-0.46
12.15
34.53
-8.88
64.76
-5.21
6.47
-72.34
12.5
-52.49
-0.24
3.72
-30.49
8.52
-11.22
11.47
11.36
12.72
0.5
55.85
0.61
-14.87
17.31
-35.09
2.54
7.19
13.28
-8.19
-4.55
-30.86
-11.68
-41.77
-12.74
77.19
6.52
-117.66
14.83
-2.58
17.37
-18.13
-69.18
-0.42
16.64
-38.99
29.06
24.81
11.28
41.52
-14.42
13.31
2.84
-21.82
-20.85
42.29
21.05
0.13
-41.38
-14.59
12.26
-3.04
9.05
-28.54
-80.66
0.69
-21.93
8.15
-11.09
-3.67
4.74
2.87
-33.87
31.15
-15.34
-66.98
-8.19
-8.61
-36.52
-9.11
25.04
17.83
-85.49
-24.84
135.95
4.52
7.7
-4.38
8.91
4.15
59.84
-26.45
51.3
62.77
-18.41
-31.02
-21.76
-8.42
-12.04
2.04
106.94
-41.83
0.93
125.2
26.38
-53.65
-176.17
14.19
-10.67
-79.14
11.93
-16.1
-44.76
4.96
1.19
-14.6
-2.59
15.17
-25.57
-9.91
7.25
-14.08
6
36.13
15.52
93.62
7.06
25.33
8.53
-20.44
-58.47
4.8
-4.92
11.26
1.9
53.14
-0.01
-10.66
-7.97
-1.97
-66.7
61.26
-13.43
-104.3
-31.46
42.77
-14.14
-4.91
-210.28
43.21
16.43
17.8
-42.99
-109.92
-12.36
-24.48
15.76
62.16
-123.3
-7.41
5.84
-13.02
21.97
25.61
12.18
24.61
-32.83
93.81
-1.84
14.76
6.63
11.82
-4.24
30
-80.47
-5.24
5.34
-39.72
35.75
5.21
11.41
-3.18
71.93
31.04
6.74
21.49
9.46
-6.56
-34.3
-39.73
40.36
8.18
9.13
-15.77
38.47
-40.49
-56.12
-11.14
6.98
17.38
-170.88
-20.18
13.13
-22.03
162.14
252.24
-3.28
110.86
4.28
-26.83
-7.61
-7.49
-41.11
36.91
-8.12
-32.01
-81.85
-25.17
-9.74
-0.12
-10.05
3.94
-1.62
13.16
-10.21
0.05
20.27
-5.75
49.63
-32.12
4.23
-9.05
49.43
37.19
6.62
-33.37
-70.39
-7.49
5.57
-54.78
-35.81
29
-13.32
-6.04
-25.19
-14.16
217.38
2.93
49.27
19.1
70.41
-1.91
6.97
-7.08
66.34
-1.2
31.67
10.42
-2.12
-18.43
4.63
-18.64
12.9
-10.63
105.31
0.12
-7.09
-5.5
7.77
10.61
-17.41
61.17
-10.79
15.52
36.48
12.49
57.35
-151.33
-15.01
-47.11
-91.14
14.17
-23.64
20.54
17.5
-83.92
44.56
-5.94
8.26
-11.52
-117.72
11.26
45.46
-2.12
-93.73
-44.01
-8.72
-4.55
-15.31
30.36
31.66
-2.79
-0.04
5.5
-36.05
56.13
14.75
-48.57
8.65
-3.06
17.12
-49.45
2.95
12.09
14.08
114.3
-41.02
-5.32
8.69
-9.71
5.58
30.14
54.41
7.16
-55.19
-2.6
21.58
87.63
16.38
-4.95
-16.56
31.05
-103.45
7.03
6.47
70.67
-7.46
0.48
-20.52
14.33
8.91
31.85
-11.74
-33.8
-7.43
-100.01
-24.05
-11.78
39.15
11.74
12.29
-35.27
157.77
79.2
43.26
62.88
-15.84
40.93
3.78
10.3
5.43
36.89
-9.45
9.97
-0.75
-15.91
-42.2
-118.77
-95.47
-9.12
-10.95
-3.63
13.51
-72.34
14.14
7
-79.3
-12.44
-46.54
22.68
-62.65
97.96
28.5
16.58
-7.63
-9.05
-9.4
-23.07
-50.65
5.02
-51.8
15
1.77
-8.87
-220.62
-13.25
54.63
-99.51
-14.02
41.66
83
-3.18
-9.59
-1.36
29.44
9.75
94.38
21.74
44.86
2.83
8.08
-14.48
7.57
14.72
-3.25
-38.17
-8.25
2.34
55.13
19.45
-23.43
16.06
9.25
23.3
-41.35
30.22
-66.01
30.68
1.56
30.42
22.53
-7.96
11.81
-39.43
9.43
-10.78
-12.51
5.14
65.28
5.23
26.58
12.24
-0.17
7.01
-57.41
7.06
48.58
30.04
79.85
13.75
-74.36
-19.84
1.17
12.17
-21.34
13.2
17.02
-35.09
12.31
3.63
-68.93
-5.42
12.82
24.07
-5.12
-100.36
-7.65
89.4
6.09
76.02
-22.66
-8.09
-13.82
11.08
0.01
3.65
-86.04
-2.95
-19.72
-1.58
-15.69
5.81
71.48
5.33
10.82
20.11
-29.33
-44.53
4.05
23.66
-23
-2.34
58.04
-23.52
4.06
12.39
9.03
-15.19
-40.86
-50.43
160.74
-0.09
15.7
-69.32
-13.7
54.21
26.8
-3.34
6.34
4.68
-16.44
51.11
-12.64
-4.16
46.15
-34.11
31.15
34.59
39.88
11.88
43.16
29.57
-9.22
70.52
-7.5
-43.24
48.42
-5.89
-0.18
53.06
99.92
157.42
13.06
-2.54
-36.83
-16.65
67.33
-56.51
6.72
105.64
64.88
-12.25
-21.65
-3.3
8.66
22.4
-17.59
-16.96
38.67
5.92
-6.59
-28.8
8.74
-2.9
77.19
1.51
-58.49
-266.9
2.1
15.14
-49.54
7.64
-23.09
7.05
-13.75
93.3
12.13
-14.72
-150.9
20.52
-12.12
95.12
62.92
-18.44
38.72
84.85
83.68
-5.58
15.48
24.28
-56.44
-68.86
-19.75
-7.78
59.22
-14.28
30.17
110.82
-2.92
83.74
4.63
69.54
60.19
24.24
-51.33
-8.29
39.13
-11.35
-5.24
5.65
-7.97
27.73
-14.78
26.7
60.76
0.39
-17.5
74.25
11.39
13.55
4.43
-51.78
-11.16
6.25
-0.47
-10.05
55.03
-17.26
14.53
11.71
-10.37
-225.3
-178.13
-18.53
-85.4
2.78
10.46
