32.11
-23.35
-1.2
30.33
-132.38
-7.68
-10.48
-15.77
6.12
88.91
-11.22
-10.08
-27.26
35.2
3.55
-41.73
-10.92
-30.7
-19.47
-7.33
11.73
36.15
43.17
-43.12
7.89
-31.7
-4.45
3.03
1.22
112.8
11.4
-24.64
-57.4
8.46
-40.73
13.44
-0.95
37.72
7.95
17.88
-17.29
44.66
-8.66
38.47
8.11
-2.28
-34.87
12.96
-39.54
2.73
-7.25
-7.32
-52.57
-4.77
-38.26
15.59
-4.31
-11.77
-29.92
6.77
17.23
-6.96
-109.07
0.07
61.41
-14.93
-5.57
49.46
-3.62
42.6
-15.29
-3.41
14.86
34.25
-18.54
-39.44
-124.86
10.23
-4.02
-9.31
-102.31
8.58
-50.2
-68.02
43.19
-56.99
-11.35
-1.06
10.25
-0.05
-68.18
-44.23
9.49
-169.76
-5.82
48
12.15
-19.11
3.99
7.09
28.28
-0.44
29.33
71.7
-52.61
6.64
-30.03
-30.65
22.86
-18.83
1.95
4.7
15.42
101.44
-32.68
-1.53
-18.19
-13.44
-2.06
-6.1
26.99
26.98
-16.95
4.48
6.77
8.31
14.44
64.34
13.85
55.15
-75.36
6.73
-24.75
-8.38
-8.04
-21.64
95.31
-6.18
12.91
57.87
47.74
-2.32
-67.91
-7.54
7.14
42.88
-5.18
-11.93
-12.65
-32.68
-125.36
-8.58
6.23
-9.44
-66.27
-10.66
16.94
-5.2
4.28
39.98
-56.69
-16.66
-33.06
-16.61
-1.8
-115.81
-76.8
-2.96
9.01
13.33
-57.58
-63.22
-16.06
-0.35
-94.68
68.5
10.51
20.61
-0.81
35.32
10.67
-12.67
-18.86
1.33
-18.38
-15.2
42.09
1.75
-47.36
-11.25
14.44
-7.59
57.5
-8.8
8.95
18.26
-160.8
10.05
3.41
-18.45
14.56
12.68
-13.26
65
-2.76
-2.58
-31.45
1.85
76.61
10.14
-26.09
-8.57
9.76
10.26
14.57
-17.17
-5.29
20.57
-2.49
-8.36
7.87
7.18
23.26
6.05
3.43
9.29
12.23
10.95
-5.79
94.41
-21.44
7.07
-48.43
-37.31
-48.63
14.34
31.94
-88.92
10.18
3.68
8.46
32.11
-11.62
16.83
-99.59
22.24
24.49
-40.94
1.99
-9.02
8.93
77.82
-139.85
11.06
-5.77
-1.68
32.06
135.25
-4.72
3.89
27.76
8.22
-1.15
-124.53
2.34
-8.41
-193.86
-44.84
-91.89
-43.31
13.08
-6.81
-2.65
-8.54
166.54
-43.89
6.73
-10.46
8.3
-11.47
-4.31
17.86
-8.66
-70.07
49.78
-42.3
97.3
-1.43
6.03
-35.72
-183.97
29.83
0.5
-51.44
39.86
1.9
-74.49
13.72
-0.15
4.64
-56.56
60.03
61.49
-12.15
25.07
-1.02
10.63
10.75
4.09
-6.8
-3.32
-39.15
3.3
-63.08
75.84
-14.04
16.44
21.21
40.6
80.73
7.84
-34.69
-10.32
39.75
-17.25
-9.2
-42.19
16.11
-75.49
27.63
-28.49
-65.08
106.61
-3.6
28.32
1.53
-9.05
-49.37
-20.38
-23.85
33.76
-28.48
6.85
32.56
5.18
-12.67
-2.99
-67.96
214.04
-14.85
-24.46
-11.95
10.37
-9.33
-91.27
5.2
-58.81
-10.81
-11.29
-24.33
-11.12
19.94
1.4
-22.76
-2.49
-0.28
32.18
22.8
22.42
-16.99
6.38
124.21
-59.04
-9.24
-2.52
-6.23
4.84
77.94
7.93
30.6
54.47
-6.45
33.91
3.27
51.82
41.22
-62.57
-61.39
-175.02
-6.83
7.82
0.38
-7.95
5.17
12.88
8.38
-9.52
-2.43
-113.36
-91.34
-9.38
4.84
-50.67
81.74
49.26
-63.48
-3.82
72.38
4.44
-66.11
-58.11
4.02
-3.58
-8.91
-25.34
-5.08
-0.17
61.32
-144.39
-45.44
40.48
21.67
5.23
-11.72
-15.1
12.09
-82.68
2.91
-0.24
18.28
45.32
-9.42
17.67
154.97
9.03
-25.26
-26.24
7.97
41.69
25.64
36.16
53.88
-19.65
-45.9
33.23
-12.71
-67.89
-2.88
-70.92
5.83
-68.48
-63.9
-7.14
87.59
-1.49
20.67
-15.89
58.9
44.02
37.45
-48.54
-0.87
-23.06
-4.03
49.19
23.75
-12.26
-3.58
-10.27
-12.79
-45.11
-8.5
-10.08
3.29
-8.89
3.34
-13.67
50.64
0.25
-9.57
-4.44
-24.82
86.83
9.89
-129.28
-53.71
-8.33
-38.58
-58.51
16.41
-25.15
13.11
2.35
28.96
3.2
-8.73
16.19
11.29
0.63
69.35
13.52
-32.51
12.01
-37.76
-6.51
-37.26
-10.9
29.01
-1.2
18.13
13.38
10.97
-6.59
7.32
10.44
75.47
7.11
8.45
9.81
115.44
8.81
11.43
-22.64
-55.67
15.01
-18.59
76.16
-7.48
-74.78
-3.23
-9.2
-11.43
-12.68
-37.71
-55.32
-9.83
-99.75
-1.31
53.86
-113.73
-11.69
12.64
-26.27
0.43
-106.7
2.38
-7.52
-11.6
-55.41
-11.37
102.6
7.33
12.01
-37.48
-7.61
35.75
24.34
35.65
-40.3
-8.66
5.96
-59.57
2.23
-5.22
-16.95
33
4.77
-101.61
-181.33
5.99
-2.25
-20.88
-52.72
-13.83
4.52
-10.47
-12.01
1.69
71.56
-149.12
-24.71
-20.52
7.58
3.31
45.8
-0.69
-18.25
61.33
-78.54
10.83
42.1
-109.65
-7.38
-7.43
30.66
1.68
34.99
-5.43
-8.33
-30.55
-28.09
-57.41
-23.44
28.52
19.36
-35.53
-79.71
-60.88
-7.83
38.3
5.99
10.53
17.1
-52.54
46.3
-25.4
0.89
-10.68
102.71
-34.53
15.06
-4.85
-13.31
139
33.72
-36.92
-38.5
11.65
-85.07
-148.01
-6.35
5.69
-19.14
-28.83
-4.34
-7.06
47.08
-8.55
-23.06
-4.72
4.01
-7.97
68.17
-1.46
4.06
-12.8
61.64
-13.42
-6.54
8.81
28.64
-42.55
-19.12
-14.71
7.01
5.87
54.53
4.88
-25.97
-57.69
38.27
-4.42
20.57
-77.85
5.83
-12.13
15.73
2.49
-32.04
-10.05
-17.02
9.79
29.36
-9.82
-186.33
89.07
-59.92
39.88
188.66
-10.49
11.24
-142.71
-25.42
-20.4
-44.05
-10.93
30.33
-3.93
0.87
-101.13
1.81
0.45
-7.41
-11.94
37.43
1.99
0.07
120.19
71.29
21.04
-73.62
-98.34
9.24
90.51
9.35
-81.57
-13.41
-6.2
-5.86
-93.01
12.59
47.62
48.08
21.26
-31.32
3.33
0.68
-298.45
-10.52
-12.17
-24.12
-0.85
6.72
-72.91
26.2
-64.75
-1.27
58.3
-8.34
2.8
3.07
-56.77
-9.22
-11.26
-79.43
1.7
75.7
-129.88
-7.2
147.93
124.46
-34.01
51.92
-10.51
24.44
4.74
7.54
1.5
-7.29
-45.91
38.21
15.46
-52.79
-35.58
115.46
8.59
63.44
-5.7
36.85
-3.18
-60.49
-24.67
-3.24
16.28
-12.63
-1.51
-2.45
-9.03
73.98
70.78
-8.52
-17.44
0.28
-0.93
46.87
5
67.96
13.24
38.95
4.2
-1.24
40.61
12.55
52.64
-3.76
25.39
-14.48
16.77
9.77
-7.34
-9.7
16.35
-41.27
31.46
8.96
12.7
-143.13
40.66
48.27
5.91
8.18
-9.63
7.19
-50.65
-4.87
-62.55
20.53
17.93
-24.26
-39.43
-36.2
-8.08
7.08
3
-49.43
49.87
-3.15
-0.82
8.41
-45.6
9.22
-78.47
-12.88
4.9
53.67
-144.18
28.5
-6.14
1.94
-19.32
9.13
2.83
-25.59
-8.3
-39.74
1.49
-14.96
34.27
-4.16
30.7
-12.94
79.41
-2.48
20.33
-38.58
60.35
19.03
-27.47
-57.1
23.47
21.92
15.15
-0.02
7.55
-3.58
4.09
-14.39
-10.92
-6.61
113.45
-39.13
9.39
112.05
-6.6
1.59
16.79
-0.25
-2
16.31
53.81
-0.2
5.27
12.77
-5.71
4.33
60.95
5.08
4.84
-29.91
43.46
27.06
-8.3
-6.18
2.1
-0.79
21.18
32.64
8.76
1.32
-42.42
-62.03
-132.75
4.7
28.45
-5.67
-4.04
9.24
-0.49
0.24
40.74
11.4
-4.69
-75.05
1.85
40.1
-37.19
3.09
9.93
22.67
6.19
-33.51
15.75
12.93
23.19
-2.44
-28.52
-108.14
29.47
7.26
-5.74
1.79
-12.17
51.05
15.09
9.09
8.53
6.67
-1.66
-16.18
42.07
63.43
-131.23
0.85
27.75
48.23
28.67
-215.17
-40.17
5.28
0.94
10.49
23.8
38.32
63.81
-44.77
-12.79
-11.92
1.72
18.15
48.94
-49
4.94
17.81
7.17
108.89
-0.4
-23.84
16.62
24.8
5.72
-30.41
11.35
-11.03
37.94
3.75
10.98
-83.57
68.14
0.71
16.05
53.71
-54.55
-108.98
-36.7
16.93
1.26
42.39
-30.32
-40.79
-0.41
8.63
14.26
-24.42
36.76
84.6
11.24
-43.7
-13.74
-14.33
85.61
-5.47
71.2
-157.28
-52.97
-8.6
-1.15
-32.41
-29.98
56.89
40.16
18.14
-26.34
10.18
-28.41
12.32
29.44
111.96
53.9
-7.57
23.26
2.85
42.08
-63.34
44.92
14.58
2.93
49.94
0.4
2.11
-20.93
11.39
6.21
0.41
-7.75
