-1.83
-108.54
8.64
-8.99
-43.04
-13.89
-7.54
-0.83
-3.21
46.81
-13.94
62.57
7.23
19.51
-24.43
-21.76
-77.43
-2.86
-6.03
-25.01
11.66
23.46
-3.75
-15.81
11.99
74.57
-10.62
-36.12
-11.84
7.25
-175.25
-19.92
-10.45
5.89
16.59
6.98
-3.52
97.81
11.28
23.47
1.68
107.4
12.94
-47.32
8.9
-96.06
32.98
16.52
84.03
12.14
-2.4
-30.78
26.94
109.71
-87.26
8.93
-16.17
-6.5
-34.81
-15.17
-4.58
-3.19
-6.45
99.66
-0.27
-50.01
-127.17
-105.13
-62.46
6.04
-172.73
8.55
-2.77
115.94
18.91
16.93
64.48
-54.36
43.48
8.2
-18.38
-16.21
93.62
14.7
-9.11
-7.7
-76.46
73.62
36.53
0.55
-10.27
9.95
-43.45
-56.46
-12.1
17.54
60.08
63.22
83.74
72.52
49.12
-1.14
-7.13
-1.81
13.03
15.63
121.85
31.35
-43.37
19.81
47.37
-20.81
8.7
-119.86
-8.49
-19.56
-5.83
2.26
-2.52
63.42
68.85
37.42
34.89
5.71
-1.28
-3.18
68.73
-36
-17.16
66.53
-3.59
10.48
5.63
36.34
-14.97
31.52
-99.58
-6.38
6.24
48.98
7.02
-73.91
-53.5
18.25
-11.34
-1.05
9.77
10.9
56
-3.37
-14.45
27.2
0.35
9.29
2.88
-39.71
-24.55
-10.62
10.92
29.71
71.56
215.62
-5.66
-8.45
118.23
10.79
-2.33
17.71
-4.6
-27.09
29.07
20.74
7.45
7.16
-20.52
0.14
62.96
-0.79
134.31
-24.3
-67.83
12.61
-0.84
0.9
5.83
8.18
25.32
36.4
-13.74
-100.58
11.27
-6.35
29.08
1.09
12.04
-18.85
-25.34
-24.39
-7.93
13.72
31.51
-4.06
0.41
-5.69
-73.55
65.46
-143.98
81.7
-48.88
-1.82
-41.91
-60.28
-33.38
-4.86
-11.49
-15.15
-62.57
103.68
-39.6
-1.22
-6.81
-70.5
-8.1
-3.53
52.45
4.64
9.95
5.7
-17.46
-2.46
3.1
-19.33
-19.83
-2.31
4.74
-9.19
153.73
-1.72
22.52
5.22
3.84
242.07
14.84
-3.22
5.41
13.94
3.92
18.95
-4.48
-2.81
5.91
42.96
62.14
-1.38
1.78
-1.75
5.62
4.2
-55.1
-13.9
2.4
-2.2
-2.1
7.6
-12.38
-7.74
13
-1.99
5.72
1.91
24.66
10.8
10.63
4.47
-7.65
-5.84
-29.09
49.38
95.53
12.2
45.32
-10.89
56.48
11.43
-89.66
83.82
4.76
40.71
5.55
16.83
-10.4
-7.19
-10.46
-117.24
72.41
12.23
-4.31
2.09
-2.11
-28.92
19.19
118.3
8.33
-12.45
10.29
10.46
-7.31
-167.15
11.79
-5.15
0.26
-17.66
-13.93
59.33
27.73
36.76
-60.81
88.09
4.33
7.57
99.86
-2.07
11.92
-90.91
5.41
4.5
-8.99
23.52
-2.45
3.36
12.81
-58.39
5.88
53.35
26.55
10.8
6.64
5.46
12.36
7.56
-11.22
9.66
-0.02
-131.82
20.32
-126.32
-8.16
92.76
-73.21
-4.94
-7.14
9.15
38.89
24.33
-75.22
45.91
65.84
-7.5
-12.92
10.54
-56.87
13.66
49.38
-46.44
12.92
-49.65
32.85
-51.06
65.98
12.85
8.6
35.18
4.46
7.49
-14.79
-7.55
-33.6
30.54
-0.42
-16.91
-5.66
-93.59
5.62
-18.63
63.42
-82.69
119.31
-2.48
-40.82
-23.14
164.11
0.65
-8.21
-10.07
-16.61
-41.55
101.13
69.79
8.14
53.26
20.83
15.54
6.28
7
5.72
-72.8
12.18
-1.35
18.17
-20.29
6.82
40.53
-6.46
-64.51
80.08
-27.81
-8.04
109.12
35.71
68.28
-32.64
-4.6
165.2
-1.73
-30.28
-43.1
7.63
74.22
-14.87
-87.5
-2.86
-18.97
0.05
-27.39
48.15
-15.11
16.59
-7.31
-93.76
9
-69.45
-8
-26.09
-12.69
0.38
42.24
-9.6
-71.05
-120.11
0.2
-1.4
-11.37
32.25
-44.93
-5.15
11.04
-56.05
-25.93
-12.91
-1.98
-4.35
14.16
1.89
49.89
28.6
7.68
-6.81
-217.4
8.67
65.79
-3.38
4.74
-3.56
15.23
18.99
98.69
-9.16
319.53
7.67
-39.27
34.18
14.42
40.62
-63.57
15.94
39.85
14.55
-32.16
15.16
38.12
75.71
-183.05
-4.58
12.29
-13.13
8.12
-5.64
-59.71
12.48
-0.62
12.21
-12.17
-4.32
9.34
-6.54
23.88
11.46
66.65
79.21
10.29
-75.37
-54.28
-38.46
94.22
6.42
-108.07
20.82
-12.7
-1.07
-43.07
-3.24
27.68
-5.61
54.35
-22.71
48.26
9.29
-5.02
108.16
-13.03
-14.13
66.75
11.6
-121.65
3.96
-10.67
47.11
-3.05
8.55
42.96
-49.03
7.01
-44.94
8.23
9.95
-9.61
-44.83
7.74
2.89
18
-9.45
4.72
-30.57
51.96
34.75
-39.85
-51.32
96.25
-40.5
49.64
6.78
-5.3
-13.38
75.19
-40.32
21.52
9.66
-72.4
142.26
-8.35
-74.74
45.36
-17.32
-0.91
-95.31
50.16
-2.82
4.81
4.57
18.05
54.24
65.57
-10.28
14.84
50.33
62.02
-101.02
43.51
-7.07
-13.52
3.9
6.95
-67.81
3.34
-12.7
83.97
66.5
-4.94
-121.59
5.03
17.09
29.61
8.99
41.4
33.74
-30.78
-36.85
4.98
29.32
-72.71
35.17
-9.18
-29.21
7.5
-23.73
-33.05
83.9
37.14
3.51
-103.82
-76.27
-16.95
49.88
23.98
1.28
11.44
52.05
5.43
-167.38
-71.32
-15.9
36.87
5.98
8.38
13.55
69.65
-8.43
10.73
14.1
25.38
-44.17
55.71
9.75
0.55
-9.47
33.61
29.57
8.45
-26.79
-18.88
66.7
-10.25
6.48
-0.11
8.24
-13.76
11.35
6.72
59.82
2.7
50.26
26.07
-81.15
-32.08
51.08
-129.63
3.8
21.17
-11.88
4.96
1.02
-10.49
99.36
19.39
14.31
7.69
-9.58
-78.3
24.73
-6.31
-5.07
5.34
0.75
1.34
-6.45
-3.62
-9.31
-3.44
55.49
-50.06
-3.53
-0.1
-112.01
53.49
13.74
-10.71
-47.59
-24.26
75.55
-1.01
-10.28
12.22
-3.8
1.06
25.4
-22.92
-5.95
-9.21
39.29
-8.92
15.96
-14.3
17.08
-54.65
1.03
2.12
1.57
11.69
73.57
7.15
-0.18
-5.51
-10.07
10.41
5.47
10.63
-89.96
10.01
106.75
40.58
42.57
69.45
-23.18
-12.41
109.31
47.34
26.75
65.44
4.01
-45.1
9.13
-63.72
35.28
-14.23
-13.49
7.71
190.92
-4.03
15.25
-37.73
0.15
-8.73
77.23
2.02
-58.96
1.22
25.19
-56.38
19.18
24.71
-8.48
-7.7
67.83
-0.76
20.78
6.26
-6.21
-27.3
6.07
33.96
-29.57
30.56
68.15
6.11
0.32
1.52
-24.78
11.4
3.01
17.76
-55.76
-17.41
9.95
-13.27
-4.41
8.9
-22.6
7.24
3.98
5.06
6.98
44.84
11.68
17.66
69.43
8.29
-14.11
11.35
-31.72
54.07
-23.73
-59.87
-7.95
6.67
42.37
-32.15
-95.92
-3.01
-23.27
22.44
13.73
-9.88
104.16
1.38
13.87
115.62
9.18
-9.31
-11.48
-67.89
-63.65
-31.32
173.9
15.11
-10.33
-15.69
-3.72
11.74
42.17
60.81
-9.78
6.33
33.49
-0.83
-9
16.74
4.22
103.95
25.12
-7.29
24.12
41.5
78.74
-8.42
-81.23
-3.2
79.09
-0.65
7.13
55.2
5.89
5.01
41.33
16.64
0.5
-4.19
17.39
-28.36
-6.54
-0.35
5.04
2.25
-29.36
-8.18
-9.61
6.3
-36.65
14.32
-6.56
-56.5
-8.71
-8.65
-30.89
-9.88
-89.44
1.72
-5.19
33.4
3.14
53.86
-7.36
-41.4
10.24
69.22
-28.85
25.39
-8.21
-10.86
14.4
1.17
25.77
18.07
-16.95
-93.83
-12.84
25.35
0.45
-30.03
62.6
-16.84
4.36
5.34
-183.46
158
-17.62
95.33
82.2
19.55
50.08
74.6
-97.71
-35.04
73.53
7.82
2.87
-10.9
64.42
-8.59
10.17
-3.81
37.02
-25.13
6.17
9.88
37.37
1.01
31.11
-13.69
-7.51
26.5
32.69
-227.56
3.53
-0.53
-2.46
-9.91
19.73
-39.29
-9.86
77.4
67.17
11.02
10.55
9.32
54.01
-70.03
-72.57
33.12
4.47
2.72
-12.18
19.77
26.22
-90.48
0.43
-23.66
-14.52
3.9
94.16
-67.94
-8.02
12.14
-4.96
-170.51
24.23
101.67
-34.19
85.95
0.63
11.98
-10
-19.78
-27.38
-5.69
-9.68
-7.85
-15.14
96.05
-37.8
151.56
1.32
72.05
2.77
-98.53
-99.85
24.78
-10.83
20.8
10.01
96.29
7.83
-13.13
-6.25
-104.56
-12.95
1.12
52.21
7.01
4.2
-34.29
-82.03
4.51
5.51
-1.29
0.26
-26.42
10.92
-8.53
-1.62
65.18
26.41
31.15
8.45
-23.95
-18.91
-3.36
23.77
4.64
-2.91
104.67
11.38
-67.23
-39.52
-57.67
