34.47
55.19
61.38
-54.73
-26.34
-9.54
30.91
-2.05
-10.62
-9.67
-42.1
14.52
15.13
-12.38
-15.93
49.37
33.47
-9.44
-66.05
34.65
-10.15
13.44
-0.29
-15.32
33.51
-31.21
-0.74
-61.48
-31.28
9.09
-4.47
-40.01
-144.95
-48.71
-1.33
9.95
8.24
11.12
-10.59
0.89
-18.24
61.81
-103.87
2.43
-18.45
-23.35
1.54
-84.71
-9.41
19.93
2.04
13.7
17.75
-0.55
16.68
-29.49
-195.75
30.79
2.04
4.25
-3.51
-6.87
13.95
-6.79
-4.14
-2.48
14.84
-24.09
-3.64
1.02
-2.68
-1.75
-15.78
2.96
65.04
14.17
-5.05
2.77
-14.79
-1.61
88.8
-33.36
-3.65
-9
-9.79
61.03
-2.19
-6.5
-5.6
20.36
-12.01
-6.14
-59.83
23.99
50.77
-21.68
-6.03
8.02
-2.9
1.51
-13.69
11.86
-2.05
-0.16
-1.1
-1.82
84.96
116.06
39.42
-35.5
13.71
1.09
-17.7
7.8
-12.32
-16.45
6.94
40.33
-2.29
-5.26
-36.72
336.01
-57.48
4.93
39.87
-20.61
3.57
102.2
4.85
0.9
-108.42
2.51
8.02
-5.12
-109.77
88.22
-34.29
-44.6
3.15
18.24
-13.39
7.81
-16.32
0.14
2.22
4.15
-62.56
0.25
-21.27
-9.98
-6.82
-14.08
80.06
48.92
-93.12
16.83
3.72
-0.03
33.84
12.39
4.46
-9.96
6.53
-12.07
49.68
-15.97
70.36
38.83
1.45
8.08
48.05
-52.22
10.98
-12.61
-1.48
-40.58
29.37
59.68
-71.44
-5.54
195.46
10.92
1.2
-0.99
9.66
-23.59
43.59
-5.55
45.66
10.43
92.2
-32.14
-21.6
8.61
2.63
9.48
1.3
-22.78
23.55
-11.03
124.87
-180.86
-8.91
-12.36
26.74
-4.59
119.61
5.86
-12.62
12.98
117.64
-80.85
-8.31
87.92
26.84
-3.75
-34.48
37.96
-9.6
91.74
58.32
-14.55
4.75
-67.06
1.79
4.07
2.2
-168.69
-8.39
19.37
9
-40.94
-9.04
20.62
105.81
47.01
10.09
-13.51
6.79
-1.53
41.77
-56.75
7.65
46.68
-7.44
8.18
0.11
11.26
224.91
-3.85
11.34
-20.94
-10.45
-6
85.95
-66.17
1.58
-97.41
3.33
-17.42
11.25
3.2
29.04
-26.74
-50.52
145.95
-123.83
-18.01
68.82
-34.33
2.56
77.41
13.72
-10.48
-8.42
25.82
-94.44
-108.7
-6.06
-81.9
-4.82
37.1
70.46
-10.79
-7.01
-63.19
-2.8
-38.93
-21.2
-30.36
11.72
-82.89
-42.11
-223.64
1.63
54.87
-41.38
0.21
11.43
-7.72
-12.32
7.05
-19.21
-29.89
-17.41
55.56
3.04
-57.93
-6.9
-10.81
-203.84
143.76
9.2
4.59
9.53
-8.12
-24.43
-5.03
70.7
31.91
-41.26
4.62
-9.25
-8.21
11.66
-20.51
-17.84
1.47
39.24
-137.9
-5.75
-4.86
5.6
13.52
1.14
13.06
7.84
95.59
27.94
27.55
-10.86
31.83
6.02
75.47
13.12
4.35
108.77
10.37
13.39
12.13
-22.29
1.9
28.43
90.19
-32.46
6.7
106.98
10.23
14.14
8.96
8.13
79.34
-64.87
-12.84
121.57
-83.37
-8.16
1.96
-11.88
0.45
-57.21
0.3
-108.44
38.71
-13.43
3.53
-92.87
-1.9
31.13
-52.82
-40.99
0.83
-63.09
9.44
18.23
-47.97
2.04
12.53
-67.05
-252.8
-2.11
5.93
-50.46
45.74
-16.2
8.37
-15.67
32.49
17.9
7
27.97
-9.2
-6
55.78
42.43
-24.53
3.47
-5.86
13.33
-8.21
-84.18
-10.65
12.45
10.16
-9.1
-47.17
-11.87
0.39
24.16
30.96
-56.53
-2.96
15.16
64.09
7.67
71.83
-8.63
2.64
9.53
9.23
-5.87
-152.16
88.36
-35.22
-5.16
-9.12
18.62
23.85
6.81
-23.07
-44.8
-127.63
3.04
2.18
46.98
-12.38
-64.15
-21.26
9.05
-40.36
-14.86
22.39
19.61
6.81
-2.01
3.56
89.62
11.18
-15.92
-28.79
18.68
-41.4
-19.85
12.44
0.29
-55.67
-125.75
-14.95
-141.94
-4.24
15.38
-161.36
111.14
-49.92
-8.51
4.24
-4.19
-8.69
74.93
4.77
16.98
-18.44
-75.42
-20.66
-8.52
88.21
-0.51
-101.4
-100.33
55.29
23.83
-39.68
6.28
-11.72
53.01
2.83
11.42
-25.76
-7.77
-76.07
0.1
-1.89
6.38
10
30.41
10.4
13.73
16.37
-8.89
70.36
7.46
9.94
4.46
-27.87
2.71
-88.91
-1.58
-22.36
-1.53
8.54
-16.89
-42.02
-213.75
1.9
-2.78
-17.68
-6.79
-5.47
25.33
-13.82
11.59
6.61
15.48
-50.26
4.02
-19.41
-2.26
24.5
8.18
13.22
8.81
0.3
40.03
-9.2
-22.67
-21.98
-86.45
-11.44
-2.66
-9.58
-9.59
12.19
-10.47
41.16
44.83
-6.76
42.98
51.93
-160.43
-4.15
-70.68
0.07
-2.6
-136.51
-22.35
8.15
7.16
37.72
-164.18
-20.1
-21.17
2.66
82.83
6.26
48.73
76.36
62.51
99.44
8.89
-8.08
11.36
57.19
-40.63
-38.32
75.12
-17.76
-9.53
-23.35
20.66
-11.52
62.88
8.3
44.22
-50.17
0.61
11.27
-15.47
8.17
3.95
-0.36
28.65
-17.43
-187.84
27.7
7.84
40.07
-15.8
98.04
-16.1
26.37
0.73
-98.89
-13.37
2.79
-12.83
9.46
11.56
-2.26
0.1
-18.84
143.77
-29.41
3.59
11.59
-2.65
9.92
-12.28
4.61
38.18
-8.49
11.93
14.39
-24.84
-559.14
41.06
-77.32
19.38
-6.69
-2.91
4.1
29.26
-24.22
-10.17
42.22
-9.28
-8.92
8.51
-29.98
9.72
-44.95
-27.58
0.99
21.5
-19.73
-22.59
2.53
-20.71
-28.97
14.2
-21.09
-30.2
-18.08
33.63
-65.81
9.31
-3.25
-8.69
-6.03
-97.08
-8.01
-5.3
-2.3
-59.13
29.73
-91.35
36.29
-114.05
-31.3
7.14
64.68
1.95
52.61
-5.22
-63.54
-12.09
11.76
-9.19
-10.18
-111.87
129.49
11.61
-92.74
-21.4
3.76
51.58
-6.59
89.13
-24.16
-93.76
89.57
-127.68
-1.97
-24.54
31.11
4.03
40.76
-4.31
-11.82
8.34
54.73
107.72
54.68
11.25
174.6
-1.19
30.65
0.76
10.33
4.19
35.98
70.52
-7.46
4.46
-5.86
-147.79
7.79
-10.09
-44.48
-11.81
79.25
-6.18
0.39
90.96
-3.81
-48.96
-7.27
-239.52
20.91
44.12
-32.49
153.4
3.57
32.44
-49.24
-95.96
49.13
49.12
-4.34
6.89
37.16
16.48
-38.37
72.73
3.17
-22.13
-132.07
-62.53
-4.46
56.6
-8.29
3
-7.93
-81.96
-15.65
39.81
-42.78
12.29
-21.72
-68
-1.02
-71.69
151.89
-7.36
12.21
-6.77
17.97
-4.91
-4.06
-0.31
-10.61
-85.49
13.41
61.77
7.82
76.31
-46.47
6.99
13.53
-89.98
-22.94
-17.37
-2.82
-5.23
-2.97
10.08
30.01
-72.28
75.72
168.36
-1.62
-1.75
-3.29
52.29
-18.04
-121.38
-22.54
17.27
0.04
44.79
27.11
-10.49
-5.54
-13.2
-55.11
50.76
62.8
-4.71
5.46
1.6
30.11
-63.37
19.91
-82.08
152.55
73.98
-34.98
27.31
26.68
9.93
-13.94
0.44
43.09
-67.66
-62.18
6.48
47.36
41.1
-5.47
-16.19
-215.14
-6.4
3.47
-126.6
-65.79
12.55
-28.46
31.2
112.94
-33.35
0.69
-3.05
8.59
-78.69
4.86
-7.22
-9.26
-125.25
-3.89
103.71
-31.79
-6.21
2.5
-3.75
-53.41
1.63
6.86
101.79
-37.06
-28.18
6.34
6.18
-3.27
-9.64
-54.5
-6.66
17.92
12.69
7.34
-23.15
26.35
-21.44
10.77
-12.02
2.3
0.79
43.8
-44.56
24.44
-8.76
-4.96
-50.62
-17.5
17.75
1.01
-8.45
27.03
-38.42
-8.41
13.13
-0.3
-15.7
-37.38
-58.34
8.53
-9.88
0.37
-65.25
9.23
54.05
49.86
-6.75
-41.7
-5.31
51.75
96.9
-41.87
-29.94
-7.32
-10.88
4.38
-22.34
10.8
1.76
-4.44
116.62
12.74
84.04
-12.57
13.46
-13.75
-7.16
-0.53
-8.16
21.32
37.8
9.32
33.37
28.68
-13.58
-1.88
57.76
63.57
0.12
-11.91
-96.71
-23.99
-80.48
-25.6
-8.86
1.6
0.24
20.38
-27.19
9.89
-5.32
-463.46
78.66
8.44
-7.99
-12.39
4.25
-67.19
-103.91
-108.91
9.89
-2.71
29.32
-24.35
-14.47
-2.59
-1.74
11.34
-23.96
-44.05
14.25
28.86
28.64
-9.36
-9.6
-17.13
-17.39
57.01
-9.59
-89.31
28.95
5.88
27.83
-135.18
-68.88
-45.21
1.24
54.23
-11.51
-3.91
4.21
60.53
-7.74
-25.35
-45.86
-22.91
-4.74
16.95
-26.63
-0.63
-43.81
-2.97
-3.39
3.88
61.37
-77.79
9.06
-7.34
-0.21
-11.21
26.91
-10.87
5.82
10.5
34.67
77.74
-33.41
-0.9
11.61
-2.82
