-56.8
19.17
146.37
-11.68
2.35
41.68
-98.28
11.07
17.91
-27.99
8.45
2.46
-104.92
37.09
-8.39
-5.09
-14.55
45.01
82.93
10.78
66.5
6.99
-68.53
-7.38
60.77
-15.56
-24.26
1.19
74.43
-17.17
4.07
25.33
0.21
-21.39
-7.32
7.43
7.66
-11.18
5.61
-126.12
8.04
71.07
-9.38
-9.86
40.95
-5.11
-1.33
-0.77
-18.87
30.81
-150.87
-12.46
-42.66
21.88
8.82
26.12
-81.4
92.58
53.08
-9.02
-40.65
-2.51
-21.98
43.42
-20.41
-4.55
-97
19.32
27.66
62.28
120.24
11.7
-0.33
-5.48
9.6
-50.06
-8.78
-11.03
-4.12
-12.57
-1.02
75.65
-64.43
10.88
-42.12
-100.66
11.02
39.33
-20.46
-7.22
64.17
-20.1
8.74
43.37
13.01
-128.71
-46.36
-27.9
17.33
27.77
-4.83
-21.06
-33.68
-37.78
-6.22
-1.57
4.07
-63.33
91.35
10.71
-4.18
-19.08
-21.25
14
4.32
17.62
7.26
-10.83
15.64
23.88
-43.93
38.94
-10.9
-14.7
43.02
7.38
-1.41
-6.8
118.59
-4.05
145.81
-13.79
0.41
-14.66
-5.25
-25.29
5.94
1.24
54.52
0.4
5.06
-10.06
-8.61
-16.29
-0.73
51.38
-7.67
51.82
33.84
-0.87
-119.88
5.99
-8.29
-130.04
-28.73
9.04
-134.23
37.22
-12.25
-9.18
-15.11
55.5
-51.71
-109.22
180.41
-50.31
5.77
3.18
-8.35
-37.91
96.1
-42.79
8.76
5.07
28.6
47.36
-5.46
-6.34
-22.45
2.77
27.87
-36.32
-3.78
-119.27
16.48
17.41
6.67
5.86
6.59
-9.39
-46.93
2.31
9.39
-34.11
-31.32
24.14
-29.46
7
7.5
-88.22
21.43
8.11
10.1
7.28
0.12
-8.33
-56.98
-47.35
-30.44
5.78
304.17
27.74
-6.41
59.93
-13.44
-56.72
-2.07
-3.9
-28.6
-10
-62.17
-2.3
89.07
3.09
-115.6
-6.09
-23.35
-9.41
11.74
7.55
62.47
37.47
93.69
7.99
-6.2
16.3
-12.26
-4.21
125.03
-8.25
16.05
-90.13
8.17
-26.23
120.29
7.58
-27.75
60.49
19.77
-4.94
-50.7
22
-53.17
-115.84
-14.71
-27.51
13.26
7.95
8.12
-90.97
2.89
-41.15
10.5
-90.86
-82.33
9.01
-20.38
25.02
0.75
45.93
15.31
-100.6
5.91
-62.34
-10.86
32.62
-25.22
-91.92
13.97
-49.37
10.44
-6.91
-46.81
-9.15
4.92
-8.94
-14.88
0.57
-10.59
-30.78
-33.51
7.36
-6.73
-7.8
4.01
-13.14
53.38
11.99
7.58
-6.45
57.52
-17.06
-116.86
-2.52
71.54
6.02
-6.69
-37.18
-48.96
27.96
4.16
0.51
65.83
-9.17
-5.66
-38.68
160.75
44.52
37.35
63.79
-9.58
27.92
-0.95
11.64
-0.44
80.75
5.79
-30.27
-11.92
25.67
38.59
1.44
4.15
-104.27
-6.18
3.88
-8.16
-0.28
-12.32
-11.41
-10.01
5.01
-30.72
-8.75
-40.45
-47.17
47.74
-43.53
7.79
-40.56
-0.91
30.75
-14.73
-64.89
-1.58
47.87
-13.07
-107.95
-5.8
-1.89
3.88
-3.81
44.34
-3.26
-5.67
73.05
4.53
48.77
-12.39
42.1
-3.58
29.1
-55.85
7.93
7.4
4.25
-2.58
-98.18
-28.48
66.64
-0.47
34.55
11.35
30.89
-7.48
5.02
39
-0.51
8.39
11.88
-46.16
36.46
-6.43
-20.97
100.43
9.51
-169.84
-13.7
-40.09
11.44
13.2
49.56
21.84
17.54
19.5
4.34
-14.78
32.55
5.51
-44.2
29.55
-1.24
25.73
-8.78
10.08
6.49
-45
-11.82
117.92
-7.33
2.7
49.49
-6.18
86.68
32.03
19
-20.46
-44.22
13.98
73.35
-10.26
-28.45
4.03
-1.21
8.4
-10.43
-5.69
-40.69
152.12
22.6
-7.01
-6.12
13.93
6.49
8.35
-0.96
28.08
-103.82
2.33
-1.82
-63.01
-12.11
4.05
10.99
-17.24
4.75
5.49
-49.06
-36.4
-0.35
65.82
13.51
51.17
13.86
7.73
-31.85
8.78
11.6
-40.73
1.24
22.66
-61.23
-4.87
-92.54
21.66
-6.77
-10.26
11.2
23.28
-4.15
34.05
-26.71
144.52
-11.32
-63.5
67.93
88.82
-85.85
0.49
-122.27
261.39
36.17
-86.36
-24.77
54.48
-32.01
11.34
48.82
-5.66
77.21
56.31
23.36
45.78
4.19
-13.84
3.39
-18.93
-1.82
24.17
-135.87
13.39
-19.14
7.5
-29.62
1.14
-0.54
60.66
76.14
-5.74
1.53
2.64
-236.62
-18
-17.67
42.53
-41.24
3.55
-1.17
-5.3
32.88
31.99
1.29
7.68
103.38
90.13
28.36
-2.07
37.6
13.33
-82.15
25.94
34.57
5.44
-7.2
-18.39
46
-8.07
7.1
-11.56
-10.51
47.36
-58.5
-10.71
-85.82
-30.34
36.24
7.09
84.61
-7.25
-15.12
-9.6
1.07
-0.22
7.34
18.93
76.14
122.16
46.69
10.01
-129.19
133.67
-70.01
-3.76
6.62
-102.2
54.24
-107.92
65.42
-15.06
0.53
9.37
-17.34
48.23
8.15
36.18
-163.27
-68.88
-14.61
13.01
60.19
137.29
-19.92
-43.99
-90.05
-8.85
-15.12
27.95
10.85
-10.86
-3.79
-7.81
-8.15
-14.17
29.92
19.01
26.8
-14.29
-106.86
21.97
9.81
24.84
50.72
21.27
3.71
17.57
-104.45
71.29
23.49
43.6
12.51
-91.65
-5.15
26.74
-17.33
9.81
22.5
-21.52
0.23
2.41
133.48
-7.79
-11.81
-59.75
-23.29
-10.36
8.1
-333.89
-31.26
66.99
14.67
-6.28
-30.88
-80.17
-14.12
-83.48
1.22
-6.11
74.16
-171.02
14.84
-3.7
96.24
-159.64
103.27
10.41
10.11
12.53
7.06
-8.19
15.39
-1.9
-0.94
-44.4
34.46
-2.13
77.64
-7.88
23.27
-6.53
82.06
10.71
-4.18
-3.82
-9.2
55.61
10.93
-91.72
-15.98
30.55
104.41
-28.46
43.13
-70.99
-101.35
5.94
-5.77
8.04
5.93
-6.62
8.52
-8.88
10.61
-10.08
11.8
62.5
55.27
36.23
-27.88
-9.13
1.91
-123.01
-61.67
-52.43
-78.4
6.05
21.63
-5.89
-13.56
10.31
77.56
-162.19
30.98
-17.47
-5.19
-15.14
61.8
62.48
93.35
32.68
17.57
99.98
7.85
-10.71
-3.87
11.15
-10.61
0.1
18.27
6.22
11.58
-0.9
4.97
-18.86
3.11
12.49
111.03
55.71
-19.24
-107.46
-20.86
-135.49
13.65
-1.75
13
3.19
1.64
-137.42
6.4
-13.15
-0.17
12.06
-3.97
1.92
7.59
-11.26
19.55
21.2
7.12
11.2
-11.05
-9.46
-29.19
115.39
-7.06
-20.17
4.83
9.56
-4.65
-32.6
-31.51
-10
-142.86
8.15
91.95
33.92
23.19
-25.59
-14.49
-0.44
20.05
-3.57
-103.54
-5.7
1.84
1.36
-7.82
-7.13
100.79
83.76
1.06
-69.24
-4.47
62.07
32
-12.89
-4.36
-5.6
25.02
4.81
-11.48
96.11
-9.79
-42.51
-15.6
1.98
-33.48
103.78
-46.86
-11.55
3.88
17.04
-2.84
-1.02
-22.01
31.88
-19.77
11.73
-7.11
-9.26
-162.69
5.49
-9.21
-8.05
42.73
21.51
4.99
12.02
8.52
-0.12
11.29
-12.73
21.23
66.15
-15.31
2.23
-23.64
-14.43
-14.02
-1.5
18.94
-11.48
3.35
17.89
-34.75
17.37
-13.03
104.93
-1.74
36.13
-52.86
1.58
-1.56
9.27
-81.8
-25.55
-0.24
-27.86
37.08
34.27
1.45
-22.31
9.5
11.39
0.27
-49.14
38.77
-6.72
-42.87
14.01
0.68
-3.04
-8.19
23.86
3.43
-18.35
-10.09
11.83
-58.75
39.85
-98.45
-3.5
-1.21
-3.22
1.91
-5.7
58.13
-24.23
49.52
-27.44
-0.58
22.58
-48.38
-2.41
-28.91
-132.67
-23.15
-7.52
-7.4
-7.39
-32.49
-14.45
28.47
50.29
51.29
44.4
25.44
11.18
-6.46
1
18.79
6.06
102.96
28.68
7.66
-72.48
-74.54
7.93
30.62
-11.04
82.95
-53.78
51.48
9.53
28.92
23.72
-26.25
254.48
12.25
32.08
-7.6
-6.96
46.03
-29.12
-34.56
28.52
5.15
63.08
-4.25
33.28
-49.29
-28.66
72.69
5.86
-2.67
-142.81
5.98
14.66
-42.45
33.41
55.17
8.59
-54
-10.21
-36.03
-2.17
-0.41
59.29
-1.22
-11.83
-1.24
95.87
-0.11
102.51
24.45
12.35
-65.47
-206.96
-6.77
-5.77
10.16
-73.82
31.04
97.31
11.33
-17.31
-0.5
-2.08
1.66
45.69
-162.8
-17.54
-79.65
-2.21
-3.12
33.09
17.71
29.4
-43.75
-3.73
19.65
7.63
0.28
6.05
-106.45
2.39
144.22
-15.02
108.23
77.59
5.82
-46.39
16.87
94.57
-0.3
20.95
-172.34
6.1
24.17
-34.65
-0.85
-44.61
-49.81
-5.04
-23.97
57.79
9.73
3.91
-41.69
-10.89
-7.14
46.35
-0.6
49.53
-0.41
