19.02
2.92
-46.24
0.02
42.2
225.65
2.85
2.77
-14.19
-68.14
6.5
0.44
33.94
-18.83
16.19
1.14
-5.47
7.04
-7.7
-9.15
-0.95
59.32
-30.34
-4.1
-39.72
-15.67
13.15
48.75
44.66
39.04
9.08
-67.45
-24.89
10.37
-13.64
-9.45
-38.15
4.21
26.16
-141.51
-0.61
29.69
91.99
49.04
46.93
-5.69
-18.02
-86.53
1.1
-41.66
-153.49
25.6
92.51
19.67
6.08
2.99
8.51
-20.41
3.51
61.71
-149.48
-6.45
9.46
-38.16
-37.95
25.77
12.86
5.68
-9.35
78.19
12.84
-66.12
-0.29
6.3
-0.42
4.02
-7.02
17.34
-71.99
11.52
12.38
-38.93
0.65
-40.94
10.47
-1.13
0.2
36.82
-45.15
-1.24
16.11
-6
-4.36
-7.03
3.78
-6.44
27.61
2.67
4.69
0.81
-38.65
-4.47
59.11
50.77
-1.31
22.06
6.03
3.61
0.08
-6.71
18.29
-5.21
13.88
6.67
-53.23
-8.29
77
-21.42
-60.69
4.77
-2.75
13.17
61.47
-7.05
1.53
202.57
32.07
-46.88
-24.53
-1.74
6.11
-50.81
-9.13
8.68
5.95
-10.97
-44.05
96.43
18.59
4.48
-77.24
15.52
94.93
-50.68
5.19
-4.39
-71.65
-14.71
-26.68
-191.23
-5.03
-9.79
-27.94
-5.6
8.01
-78.27
-39.53
8.42
-66.48
90.46
-105.94
10.37
-98.06
6.01
-6.56
-55.23
-134.24
9.7
43.99
-35.37
30
15.22
3.8
92.99
70.12
-10.68
12.22
1.23
-3.04
122.94
68.97
-5.86
-9.31
-47.02
0.95
-177.55
-80.02
25.25
-2.3
-7.93
-14.58
10.61
42.53
7.67
0.01
7.92
-11.54
171.82
-27.89
12.96
-99.69
38.68
-9.61
-1.88
-109.61
22.41
2.71
15.71
1.35
-345.87
-0.29
9.45
91.82
11.37
36.19
15.34
-8.27
56.48
21.34
4.65
-21.84
-5.99
-0.54
32.29
-7.14
-9.49
-8.02
-11.84
21.08
15.68
289.92
13.72
31.85
-59.65
5.02
11.54
-12.36
-72.48
5.25
76.4
-2.9
-6.01
10.61
48.13
-12.65
13.67
7.25
3.53
24.66
15.7
6.22
-69.99
35.73
3.88
-12.82
14.98
10.56
-13.23
-193.19
-2.19
3.08
17.91
-124.94
-20.33
-4.66
11.82
-0.4
23.39
13.47
-35.95
-84.39
13.85
8.2
-4.64
-61.72
-28.85
12.91
-7.37
97.43
3.6
-54.29
-7.77
-146.52
-10.2
-25.52
-2.01
-22.43
10.98
-9.06
-9.6
61.89
-103
-37.29
29.33
-18.19
-36.03
96.4
19.31
-7.71
-60.05
-35.17
21.5
4.77
-0.48
-65.25
-2.74
37.27
21.22
42.86
-10.57
-53.75
10.88
-2.83
2.1
38.22
37.49
-44.85
11.89
-76.15
-8.24
-66.98
22.73
-90.41
56.84
-177.01
5.6
-7.58
53.55
73.17
17.33
-37.99
-80.31
-7.39
-21.77
8.25
-5.43
-8.62
45.46
120.82
5.27
26.7
21.69
-4.79
53.18
9.58
-2.81
39.25
13.05
88.98
-12.06
10.51
42.72
3.58
8.34
-9.28
-5.26
8.95
-106.31
-19.02
62.75
57.86
-17.12
-79.31
-35.37
82.71
33.37
13.16
-26.3
-9.57
8.99
27.75
32.71
-14.34
-11.99
-38.47
-2.96
101.47
-7.66
4.05
170.65
8.52
15.11
9.66
16.55
-3.09
-7.28
43.01
9.17
-11.11
7.96
60.24
-7.49
9.5
-53.85
23.9
-26.55
4.5
-14.5
60.84
-3.51
-9.84
62.75
1.03
48.11
166.13
14.5
-141.72
-75.4
8.49
13.87
85
55.03
-0.68
2.39
0.74
-25.31
6.49
7.33
7.51
-6.37
4.62
7.69
-23.29
5.13
-1.16
19.17
51.05
73.58
-3.89
13.25
0.11
8.69
-12.38
12.83
-10.98
-20.71
-1.07
68.54
78.25
68.03
-15.14
77.76
-72.4
23.73
22.91
16.37
-9.27
12.05
-205.97
5.75
8.4
-21.3
-15.95
52.09
-10.09
-28.94
-137.68
27.74
1.83
22.55
12.11
54.63
14.79
-0.18
-12.29
-16.25
71.89
32.63
-9.87
12.84
12.39
5.88
-18.19
-8.64
39.58
-44.53
-79.34
-10.34
16.39
-12.05
-37.12
20.11
-8.62
-9.18
-13.12
4.82
26.33
-8.52
7.86
6.45
27.78
31.83
-8.22
-163.28
-9.31
-57.02
30.58
-0.26
-5.28
-39.14
-7.39
5.25
2.54
-7.28
-0.28
-59.15
46.74
29.34
-31.73
45.43
-32.2
117.53
66.32
-1.8
2.41
-77.71
-15.76
-72.96
-12
39.73
5.47
3.57
-49.39
-6.68
9.89
11.61
-11.58
-7.93
-49.8
3.85
39.16
0.77
-95.19
-18.17
47.33
144.62
40.13
-9.87
-12.11
-10.52
174.57
18.2
-92.46
-1.72
29.35
-22.79
6.64
-16.28
3.95
12.87
14.24
114.12
-12.04
-28.09
26.82
6.29
-107.55
10.1
64.73
12.65
49.87
85.54
-5.3
-42.79
-22.69
-6.61
106.96
32.22
-8.2
49.84
6.9
-23.05
3.24
4.91
18.09
-37.9
4.6
-5.76
5.38
13.9
-12.64
-39.02
-53.51
-20.4
51.3
-38.6
23.29
119.25
-10.71
-13.73
61.89
5.55
-19.15
-364.17
154.34
6.93
7.62
57.31
-22.33
-104.56
15.54
-42.72
-28.62
18.91
1.35
70.12
3.38
-12.27
-122.64
34.84
1.78
17.31
13.84
73.87
0.43
11.16
5.58
1.92
-13.61
-4.32
144.96
-3.1
9.01
12.77
39.96
-1.35
2.77
45.48
33.86
-26.84
35.45
46.27
-108.18
-34.26
3.17
-1.76
29.41
109.01
36.33
-152.82
170.65
9.17
61.21
26.91
-12.81
-83.42
56.54
-1.56
13.85
-151.69
89.58
26.57
-26.27
90.05
165.52
93.84
-23.12
13.83
-15.01
-61.32
20.47
-8.08
-26.96
2.85
-15.37
-46.73
-0.88
48.7
14.86
11.18
91.43
-5
-21.28
12
12.56
23.97
67.2
14.12
13.95
6.88
34.86
-70.61
4.86
27.39
0
3.37
6.12
25.52
66.79
77.12
-61.73
-14.66
9.22
6.15
-52.56
50.43
59.18
-1.13
-54.08
-33.08
8.51
8.48
8.12
23.16
2.63
105.85
-29.85
7.79
-170.03
-28.29
31.87
12.69
-49
-7.31
37.42
-0.11
-7.67
-14.05
11.6
7.09
4.8
6
10.37
-7.57
3.12
10.76
7.87
2.02
-16.25
20.75
9.82
-30.46
4.59
20.95
-11.81
-113.13
58.45
-31.39
-8.37
35.53
15.3
-14.72
-15.37
-5.86
95.35
16.45
-3.21
-42.43
-9.65
-110.47
-6.05
-68.75
9.1
15.86
107.83
0.34
-11.15
72.96
1.06
-15.9
1.61
43.91
34.03
71.28
-11.58
10.33
1.34
-130.8
-13.67
20.34
-5.7
-76.26
5.76
-5.68
1.15
-10.65
14.32
31.57
-10.86
-19.06
11.55
-6.68
-6.81
3.29
16.36
27.87
34.84
46.85
-84.35
22.31
-12.8
-75.54
8.98
-2.2
8.27
10.13
-60.7
148.91
-85.01
-45.75
-26.67
29.72
70.31
21.03
10.19
-6.85
53
-6.61
-47.79
-11.57
0.89
29.31
118.62
31.01
158.84
-5.11
-3.32
-28.21
-2.97
10.35
-3.43
25.58
61.62
57.16
0.05
32.85
7.93
-5.16
-0.29
-2.16
-94
-6.09
-23.77
15.66
51.4
-11.72
59.14
91.66
113.13
96.97
-17.14
7.6
14.32
-46.53
-11.25
91.56
34.09
-120
-8.58
-65.66
-139.4
-3.41
-0.71
1.72
4.15
-38.28
152.74
3.2
0.37
1.6
-5.51
22.81
0.34
-4.36
7.01
28.2
-1.83
12.04
-90.89
13.69
-71.74
-123.95
14.39
-75.5
-1.29
-11.58
83.52
38.8
-14.83
23.09
7.8
36.76
-83.45
16
10.22
53.6
-72.35
0.45
5.43
3.85
4.33
-40.25
-28.64
-11.58
18.04
90.39
-114
3.56
-0.08
79.08
-20.93
46.5
4.77
-17.16
1.62
-199.27
30.89
96.05
36.36
-18.12
-64.72
67.95
-10.12
109.25
-12.49
-25.93
-12.45
-97.77
15.37
-87.42
-30.1
5.04
-8.45
-12.16
-16.82
29.19
-6.68
-10.42
-0.18
-20.23
80.46
-7.73
-27.1
11.36
16.12
28.87
0.69
-9.65
3.9
27.22
138.54
-2.84
73.48
56.25
12.33
-71.95
32.36
34.47
13.77
13.97
-31.72
-3.23
6.58
8.11
-50.44
171.93
11.01
-130.6
75.06
28.62
-30.69
39.23
5.57
-61.9
-13.02
86.18
0.22
74.3
-75.89
8.85
-0.88
-93.85
-42.53
-6.83
101.28
-11.33
-32.42
8
-4.52
-90
-8.52
7.13
-21.56
48.08
-8.1
10.28
-100.99
-11.92
29.86
-165.23
-0.11
-11.07
-11.3
13.69
-12.95
-12.52
8.3
58.58
44.43
80.87
-20.08
-50.61
-13.41
27.13
1.88
5.72
-11.53
-0.35
-34.08
-0.54
-19.16
6.1
11.44
-6.61
-1
30.21
3.88
228.07
88.73
-18.92
48.38
14.52
-20.54
45.08
