-8.34
-17.34
42.6
-139.77
5.34
2.5
-61.24
58.17
2.84
6.4
27.33
9.47
5.45
-41.97
11.03
0.82
-37.23
30.74
-55.81
8.51
7.58
-35.97
4.05
-43.74
10.6
7.17
-111.14
8.04
-48.52
104.03
-1.3
-4.74
34.73
6.26
1.93
32.77
5.99
30.86
-16.5
9.53
-53.23
-2.71
16.39
-0.22
-0.73
12.53
10.23
-39.03
58.54
-38.68
-68.25
13.19
-3.62
-5.78
26.67
6.04
-1.17
-19.73
-29.91
-9.55
-14.56
-11.78
-14.05
-7.18
24.84
-11.97
100.92
-7.1
59.41
3.11
49.81
-2.83
-7.81
11.51
3.68
-58.12
-15.15
6.3
3.04
1.18
45.13
65.28
91.68
-6.28
-0.39
1.03
30.01
-11.25
18.95
-25.16
-104.69
3.35
48.32
44.06
-40.47
-30.37
9.7
-35.02
32.04
-13.66
-51.55
21.48
-5.34
-11.38
45.36
5.71
-24.51
-110.83
41.15
21.19
-40.82
-24.44
22.01
21.92
11.57
3.72
-0.07
-6.82
-2.51
14.7
13.3
63.78
51.94
-11.14
-1.1
-6.53
2.14
1.81
23.09
-14.7
-174.99
18.81
105.83
-4.24
12.82
-11.87
35.71
121.99
-26.24
14.29
-21.38
6.57
63.94
17.53
-16.98
-0.33
72.13
8.81
10.27
-183.99
108.96
31.27
-2.66
128.9
105.46
-69.5
-4.72
84.91
9.07
95.88
-39.08
29.24
-6.51
8.13
-52.3
-35.32
11.67
32.5
-89.34
8.74
48.11
-5.17
19.19
-3.41
4.2
-40.89
-103.55
-0.48
7.78
28.13
-3.76
-4.86
31.39
-13.72
-60.58
-5.1
7.06
-112.69
-44.32
-21.67
15.28
-21.87
2.95
5.09
12.41
10.66
24.2
-15.06
5.35
-2.7
-12.27
-4.85
-13.34
6.3
-8.51
-72.43
68.97
72.65
11.02
-9.95
29.83
7.7
28.06
14.22
40.98
-23.52
-9.27
60.23
27.21
54.66
-6.68
-29.27
-38.78
48.5
-4.06
-4.66
-31.75
-109.49
-0.68
-2.7
-27.53
-3.49
4.03
14.47
38.24
-227.32
15.32
-8.28
-50.54
20.42
59.74
-53.69
5.74
12.36
11.79
43.56
64.69
-5.21
11.57
-19.35
-64.24
-7.61
-9.79
-5.33
10
-22.86
-45.69
-42.64
2.6
-66.92
-2.8
-15.71
26.26
-3.3
3.96
-52.34
-147.46
11.69
3.88
-0.84
-8.46
15.68
-10.12
-30.33
7.45
-0.99
34.97
26.56
30.79
-32.76
14.47
-2.83
-11.03
42.22
-23.08
53.87
83.81
10.71
-11.78
15.54
-0.13
69.13
8.7
-18.59
3.3
24.33
87.04
-35.09
97.75
26.02
-4.46
-12.86
-7.9
-11.98
-1.55
2.56
19.59
60.34
-2.82
8.92
-6.65
75.58
4.91
-4.63
-1.52
16.21
-42.15
-6.49
-31.05
-4.02
10
0.7
27.05
65.86
-27.64
7.2
10.34
56.75
-0.04
73.3
32.22
82.92
43.95
-15.77
-7.08
-8.51
-0.92
45.81
-100.71
-159.03
-1.33
-169.23
-0.64
-58.28
-2.95
57.72
47.46
-12.09
-59.35
13.92
-11.94
-21.12
-19.24
-116.58
29
12.11
1.7
17.21
-35.72
30.21
-62.33
-5.89
0.43
-134.44
-14.07
-4.34
-8.83
30.42
-9.79
-10.04
12.96
22.23
44.77
-104.73
46.65
-13.01
-1.57
-7.48
13.37
5.88
-9.72
-17.92
-26.09
-121.09
268.28
-6.74
33.97
-14.57
14.67
49.7
76.66
-7.7
-25.43
56.8
6.9
1.2
26.49
-14.96
9.59
-3.71
-68.02
-12.04
-78.82
150.06
4.56
111.94
-0.06
-23.68
-3.47
-62.44
7.71
10.99
-4.24
23.17
40.69
-10.13
56.93
-2.08
0.61
-30.51
-5.79
-25.53
22.54
-3.34
-65.26
39.13
-26.9
14.27
-47.29
16.94
-22.98
9.68
-6.42
-10.32
-1.89
-11.3
-15.29
-12.01
1.67
6.19
-10.29
-16.96
-3.92
-15.6
74.83
-97.91
73.38
-31.33
-19.96
-11.37
-13.06
10.29
44.64
54.54
5.31
-45.53
-100.89
14.46
-108.03
10.15
-4.82
-50.72
1.18
-109.48
-8.85
-9.28
-42.2
19.94
204.31
16.64
-49.85
-45.62
96.46
-10.61
-4.98
16.19
-6.64
50.64
-10.97
21.56
10.37
-8.83
14.26
-132.08
24.75
-14.63
-48.03
12.56
14
1.23
-9.18
22.81
18.66
170.77
10.75
-14.44
2.73
37.94
-32.2
13.28
-43.5
15.11
-78.26
-17.9
-13.11
9.74
-8.62
2.09
13.23
-38.61
13.66
-3.41
19.69
-46.13
-44.07
-24.97
5.37
91.45
3.64
-7.4
-196.07
123.28
-4.05
69.38
35.33
5.95
8.71
37.86
8.72
-18.78
13.25
23.69
19.8
9.97
6.91
11.83
-14.94
21.64
-24.43
24.59
-37.23
83.94
61.45
33.81
36.67
52.52
-132.93
-39.31
-32.5
36.66
8.9
-41.55
7.36
-1.37
-88.58
-16.49
90.11
-16.26
-15.07
52.58
7.33
1.02
18.32
-41.21
-31.9
-8.13
52.75
-51.23
-44.98
-1.64
15.88
42.45
12.34
7.51
49.33
52.04
-63.85
14.27
-9.22
-4.02
13.56
18.94
-1.8
-58.8
-5.01
32.13
-4.81
-28.87
-21.81
32.79
10.17
16.12
8.23
3.43
54.81
11.29
8.41
5.28
-81.44
-244.57
40.88
-1.08
51.68
-16.5
-12.89
67.72
-12.99
-3.97
83.09
-80.57
1.29
21.47
6.49
-2.96
60.59
-100.08
27.2
-21.27
-66.17
-4.57
1.84
-9.58
21.1
6.13
98.23
-52.2
20.61
5.85
36.64
7.32
2.37
0.6
-10.84
2.73
-10.16
-7.08
-11.4
12.85
-15.89
69.56
83.55
-5.24
73.29
-11.79
11.92
154.29
19.7
15.98
31.55
-0.01
-11.92
-13.48
11.04
38.96
-10.5
-4.49
10.38
-8.79
15.55
-1.73
93.93
15.11
112.15
-27.35
-19.05
4.78
34.07
-7.38
14.74
3.03
15.41
-26.04
-3.32
13.74
-90.09
-12.96
7.16
21.35
-2.24
14.21
5.99
2.83
-162.97
30.83
71.14
-122.39
-41.22
-32.29
-4.89
-27.07
40.58
-23.33
-18.34
-14.19
-43.73
166.05
-47.27
-112.25
-57.68
-5.48
-69.88
0.39
20.16
-0.43
-10.77
-8.59
62.15
17.57
32.73
5.61
-78.2
-50.58
14.43
-9.93
9.64
47.19
34.33
84.54
237.51
28.04
64.44
79.91
5.17
-24.18
-91.91
-6.54
2.49
3.9
8.78
58.84
55.8
45.88
-0.89
-66.95
48.87
-30.58
-79.93
-16.63
4.69
30.38
6.78
12.76
-11.24
102.32
5.79
4.86
-3.16
34.67
-36.16
-4.15
116.2
9.25
-46.22
56.62
46.4
-28.18
5.42
87.91
1.44
-255.41
-58.37
-10.02
-21.42
12.29
11.09
78.59
81.99
2.38
21.52
-6.2
7.05
-107.86
-47.88
16.41
63
-3.47
59.67
-111.04
27.25
-6.78
-44.38
37.72
-14.22
-4.53
-14.65
69.54
-3.47
-22.94
-54.83
5.58
-13.28
-8.03
-6
21.23
2.07
23.4
23.65
-26.12
-96.97
19.84
11.06
-24.52
67.41
4.03
22.83
-29.18
-37.45
86.25
-9.26
-61.07
11.4
-28.12
-14.05
-22
-18.12
-3.99
6.16
3.33
-32.93
-17.75
-10.71
-10.13
-119.56
6.39
-5.77
-0.95
-6.94
-16.94
11.6
-5.47
-38.35
13.73
-31.78
24.77
-7.77
11.7
-8.8
-30.77
-1.3
30.57
86.66
8.99
24.03
54.15
38.9
61.04
59.79
-26.15
3.49
150.66
-115.43
75.91
72.16
32.6
28.98
-3.1
162.96
-6.68
139.66
8.5
33.05
1.28
9.95
48.51
58.2
-11.03
97.33
-0.53
3.73
-13.9
11.24
4.37
-15.89
94.71
-11.35
0.12
-10.85
-89.85
-1.08
-3.81
88.37
65.85
7.92
-8.14
-13.91
-5.3
10.91
1.23
12.15
28.01
-56.19
5.89
0.23
69.46
24.98
40.91
-21.74
43.42
-7.93
24.74
-43.91
2.82
3.64
-5.45
-87.1
-7.46
-7.41
-28.31
5.47
-50.28
62.77
5.93
4.9
-142.27
8.17
-3.46
-21.49
183.78
-10.94
-8.99
-7.07
-7.11
-52.02
-6.06
191.81
-18.8
90.59
13.01
3.2
50.35
8.86
28.87
-13.28
-161.74
79.45
-12.08
17.12
-5.83
-44.26
-73.67
-32.12
-1.74
11.5
-0.77
22.91
-6.52
47.21
7.14
5.99
-57.25
-6.48
-17.58
-4.78
-3.14
-25.92
38.32
-83.74
32.47
52.8
-64.11
-5.14
-36.07
-5.45
2.62
-82.36
-73.05
-9.92
-14.28
3.87
-45.46
139.07
-38.67
162.09
-7.34
-3.46
73.64
9.77
-3.61
-9.72
74.61
-61.68
-31.02
1.97
-12.54
4.93
48.39
2.38
-42.83
18.95
-17.05
-3.84
-2.07
-8.09
0.86
-7.82
13.66
-12.32
-154.14
8.26
-48.49
4.46
5.39
8.84
-8.07
37.85
14.36
-1.03
57.91
48.92
-43.58
22.06
84.76
6.72
21.96
80.6
7.43
-8.5
-86.08
-84.77
-7.78
10.7
-137.98
38.54
24.53
