-0.52
-16.67
-6.25
6.41
-8.24
-39.44
53.2
164.53
13.83
1.41
11.24
-0.43
4.59
-19.11
6.94
8.58
-4.54
15.08
12.27
-6.36
18.63
-153.23
-4.39
-7.28
-52.84
3.1
-4.94
-23.56
12.22
26.36
65.02
13.91
-3.66
-3.88
9.53
-14.5
87.28
-49.88
-13.5
-69.33
-43.63
-144.85
87.57
9.94
38.86
-15.05
0.66
9.37
-2.79
-17.29
7.11
26.74
-16.24
-121.71
37.1
-29.5
-3.75
14.93
10.77
-13.4
-20.24
-188.2
55.82
-15.3
-33.23
57.04
-4.98
-21.41
47.28
9.3
1.61
-7.3
-38.9
7.93
37.1
8.12
-96.55
10.85
11.5
65.18
11.14
-58.41
102.17
6.99
13.69
-2.9
15.85
-106.64
-8.34
22.06
47.14
21.13
-7.39
-13.93
-40.84
-7.2
-82.44
-1.14
-61.75
9.56
63.03
21.67
4.2
78.05
55.75
-72.88
-4.07
-108.46
-7.56
11.12
-7.62
-82.03
25.32
50.82
-34.88
-3.29
-6.34
-5.1
-34.97
29.13
3.71
41.09
11.79
54.76
-4.04
-12.9
5.41
-69.94
-71.88
-12.76
10.21
-2.51
-12.15
-8.14
9.44
-0.37
8.76
-2.97
-21.31
-5.52
-7.36
-20.7
71.34
37.28
-0.08
13.19
-49.89
59.92
0.09
3.62
3.28
-10.1
84.5
-11.21
5.7
-43.17
-14.6
179.44
81.02
-50.38
-12.81
5.83
-4.2
-31.93
-0.98
-21.09
-12.78
-10.31
-10.39
-7.31
48.43
-14.1
-82.66
45.69
9.56
5.43
19.47
-40.69
1.15
-4.39
-77.02
-200.11
23.41
-62
7.43
-3.45
-32.22
-39.41
61.16
-0.55
4.81
64.34
-18.09
122.12
-2.02
39.13
10.59
-5.51
-9.11
-30.47
-65.58
11.36
-13.02
34.17
18.25
-8.84
-1.18
-34.86
13.95
7.78
-159.06
-52.29
94.32
137.37
4.97
9.62
-3.01
1.76
1.38
36.47
-113.84
44.77
-10.36
24.02
-19.49
-10.12
-38.33
-32.68
-14.11
21.55
87.94
106.31
50.01
5.29
140.47
-12.44
99.67
5.83
-8.4
-41.7
0.24
37.53
136.05
-14.16
45.69
83.92
39.47
7.53
50.23
-3.32
-7.12
6.18
46.55
27.67
-32.48
7.72
9.5
-65.83
60.3
32.65
16.34
-87.28
9.53
71.98
61.52
47.47
177.41
-12.36
11.06
-17.58
2.26
45.14
-48.99
-7.13
1.5
21.3
-123.9
-4.16
-37.08
-4.24
-45.37
13.44
18.2
54.83
12.58
-41
-51.74
-43.47
-2.88
11.57
-11.6
-79.1
0.39
1.27
-12.54
-2.28
64.53
-18.86
2.86
1.87
-3.87
-10.72
-58.68
-72.74
-14.75
-4.5
-13.83
62.35
43.36
-6.19
49.99
-1.82
-13.78
31.06
-11.07
3.34
-92.22
-70.81
-3.38
-8.32
5.02
1.82
-4.77
66.28
-4.64
86.73
12.58
10.22
-127.99
-14.09
-11.99
-39.66
-5.91
-17.22
7.6
-50.38
14.21
-2.68
20.37
138.46
59.76
4.03
9.9
12.78
-5.14
-8.72
18.48
5
-15.12
56.69
-12.38
114.59
13.5
10.21
-48.48
-11.88
38.58
18.68
7.3
4.18
60.48
14.72
2.31
-11.91
-11.56
-70.42
-26.6
27.46
11.94
88.25
-4.33
11.34
-14.78
31.62
1.44
9.53
-11.85
84.07
-4.16
-40.7
-6.66
-10.91
5.78
-34.14
8.79
-16.21
-9.31
-81.75
-17.24
-74.8
-12.3
63.18
11.92
-29.64
3.6
43.43
-125.05
16.68
54.13
-32.42
8.44
20.71
-5.74
-213.39
55.54
142.21
0.79
-0.95
12.42
-59.33
31.33
54.45
138.76
-81.5
-27.25
19.18
22.91
88.33
6.66
-83.49
-2.97
-82.2
52.51
-4.86
-181.26
-72.83
29.35
74.67
-13.41
6.37
-3.32
48.59
20.43
30.84
10.17
11.2
36.21
70.54
-43.8
26.66
19.35
-61.26
-130.74
39.57
-46.44
-11.88
7.13
27.22
-5.72
9.57
-85.74
2
21.47
6.05
-6.2
-0.51
7.96
9.47
-8.42
-2.82
11.73
74.85
-15.01
46.37
17.1
-7.23
-17.96
-142.71
59.01
2.34
9.97
-10.23
-1.66
-9.9
53.63
0.46
23.41
10.92
25.45
8.71
53.77
101.69
-53.38
3.06
21.7
35.53
-2.9
-37.9
-78.69
-54.76
-76.23
19.66
13.18
1.36
-43.42
34.26
-29.7
-0.97
18.72
-33.37
38.57
-10.26
21.15
2.32
-10.94
-14.5
-4.65
8.97
47.3
-7.95
58.32
-4.12
-67.37
9.54
3.64
31.23
-30.25
8.01
32.06
-9.23
5.79
51.21
-6.84
-53.91
-26.08
8.98
-22.44
-21.38
-111.36
-27.59
-21.76
-4.83
-8.09
-5.68
151.75
8.17
-6.86
-40.09
11.84
10.82
0.19
1.7
82.21
-7.23
11.06
-92.07
249.64
-2.59
5.95
3.23
23.98
51.21
-18.91
-20.09
7.95
8.03
35.32
69.39
-439.55
-8.41
45.9
-9.59
45.59
12.23
-5.59
-8.36
-20.54
-1.06
-38.25
95.34
-2.16
10.71
-39.76
-7.55
-93.65
-1.9
-106.76
16.77
18.6
-2.43
6.1
-67.93
-4.81
-39.58
0.68
0.63
39.63
-15.04
-5.96
12.09
98.65
47.23
32.66
-8.81
-76.92
-1.97
-5.68
8.67
-9.7
-4.39
139.03
9.05
4.89
-81.25
152.66
12.29
17.99
3.74
-30.19
14.86
-4.62
91.99
-0.63
-14.78
5.8
-6.07
-5.48
24.82
5.44
-12.09
56.11
7.37
5.32
7.73
-52.69
-23.24
20.71
-46.58
-6.02
-2.48
-13.04
72.78
1.34
28.21
-11.07
-73.46
-11.24
23.67
-5.01
-155.12
56.41
8.08
20.64
-28.31
-0.39
100.1
13.51
9.07
4.6
17.77
-44
-57.31
5.28
63.21
-1.66
28.54
-5.87
-9.24
-155.36
16.54
68.86
-25.87
13.45
15.31
-27.03
8.89
93.86
-9.7
-16.31
9.82
-3.35
-0.52
26.62
-2.23
28.17
-3.74
-37.77
-14.68
44.84
-17.32
0.77
88.77
43.68
8.32
-0.67
6.26
2.53
1.53
14.54
1.38
178.27
14.76
-10.33
3.73
41.99
20.94
-3.94
-11.55
-55.11
31.8
-2.66
-13.37
-7.16
-6.83
-2.44
-11.49
-23.39
-75.54
44.51
-29.96
9.31
2.53
101.27
-7.89
168.26
-8.24
4.61
8.14
-162.07
24.34
10.23
0.67
5.02
56.26
-11.25
31.91
-76.84
5.3
-18.28
15.64
1.34
-9.69
-170.76
-89.54
80.06
-24.61
-22.05
-7.22
74.69
-3.5
22.55
-9.55
-112.45
-22.24
9.8
-3.63
-62.35
-12.92
13.47
-177.06
0.96
73.2
-0.68
15.35
-15.22
4.31
7.89
102.49
-5.12
-2.52
-70.12
-41.67
-77.49
7.6
7.41
-178.19
4.15
-55.15
23.59
-50
9.02
-20.47
-13.72
-34.06
-7.86
-10.85
5.62
36.53
9.25
23.58
9.44
-9.5
0.94
41.89
58.03
62.47
12.62
-2.97
7.5
-31.75
23.22
15.37
4.47
17.12
57.25
58.32
22.83
200.8
108.4
41.66
-401.37
-3.91
108.67
25.62
-0.31
14.02
9.32
-9.69
-4.07
-63.51
6.37
8.46
4.93
61.95
-145.6
49.12
68.68
198.45
-2.84
-134.43
-2.46
29.34
-17.65
7.64
2.31
41.06
-26.51
-18.57
-42.22
25.13
79.47
14.19
60.11
-10.4
-26.42
-72.99
14.41
-22.42
-180.25
1.07
-5.78
-2.43
6.94
55.42
-27.09
-32.37
-54.37
-16.68
2.77
10.69
-3.43
4.63
-80.35
-9.89
42.87
-3.01
5.39
-8.64
25.29
-38.91
11.04
62.05
0.26
1.56
-36.67
-87.76
44.67
-9.91
11.94
175.27
13.19
-124.67
0.4
-119.01
-8.59
-31.32
47.1
74.9
-6.16
-12.34
13.56
-25
112.88
-44.52
6.9
-0.15
9.9
-3.06
5
-16.2
50.82
73.27
20.77
-159.93
-36.43
-13.69
10.98
-12.09
-1.66
16.15
-25.67
-16.27
35.74
6.12
87.57
18.79
-78.08
-59.98
-14.25
2.44
-20.27
80.43
-16.45
8.4
-8.3
3.71
-7.82
33.37
-32.26
-5.44
-4.83
25.01
-17.95
33.53
13.92
9.9
30.43
-3.67
-11.62
-2.25
73.69
-1.28
-7.69
-51.65
-7.63
0.23
14.15
35.99
-5.8
20.77
-18.58
-37
56.96
-195.71
89.3
44.77
53.83
-0.75
-91.44
-70.35
7.1
-47.15
74.91
13.82
12.18
-3.93
11.68
-2
-75.85
-1.68
32.97
-49.83
119.83
4.32
-7.88
24.68
-30.47
-10.05
12.19
6.87
-8.1
-54.93
-26.76
-26.48
-62.37
-24.38
64.05
-5.92
10.53
-27.39
-14.47
-1.59
-3.26
0.15
-10.3
-1.32
35
29.38
-6.91
39.36
12.28
33.74
-129.48
31.43
36.95
-10.61
-12.56
-12.09
-7.67
3.54
86.97
37.47
9.74
7.46
51.57
-28.34
-1.46
-29.46
-10.47
-62.04
-41.83
-75.84
76.11
-28.76
10.56
8.08
-11.62
-4.3
-239.51
-37.69
-10.43
28.11
56.2
-3.31
