213.63
-4.48
-46.27
-5.41
4.67
23.69
-4.57
152.02
14.87
-122.42
18.06
-87.03
-3.37
58.8
-49.99
0.89
-11.64
-22.35
15.48
-34.68
-32.13
12.52
-93.29
-12.55
-10.95
15.18
1.09
27.23
-0.26
3.12
9.66
12.5
9.37
10.13
65.36
-3.67
-0.01
95.39
-72.35
-7.8
45.35
-86.23
71.62
128.74
9.47
2.62
111.29
8.55
13.5
1.69
24.37
-5.29
-25.31
51.4
1.49
272.59
12.08
13.13
55.26
-3.55
-4.44
-29.15
11.26
-5.68
-11.81
2.58
-14.61
11.88
-7.73
-16.37
-138.64
-137.81
-61.42
35.14
-51.33
63.12
92.66
65.14
15.83
-14.73
-8.19
153.27
14.35
-25.33
-24.67
-3.37
35.61
-1.4
-34.13
-139.1
-4.87
-8.15
-4.79
-81.79
147.49
-10.23
41.54
-1.03
4.47
4.53
-13.19
45.47
-5.81
11.28
-3.36
2.36
-6.31
8.92
31.65
2.2
-20.1
120.8
-51.47
37.95
8
-13.9
-0.72
29.64
104.75
51.3
-12.51
26.26
2.71
-3.29
-13.69
47.32
7.67
-96.01
-51.59
-16.02
60.23
-7.42
-12.4
-27.85
-8.91
-111.84
8.5
11.02
-10.67
-9.87
3.36
-2.51
-315.07
12.75
-0.9
69.27
71.96
-7.49
52.47
7.94
14.05
-33.53
10.52
-14.41
19.23
-10.82
-67.54
46.48
-49.73
3.27
-60.09
47.03
-106.83
-73.35
10.09
-7.68
6.43
9.05
1.15
64.88
-35.45
157.84
-37.7
-6.78
66.02
3.84
-62.54
44.07
12.63
6.34
-27.1
-22.37
28.64
7.86
-29.62
13.38
-10.52
-4.77
17.7
15.49
10.09
23.54
-76.73
-39.79
-10.65
-109.09
-0.59
-90.88
17.97
55.39
-9.6
-278.01
-67.36
44.32
10.83
13.6
-134.33
-7.84
-14.12
34.39
53.18
-90.52
79.96
1.49
-80.55
101.15
-1.37
4.72
-11.32
4.67
-59.89
-58.13
7.07
9.76
-39.12
8
-63.23
10.04
-29.34
-94.92
32.03
-79.84
48.48
37.18
-64.54
-62.58
-237.8
4.87
39.63
1
77.71
-66.41
-49.22
-11.61
-40.18
-20.19
5
-2.41
-7.54
-2.09
1.22
31.25
37.22
-9.25
101.08
-49.5
-12.9
14.6
-5.03
-176.61
-9.47
-15.56
-108.77
9.14
32.34
122.88
-17.68
-2.99
75.5
-31.38
65.59
10.6
4.76
11.41
10.56
19.93
8.97
17.49
-9.85
-83.54
1.6
5.75
-50.3
4.87
-5.26
-19.77
3.41
137.79
-29.46
-18.14
29.44
-3.21
39.32
-53.25
82.53
31.31
21.3
25.39
-2.24
-54.26
-53.01
-14.47
3.85
-43.03
-124.82
1.56
39.26
10.44
-57.68
-95.27
-60.61
-36.13
4.11
-10.39
14.92
-12.08
-8.48
116.1
29.96
-10.97
-118.36
-20.25
5.82
5
142.55
-2.75
3.98
10.64
-7.43
-1.57
-6.21
94.6
-4.96
66.29
-10.57
-2.11
57.5
-2.98
68.73
130.24
-8.22
42.84
-89.13
71.9
61.6
13.03
4.74
-41.87
-26.35
95.93
48.46
-5.01
14.08
7.2
-71.3
6.28
-11.77
9.26
5.93
-11.63
27.08
82
94.31
-1.67
5.99
54.72
5.21
-23.83
56.96
5.6
11.32
4.66
95.63
-44.55
-12.58
9.32
-9.45
9.93
14.35
-41.23
-36.25
0.93
-38.53
-6.5
-2.5
-35.95
14.26
1.61
22.34
-3.02
-0.36
-195.64
70.43
9.24
15.18
12.47
-17.11
-85.03
31.56
0.33
5.09
-2.38
-25.55
91.67
-40.07
-11.14
-0.04
-11.59
9.45
-46.4
-62.22
11.12
-1.45
-6.11
-38.69
-16.67
-115.85
10.95
-34.78
33.46
20.54
3.74
15.27
-9.61
1.07
8.54
87.21
-8.4
-23.04
-21.84
108.34
-7.26
1.65
9.51
39.9
6.79
68
-14.6
6.4
-34.49
33.31
9.88
-0.46
-0.92
2.01
-7.19
34.74
-11.34
-23.67
4.03
-60.64
3.74
-1.69
13.39
24.46
46.92
28.12
9.9
-6.11
25.38
-7.79
9.22
-10.31
-5.01
-9.31
-2.63
82.9
10.21
-4.95
7.12
14.43
22.35
1.57
-18.74
-59.91
47
-99.66
0.08
-6.37
3.96
-14.92
4.19
43.83
51.85
7.66
-2.14
-29.43
106.59
5.43
28.79
11.07
-10.96
-37.84
31.93
-9.72
-1.58
16.27
63.63
53.24
19.61
-11.76
-2.43
12.21
-64.77
-10.67
31.32
72.05
-29.53
-17.57
-0.95
-7.2
9.51
-37.28
3.8
-5.09
12.49
-30.45
11.78
12.1
-19.64
2.18
0.76
54.05
16.53
43.03
19.4
7.23
2.07
76.6
-10.69
-2.11
-67.69
1.85
38.76
2.65
15.03
13.64
-4.69
-2.08
-45.42
-95.75
77.95
-27.45
-12.96
40.31
-5.06
69.65
-37.17
-2.16
-22.43
59.68
-50.18
-5.19
-23.23
1.98
0.8
-11.09
23.46
-1.2
-44.38
-16.78
3.59
-11.91
59.96
4.58
-31.88
-13.15
-9.8
-19.42
126.51
0.23
-4.46
62.92
-0.8
35.35
20.07
-105.4
12.77
-12.13
92.76
-29.29
-11.76
-3.85
13.07
28.27
-28.43
-9.65
8.27
14.21
58.28
23.12
27.59
-5.26
-104.78
33.72
-39.38
-2.64
-9.63
81.49
-143.47
13.22
-84.56
-142
-81.39
33.04
131.43
76.51
-5.21
10.44
-2.78
54.5
-4.97
20.41
3.53
-9.29
-17.42
12.65
85.88
8.59
-92.92
11.13
18.77
-8.51
0.55
11.09
-75.43
38.87
-14.62
-22.13
-13.03
135.99
-10
1
132.79
-39.23
-249.53
6.14
1.41
-2.55
30.92
-9.33
-36.71
-39.92
-3.17
-15.33
-16.26
-7.96
-8.02
4.69
11.14
-3.07
48.15
-141.52
13.26
-6.7
81.12
-9.72
10.92
61.66
2.94
-132.44
5.89
-21.55
5.44
32.03
-100.06
-7.73
-7.86
9.77
98.61
4.7
109.14
120.55
69.7
5.19
0.13
-83.18
17.69
2.51
-15.34
-37.82
9.09
-50.53
-15.63
-9.95
19.69
-1.43
-6.63
-40.38
-61.84
-18.67
-434.76
5.12
11.36
147.48
3.63
-2.82
-13.22
-34.82
13.13
-24.31
-46.34
-15.41
3.32
78.05
15.43
84.13
185.08
30.07
7.25
43.84
6.75
40.36
4.26
11.8
-9.69
-22.65
1.44
-8.52
47.59
-98.44
-52.34
-29.58
12.47
-48.04
7.88
14.74
-26.63
-10.59
-26.16
-11.29
-125.74
8.88
-14.34
-5.2
48.7
11.44
-22.91
10.27
-21.19
-46.22
23.38
-0.9
13.61
-15.62
-2.07
16.08
5.6
3.47
-11.16
-53.1
-22.47
37.57
12.57
-9.24
-14.28
20.47
-70.59
51.15
21.23
-18.5
22.49
120.44
7.23
15.85
-0.27
-11.89
3.04
-33.42
-205.12
-34.25
-45.08
1.27
1.15
-19.15
-170.73
65.77
57.49
-3.71
13.93
-147.13
17.26
-5.83
7.44
-15.77
-4.21
8.52
-14.06
-61.26
-8.99
8.48
42.77
1.03
63.88
-16.25
-118.58
-7.59
14.13
12.23
51.37
9.98
14.67
8.25
-5.87
12.4
-0.96
9.02
-8.97
9.91
46.47
60.55
-47.41
-25.29
8.39
4.99
-11.78
9.98
-73.01
53.92
-24.2
11.62
72.3
-6.78
-12.87
-19.2
-5.18
-13.57
-47.66
-10.63
7.12
3.4
-3.32
32.67
-11.11
35.76
39.88
11.52
26.78
13.78
64.41
3.71
-3.67
-7.27
-15.51
39.01
9.09
20.19
-9.47
4.09
-2.43
19.68
-85.16
33.68
-8.45
16.31
7.07
33.15
-14.36
-40.32
83.69
28.18
1.43
13.91
-9.55
169.5
-20.22
-150.02
0.34
-8.8
0.21
-68.95
44.1
-28.62
-3.36
4.77
5.16
75.39
-7.92
4.18
154.52
-13.48
8.06
-24.73
9.73
-2.89
-53.1
-62.25
2.22
25.33
-12.88
-7.3
-20.21
11.72
-8.55
20.9
149.16
6.11
-64.93
-26.62
2.4
102.13
6.11
13.24
-60.1
140.64
12.59
-1.46
-29.5
9.27
60.21
-6.97
-54.08
-9.5
-4.19
29.16
-45.15
14.37
-57.29
25.81
-8.21
82.57
-56.93
15.67
72.69
7.47
-12.43
10.26
143.1
-1.56
-7.04
-118.89
50.8
8.13
-13.8
0.49
45.63
-40.47
23.93
1.71
4.84
-10.7
-62.35
13.8
-10.1
11.12
7.08
2.32
-4.01
103.3
-18.23
-204.57
-13.8
44.74
-26.21
19.67
12.04
-37.21
-55.2
-30.06
-5.75
6.25
18.05
-10.89
-5.56
-38.1
58.61
65.64
-60.99
-10.96
10.49
9.44
12.61
36.37
8.98
117.31
-15.63
-12.03
-5.42
67.44
27.16
-12.13
51.09
30.26
-2.36
0.66
4.18
7.68
-157.64
-16
-35.25
-25.89
32.34
60.45
-62.97
2.39
24.6
-1.82
11.45
0.88
-3.85
57.95
30.98
-3.06
12.41
42.58
-91.63
-66.02
7.94
28.66
-41.15
112.87
74.51
-46.55
40.27
-6.76
4.11
21.94
9.3
1.72
-32.63
5.66
23.15
-35.67
-3.76
