-235.15
53.74
-185.02
-14.3
6.41
-54.97
34.39
-11.77
5.02
-100.47
-18.65
12.57
85.27
31.53
23.23
12.53
87.09
29.67
14.4
-9.05
35.78
39.83
-9.14
9.24
9.77
37.23
-13.91
-4.74
-6.7
9.39
8.63
87.69
2.05
-19.23
-3.48
-45.35
9.46
-23.51
-95.02
-44.71
3.6
-73.75
-0.29
-93.65
186.56
46.69
-74.26
-73.68
1.24
-41.02
-34.71
69.72
7.74
-4.79
-8.02
62.17
5.15
-106.14
50.38
64.92
61.95
-12.55
2.9
-13.36
3.65
-12.74
13.52
-15.89
11.51
20.07
0.66
18.39
1.76
66.15
-18.14
1.59
20.89
-2
59.27
26.51
102.8
-7
16.88
-178
-175.97
-14.32
-17.73
-6.17
-0.12
-12.78
-9.97
-63.69
-12.1
12.66
85.09
1.9
-1.16
-5.42
31.51
57.07
31.27
-10.31
-11.88
-18.73
-13.62
5.64
-58.01
-151.44
-37.96
-2.46
5
-32.18
-14.63
86.3
-170.99
-5.08
-20.16
3.29
47.14
-57.85
24.27
3
-85.39
56.4
-34.13
-1.5
40.68
18.18
65.28
8.96
-1.41
6.61
85.87
20.84
66.6
11.66
-1.3
-4.17
-81.22
-5.57
-11.02
6.04
26.17
8.8
-25.55
-0.53
-3.01
1.48
13.76
-39.11
6.74
-18.44
-14.22
-27.5
-6.42
-5.12
43.66
-19.06
4.66
-28.82
46.38
106.95
-0.88
29.44
-10.21
7.2
-6.46
18.66
-6.26
2.05
5.9
-1.13
46.58
18.3
21.75
-9.14
-4.17
6.75
13.32
2.25
136.71
-2.83
46.87
-4.33
-4.13
59.77
-5.68
10.68
30.57
-44.82
5.43
36.03
7.43
11.07
46.48
8.79
-16.91
1.83
-9.88
-75.04
59.32
-11.06
-2.32
29.71
-8.49
-31.38
-66.54
-4.71
0.83
8.12
18.12
-0.22
53.57
14.23
-11.19
49.34
2.79
11.65
-11.67
26.64
10.53
-1.31
-7.84
-57.42
-19.15
-11.96
12.75
27.58
-4.28
60.41
-25.73
45.97
27.45
-4.15
-7.29
2.25
77.69
-11.36
-97.38
-39.3
8.91
-9.03
-0.61
-22.76
-51.85
31.39
19.29
9.58
-7.88
-29.19
-7.78
-5.61
6.77
-17.52
14.93
48.88
-41.18
-4.54
10.57
-27.38
17.58
8
4.33
-53.66
-10.39
3.59
8.51
-7.92
-12.39
-11.98
5.31
-2.01
-15.27
13.62
4.18
23.37
4.74
1.35
-72.82
4.71
-24.59
77.02
57.68
-43.06
-21.06
84.38
-7.92
49.18
-94.52
-1.21
13.98
-3.77
-22.24
-90.4
41
13.2
-34.34
-25.45
-16.04
94.39
-42.25
-58.9
58.03
-10.32
4.8
-15.31
-65.76
12.67
2.42
9.3
-3.53
-12.39
41.88
137.53
-27.71
66.09
14.78
60.78
-5.08
56.36
10.7
-13.97
0.52
-8.33
-4.75
28.32
-7.98
-104.64
2.17
-6.64
-20.4
17.34
-46.25
57.13
8.04
6.34
-13.67
-1.54
-178.79
-10.58
-27.1
12.15
-39.88
-65.66
34.82
2.98
-50.67
173.16
96.27
100.68
14.75
15.13
-0.23
-0.57
9.84
-35.58
33.25
9.42
-6.67
-11.6
33.41
-36.06
11.76
-0.82
39.55
-5.67
8.87
5.71
40.63
-42.84
51.97
26.95
0.07
130.67
-20.86
-37.58
3.25
-48.96
-5.94
-20.13
10.91
6.97
19.74
4.11
-4.91
-3.46
18.59
-86.92
-1.83
-33.18
17.38
11
-8.24
-5.68
-3.38
-2.48
-5.06
50.14
-9.57
54.39
55.36
-9.2
49.17
1.2
52.14
24.16
12.75
14.75
13.9
-5.32
11.43
-0.79
169.13
-11.98
-8.86
56.18
29.2
42.37
9.58
56.3
-10.73
-9.21
41.06
8.26
105.28
-7.03
-61.27
-25.3
6.44
-7.01
-28.7
11.22
1.99
-8.78
23.23
12.34
64.63
116.57
-72.11
-12.66
8.98
-30.29
10.6
6.11
-27.86
-3.5
6.83
33.33
70.27
-17.45
13.8
33.2
53.12
112.34
40.37
-9.14
12.55
42.41
53.39
4.8
-7.68
11.68
-0.94
-30.27
-7
-6.73
16.09
3.64
21.91
0.04
111.56
-8.09
8.08
53.83
1.26
14.31
-2.96
-7.04
31.13
2.88
6.57
8.71
127.44
-54.48
7.59
-117.15
-20.23
8.7
247.83
-62.9
0.45
43.08
72.45
-66.71
3.14
65.35
-13.55
-48.84
24.7
-53.83
-16.22
-1.01
-93.19
27.91
-164.38
-94.16
115.99
29.76
-10.72
5.52
-146.7
-17.51
5.52
0.12
-72.29
22.69
-7.63
-181.3
38.98
-2.91
-2.53
-29.88
-2.92
4.99
9.63
65.02
135.44
0.57
9.34
77.16
-3.57
-6.24
5.12
-10.12
11.9
15.62
20.37
6.57
-24.5
8.53
53.05
-28.12
-33.96
-2.33
-2.99
11.03
9.78
-85.3
2.8
-51.81
-102.4
-25.26
1.57
-8.17
-76.28
10.79
7.24
-9.88
19.49
-21.63
-256.6
-168.44
-60.97
45.83
17.15
-10.69
-2.95
-57.3
56.45
-5.73
0.74
-15.37
30.58
10.48
-143.27
-1.64
15.27
-13.96
-38.36
8.68
10.6
4.29
79.65
-10.83
-15.1
10.74
-123.77
-6.47
1.77
9.46
54.76
9.96
24.61
-9.9
3.95
-164.26
12.99
2.98
-76.55
-20.11
43.62
7.29
-26.75
90.58
18.46
3.96
-21.32
-2.18
-38.92
-16.34
5.7
14.98
-40.81
-3.52
8.03
5.8
-120.85
-17.83
-58.23
15.83
-1.97
-9.57
2.34
-56.7
-10.79
-7.59
-9.8
39.91
1.01
-31.51
11.8
10.86
8.93
93.56
-34.04
-12.43
19.39
-12.83
10.15
57.74
15.22
22.73
-9.14
106.04
12.69
-0.76
-66.69
77.22
-2.43
-39.98
160.09
12.32
-3.43
0.73
5.12
34.82
0.79
-20.79
22.95
12.71
-17.22
-7.43
-9.87
14.67
-36.15
4.25
-2.44
-60.74
8.82
58.47
-12.81
18.43
1.5
-38.18
-78.93
-3.74
6.25
-4.63
36.72
71.42
-15.65
108.6
3.52
14.69
-24.57
-3.34
-36.14
-41.71
-3.36
28.88
-60.58
-1.38
5.5
-0.58
37.38
8.29
-40.1
144.31
-4.26
9.01
-19.36
-7.66
5.15
-76.76
8.34
8.91
10.77
-0.11
-8.1
-7.39
17.5
51.83
-169.06
68.69
35.65
2.68
-4.73
-5.15
43.95
-1.93
-24.21
16.62
9.8
-94.94
-16.7
-0.89
3.21
-9.55
5.89
36.49
20.66
-52.87
8.26
-1.92
2.38
47.39
-2.44
-7.82
-10.4
33.3
-53.94
72.36
-149.06
-18.05
6.91
4.18
43.24
-440.7
8.34
14.09
15.66
19.36
18.49
49.02
-28.91
-9.32
-31.23
-4.1
-26.72
31.36
61.14
56.94
-62.29
-103.52
43.31
-20.81
0.15
-16.07
-35.61
-0.43
9.69
-5.2
16.8
-9
11.45
38.04
-7.57
2.17
132.72
-172.44
24.65
-154.75
-7.37
64.76
-75.32
-2.76
21.26
74.25
-2.48
17.95
-27.93
81.86
6.84
-13.34
12.74
80.24
-7.2
3.45
-93.29
-4.37
-14.82
7.6
12.82
26.86
-184.75
2.61
10.14
-22.12
-14.64
5.98
-2.07
-10.57
64.09
15.31
-9.46
-29.75
74.91
-6.78
-63.85
10.22
2.39
16.32
43.09
-17.85
0.11
10.68
-12.76
34.76
4.19
9.07
36.03
11.35
-0.98
10.46
-64.12
49.02
48.25
-8.58
-2.55
-13.47
53.27
11.91
-28.12
16.84
-10.84
82.62
5.6
6.06
-39.89
12.03
5.7
1.66
13.89
17
9.99
142.74
8.04
-18.95
88.07
24.39
52.02
4.81
-5.04
43.8
45.78
-41.06
10.49
-11.9
219.93
121.07
151.85
65.62
34.48
-11.39
18.32
9.16
-93.55
7.62
-50.24
5.65
-19.26
-18.14
-9.13
11.33
-7.06
0.58
-6.36
-3.95
-141.65
-20.48
-6.03
-29.65
14.58
9.13
-1.35
5.84
-13.18
10.05
8.64
6.01
15.97
52.64
4.06
-13.42
1.3
-18.62
52.04
26.33
11.17
33.54
3.86
38.14
-131.21
-13.72
-118.23
9.82
-26.47
140.53
-101.54
39.51
-23.77
72.98
-0.49
-8.12
5.41
-10.92
-11.59
9.23
-2.2
-10.95
32.53
23.14
10.72
-9.38
5.26
-51.37
23.76
7.88
9.44
5.22
-3.99
2.16
41.9
47.9
-8.08
7
-11.44
-11.67
-6.96
78.66
1.88
-4.38
-8.05
-4.07
33.43
-5.42
-3.36
50.73
-39.01
9.96
45.2
-5.66
8.11
6.22
-9.12
-5.83
7.58
15.71
-4.95
-5.96
96.58
15.06
-10.24
-37.07
97.06
-3.17
-40.91
-9.28
-54.71
-30.7
-33.27
-81.45
-17.1
-39.92
33.66
-14.99
-9.28
-12.52
-150.22
-3.81
4.97
8.9
-14.78
-7.61
-34.83
-24.44
13.32
0.51
-9.55
-150.59
-12.53
-116.27
-20.82
-4.88
-8.88
37.69
-4.57
-22.51
15.03
53.71
9.78
-7.87
3.61
-22.76
6.66
-11.04
3.66
-23.61
77.55
27.52
-6.48
6.29
-105.49
-4.26
