-1.84
13.74
89.73
2.62
1.47
-84.76
16.16
-10.99
-14.54
121.63
-59.73
11.44
-9.73
7.47
2.71
30.45
-66.43
2.07
-15.63
-13.11
7.04
-5.9
-9.87
43.29
-4.91
-91.48
-24.18
21.59
10.16
65.99
-19.81
4.07
78.94
-21.17
245.58
-0.13
42.36
-9.87
-68.27
7.89
2.82
12.79
3.65
4.12
119.38
113.86
-53.16
4.33
-72.64
9.06
-65.78
-11.77
-37.08
6.28
62.71
-34.08
21.56
-11.55
-11.01
38.91
-49.86
-10.07
47.09
-6.83
-117.55
15.18
22.97
-63.16
11.33
-176.02
3.22
7.16
3.33
14.04
3.48
91.56
15.5
2.48
8.46
7.2
-4.1
17.79
178.32
22.62
-1.98
10.75
105.22
4.83
13.48
-21.1
9.19
-25.12
-9.12
24.26
-6.2
34.1
-1.91
-73.84
-13.64
0.17
-72.02
81.28
-10.62
7.55
42.36
6.02
-13.16
-3.64
-33.13
-18.42
12.35
13.17
2.86
-55.96
49.58
-6
3.49
-3.72
98.88
-0.67
-17.46
138.63
-11.85
4.57
86.05
-69.21
33.47
-21.3
-8.2
-7.32
3.8
-7.26
-3.31
37.47
-43.04
32.91
-111.37
3.92
58.67
1.59
115.78
-0.27
-1.12
8.6
23.39
-30.46
38.78
33.93
-77.82
-0.36
31.78
89.72
39.64
-49.34
31.72
55.31
107.28
-26.86
12.83
26.09
31.26
-6.34
20.47
11.32
31.71
11.24
-56.53
11.91
-48.31
46.04
-132.62
1.59
-35.77
31.47
-3.95
35.66
-21.16
-34.92
-5.83
4.3
-11.27
102.79
-12.75
-2.61
0.34
-13.32
0.63
4.98
-13.66
102.74
-5.42
15.48
23.77
-0.74
-31.71
-7.64
-2.34
42.59
105.19
-2.5
20.8
-46.95
-44.43
-9.36
43.54
-38.83
-9.63
-7.78
-17.95
-95.13
-7.65
-11.42
-15.16
-55.8
5.37
12.43
1.64
6.68
11.89
-10.37
0.51
33.45
5.25
-8.64
-24.95
-5.36
61.98
-68.64
-8.81
37.69
-3.02
1.46
8.24
0.95
31.96
33.15
0.3
5.83
-61.53
-17.8
-12.56
-3.24
-11.82
7.8
19.1
-47.7
-48.12
13.23
121.06
55.12
-78.84
-6.53
30.02
65.69
0.4
46.04
-14.84
11.34
21.05
-21.19
-4.34
8.17
3.85
-74.99
11.99
-14.74
-70.29
9.21
13.74
0.35
-213.17
34.18
-25.58
59.24
-2.59
6.49
3.36
-24.36
64.66
80.35
-19.46
-95.97
10.05
-63.03
-9.16
-8.1
-3.21
108.33
1.14
-9.89
33.34
-13.65
63.97
-4.4
9.15
-12.04
3.63
7.96
-36.54
10.5
26.68
26.26
-54.57
32.69
3.55
-10.31
-7.46
-18.95
82.59
-0.65
3.68
113.09
15.04
-18.48
17.67
-2.83
41.7
-11.94
5.78
144.35
-25.94
-2.7
57.78
-35.86
5.88
3.26
-1.05
-8.99
59.95
35.76
5.31
0.64
-46.85
-38.29
-126.91
26.24
33.17
3.79
1.24
29.33
-44.88
4.39
-36.09
26.86
-27.55
81.46
2.73
96.56
-23.49
25.81
-10.4
26.05
-49.56
68.8
72
57.98
39.6
94.01
-1.16
-10.2
-4.18
2.05
7.68
-154.44
27.63
-1.45
20.33
-6.05
0.65
-4.65
2.58
15.72
-37.69
10.44
1.14
-2.99
2.5
-5.64
11.45
-24.72
-11.16
22.31
-8.05
-5.14
-9.73
7.04
-84.29
1
-9.94
6.97
32.38
-5.43
9.68
29.75
-90.01
53.31
-3.03
2.01
149.35
-12.31
9.22
-9.63
8.19
-1.06
50.35
5.11
39.63
7.37
57.96
5.12
-9.76
8.64
83.63
3.89
-31.06
-34.97
-41.85
9.23
109.94
-8.58
-55.5
28.17
-72.9
10.6
4.57
241.47
4.29
16.5
-8.37
40.85
-18.69
17
6.87
10.94
17.32
4.11
6.79
-9.93
10.49
0.34
-155.9
-7.47
48.06
-13.88
41.85
8.01
29.53
60.79
202.28
-38.13
6.63
9.23
-69.99
36.62
-88.51
-35.19
5.06
-67.41
1.94
-52.83
-2.51
63.46
-15.38
-7.7
-2.53
85.84
53.29
-5.67
12.06
-46.48
-2.17
10.1
-59.36
-9.59
-57.47
-13.08
142.46
-11.42
-30.85
-117.65
-20.55
8.87
65.91
-0.56
-11.68
-32.36
12.2
-0.26
8.49
97.74
-7.53
34.68
39.37
64.83
-9.43
45.89
7.53
-73.71
-1.62
-24.88
-12.92
-53.38
62.47
-7.68
-79.39
-61.19
43.64
-121.15
-11.38
3.82
66.73
80.32
-4.71
33.94
-2.92
9.29
25.03
-20.14
20.97
-52.35
78.84
25.5
-0.29
-14.94
14.82
-8.83
67.98
80.86
-50.52
-20.24
27.09
18.29
-7.36
25.5
11.57
-34.45
-12.8
-6.18
5.42
76.07
55.86
-54.21
-15.28
-42.46
-2.22
1.06
56.86
7.01
1.41
13.59
-18.87
-0.73
4.62
138.49
26.43
53.91
-115.62
-31.41
15.98
48.83
-11.59
27.89
-45.87
-16.04
-0.45
73.4
5.63
-21.26
-8.22
68.94
94.39
12.45
-70.6
-130.27
18.1
-4.9
-9.96
-1.57
-14.1
72.84
-10.11
11.95
7.13
12.53
-13.26
-15.61
-0.73
-7.1
-28.96
-1.57
-99.83
-50.38
-1.54
8.36
-2.78
-19.26
20.61
-0.17
-10.36
-6.47
-21.46
-31.7
-30.23
-94.89
28.85
-12.43
4.97
-5.61
-11.51
9.25
73.01
-10.21
21.02
33.33
5.39
-17.57
-7.78
9.29
165.69
-5.59
12.92
-66.71
1.1
63.38
-4.13
-5.71
6.07
-6.46
25.44
9.53
-3.27
-38.04
2.91
-50.64
-10.96
35.77
24.88
45.8
-179.48
14.57
23.29
-9.73
-7.18
12.48
-10.71
14.92
11.5
-43.05
73.79
12.98
28.74
10.49
-26.85
-0.35
40.25
-9.48
10.65
-34.35
-6.34
-61.44
-153.92
-8.79
10.04
62.97
19.48
-0.89
-19.66
131.77
-10.95
30.69
-122.93
4.98
12.46
-6.91
-25.82
-2.02
7.87
4.08
-3.88
76.12
-10.47
-5.92
14.16
9.53
-114.56
-5.18
55.38
8.24
-74.25
-103.04
-9.82
-8.92
11.8
-16.32
-77.13
-18.35
9.68
-19.79
11.99
-23.56
-46.51
1.74
4.55
-3.59
0.22
0.79
-2.17
37.54
11.49
40.77
7.53
-6.93
-9.55
19.23
-89.95
-14.94
-9.83
43.68
0.81
19.34
-6.36
67.16
-0.32
-9.41
-48.79
78.56
6.33
12.71
3.5
73.86
-45.62
54.45
41.68
-13.43
-22.69
47.2
8.06
-35.58
-7.99
50.84
81.26
2.87
2.29
17.23
8.06
97.05
-72.19
-11.02
0.85
70.81
2.52
-88.55
-4.23
1.5
-7.95
21.12
13.88
-12.62
-57.95
-5.37
-4.01
-62.26
10.13
-10.96
-62.37
29.02
10.63
5.55
28.26
-33.1
16.03
-6.38
-4.73
-2.16
22.58
10.13
-4.46
-130.28
72.5
17.49
198.5
-4.04
-20.2
66.53
0.1
-24.19
34.57
7.63
47.87
-81.64
-5.66
-39.66
-31.85
-29.32
-56.66
-28.62
-7.12
10.06
-6.15
0.1
12.06
-0.4
11.92
-87.23
-7.92
-0.88
6.18
12.34
-20.1
27.24
7.17
-94.02
-9.67
8.86
-35.27
37.13
3.26
11.1
37.85
14.67
-15.06
-195.42
-7.76
7.84
-29.99
-7.74
-3.98
7.74
69.77
11.98
27.6
-88.47
2.74
1.58
113.85
10.04
2.43
24.72
2.5
-37.44
214.99
-12.65
-5.34
-11.97
-13.8
-35.23
51.28
-21.22
-21.81
-27.71
2.02
-11.57
83.91
-27.91
-22.26
51.39
38.22
-23.33
21.3
-8.92
-93.7
-31.5
40.09
-22.65
3.54
-14.64
73.64
25.1
22.53
9.45
-62.4
13.25
121.69
56.05
28.23
-25.98
-19.36
5.72
-3.44
22.44
-1.69
0.6
56.53
30.91
-5.62
22.43
-3.73
-64.37
8.19
5.14
7.85
55.18
9.05
-15.15
-5.2
-2.55
-69.67
3.38
-12
-1.24
-31.25
86.72
-3.23
-18.42
37.97
-6.08
18.9
3.75
-154.85
78.93
-1.24
2.32
7.25
-2.13
-40.45
-8.59
-122.65
-7.3
-14.1
-113.05
-15.52
2.67
-18.2
6.92
-59.89
4.81
15.1
10.67
-6.76
82.12
-7.71
3.67
11.24
49.69
-16.15
-75.02
109.56
-5.76
45.98
133.65
-32.62
10.21
21.06
6.52
-11.32
-16.59
26.56
-13.25
9.35
-34.31
-50.72
40.59
-14.53
-20.43
-9.15
7.79
0.92
-128.46
11.98
-5.24
6.89
64.57
6.88
-3.67
1.68
-13.27
51.48
-11.93
-0.14
43.95
-11.45
-12.66
36.56
-3.02
46.61
-4.32
-3.19
-24.58
0.34
-100.19
24.23
27.38
-16.04
17.39
54.91
-6.35
-32.99
39.96
5.9
101.67
-11.01
20.84
49.53
78.94
53.47
-0.85
58.98
29.07
-10.44
-0.65
-3.74
4.28
-5
134.01
-67.46
-28.8
-19.41
74.65
-133.88
-0.87
1.55
32.25
-51.32
-8.31
27.32
3.37
50.77
12.65
7.53
1.94
10.48
15.37
2.94
52.66
