71.3
47.78
29.75
-14.28
9.7
0.09
78.54
8.83
-3.17
40.73
7.69
55.31
-15.16
6.58
-66.17
-154.37
-51.01
-152.56
-34.28
5.89
5.62
42.64
-36.38
15.81
1.31
-118.34
-9.98
-11.23
-5.17
3.17
-33.88
-64.26
-1.41
-22.14
84.16
-25.49
31.58
65.29
-29.8
-8.34
-5.23
83.32
59.02
-112.01
-1.37
-7.4
23.5
79.57
91.07
9.53
3.09
-3.79
23.74
0.46
29.11
-1
-1.03
75.49
-8
109.47
-8.43
24.21
-103.26
-23.31
-0.45
-44.79
75.25
-6.49
-5.04
8.88
1.22
10.01
0.68
4.17
39.67
-10.45
-30.42
-69.36
-7.65
-33.28
-45.17
8.69
4.45
-2.18
-4.2
1.52
-37.24
-0.49
-100.68
31.63
96.39
-6.23
-6.89
-3.4
75.43
10.93
-102.47
12.59
29.03
-7.52
45.33
-110.25
-103.07
-11.72
-131.37
-115.31
-25.68
-8.51
13.49
-132.09
-86.48
52.6
-4.04
-94.44
169.73
13.48
-3.28
16.99
-65.34
5.64
34.23
-74.69
-7.79
38.78
26.16
-7.52
-13.28
-31.73
-197.88
-12.5
45.99
52.46
-284.33
18.03
10.58
-17.95
143.28
-0.8
226.08
10.59
-5.48
-2.22
56.77
-16.79
-12
-20.82
7.06
10.53
-100.04
16.69
2.24
-2.8
15.88
26.05
25.66
-8.77
6.91
49.14
13.27
-16.46
-1.28
52.08
16.81
9.71
7.63
0.97
-9.02
44.15
13.48
-32.86
11.7
-10.99
-0.56
10.92
-45.93
-78.65
6.89
-67.86
16.14
-3.27
7.79
-3.05
-14.07
47.48
49.72
67.52
0.75
33.94
120.82
16.49
8.79
29.14
113.07
-4.62
83.67
-2.27
-0.68
-1.91
76.62
13.75
-98.96
-46.13
-18.22
-21.24
2.73
37.66
34.9
0.54
0.74
-4.46
-1.56
27.6
115.04
8.44
-11.47
-5.8
1.09
-34.87
7.28
-13.15
-11.33
45.48
-3.18
14.61
-6.86
12.66
117.17
16.99
-0.08
-58.65
-8.95
-21.06
2.72
-10.06
-44.55
64.9
26.48
-68.8
5.15
7.14
22.5
22.79
4.28
3.84
8.99
30.6
7.8
4.93
30.47
5.85
-5.53
-5.93
-155.37
12.51
-32.82
-12.7
-91
-29.27
-8.49
44.34
42.51
-49.23
29.51
1.38
51.38
16.37
-13.37
20.68
8.31
74.41
20.64
5.27
10.95
-4.2
-5.24
20.91
45.1
-100.46
-4.03
3.79
-22.76
-13.52
-6.62
12.85
-34.5
8.37
-6.78
-57.78
20.1
-22.12
-33.8
-18.61
-39.89
40.56
-7.18
-3.46
-64.1
11.35
2.86
55.42
8.3
-53.88
18.85
-9.67
21.01
-3.88
2.78
4.57
18.37
44.43
-10.15
-43.13
-39.68
5.48
3.47
143.11
-35.63
-8.01
-20.63
12.27
15.95
-8.29
5.64
35.29
-193.36
11.23
-77.78
8.18
-8.95
13.76
26.8
22.69
30.35
1.21
-212.89
0.59
-23.29
33.16
1.02
-12.14
-42.17
6.83
28.05
12.24
12.55
-1.9
-36.57
1.84
-7.72
-5.9
9.37
41.77
-43.48
9.61
1.12
-17.28
-35.48
47.01
97.31
-12.86
30.02
17.38
-5.63
-275.85
6.4
-10.2
9.47
185.97
-41.73
-3.78
-77.01
1.5
-21
17.27
-177.42
35.28
-0.15
22.78
3.57
-11.89
11.45
-7.25
8.76
1.4
-16.32
0.09
0.93
97.78
5.16
-10.54
-25.11
-6.5
8.89
-15.1
5.93
39.94
-33.35
-31.91
-3.2
6.35
-12.21
34.36
-55.99
8.73
9.59
-10.63
-32.85
4.07
166.63
9.94
-10.38
-8.72
8.02
39.09
-1.25
7.02
-26.76
0.73
6.44
2.19
-15.33
-14.63
-35.31
20.62
3.37
35.53
-52.93
-6.18
-150.78
34.6
-29.47
-13.66
11.2
65.72
24.16
-0.89
16.66
2.09
0.99
-28.01
-95.78
23.09
21.71
-80.54
-0.09
14.59
17.17
35.66
-12.89
5.63
-11.6
-53.55
-10.05
-14.58
74.53
33.8
34.86
-17.05
-2.5
-35.97
7.67
-11.1
-6.02
-26.93
-16.94
30.07
-4.21
-23.53
0.5
24.56
23.99
-16.85
30.75
-1.29
-45.82
0.45
-3.28
17.03
-3.36
-0.7
-5.31
44.43
2.94
-57.47
101.34
-12.68
0.72
-2.36
51.1
-3.59
33.98
-10.23
7.36
20.48
111.05
-23.69
17.37
-20.52
-43.53
11.26
-1.26
53.35
-3.88
0.84
-57.9
-95.45
-12.24
29.59
29.5
-1.94
-105.32
-78.68
-9.17
-27.71
23.43
4.39
-82.62
-21.78
33.78
3.27
-47.63
30.4
7.19
-235.11
-6.97
61.4
-39.56
14.53
-18.24
109.58
26.18
-39.26
15.75
-14.81
-7.72
93.85
-85.18
-4.6
-19.67
-2.73
-17.77
143.62
10.41
-11.51
7.46
5.87
12.35
3.28
-80.29
15.02
55.89
-17.46
-31.64
-3.71
6.76
-9.85
-58.65
17.15
-15.95
-20.9
-6.85
37.67
-370.19
123.29
-3.1
-13.51
0.43
-4.61
-1.88
-1.47
-14.88
-106.29
6.13
-58.97
-8.8
-58.09
50.09
6.87
5.64
-4.52
-25.75
15.19
32.41
2.5
11.69
25.8
10.45
-153.49
33.57
-9.46
5.29
-13.12
-9.4
-6.29
20.45
-11.6
50.19
-27.99
-111.68
-13.08
73.76
-5.06
-0.03
76.61
-2.23
-20.88
-22.61
-4.41
37.89
-19.88
-6.2
30.84
-8.13
-12.26
36.16
16.44
-1.89
6.01
-7.76
2.79
10.42
12.2
10.85
-99.27
-8.23
-9.73
51.5
-9.14
-71.92
81.89
13.15
2.21
-50.83
15.27
-35.38
8.44
71.54
55.36
49.39
-32.33
39.96
12.43
14.79
13.19
38.96
4.76
165.42
-52
12.83
-5.88
-69.47
98.83
-20.43
-8.3
5.11
-41.75
57.4
-4.07
-100.88
-3.51
3.24
-65.52
99.07
-14.66
47.07
-28.56
-51.16
6.45
-8.55
-18.88
12.85
18.14
-8.64
0.44
-6.46
9.97
-17.41
-13.45
7.01
44.92
108.38
2.11
64.38
-9.54
6.42
29.44
8.41
1.28
-9.29
21.26
-5.72
-7.91
20.28
-54.56
6.7
117.63
29.59
-1.91
99.96
-2.61
-0.53
-29.97
24.71
49.3
-66.85
10.02
95.98
3.66
11.08
17.86
-17.95
-0.72
9.55
33.77
1.59
-7.28
-63.8
6.62
24.57
54.37
-35.14
5.58
42.26
19.15
-10.85
-0.33
9.14
159.31
-0.29
-17.49
165.69
-11.75
23.86
-39.75
60.16
59.76
-63.58
-3.51
117.93
9.49
0.75
16.81
66.01
33.63
-9.9
-9.84
14.46
7.58
11.58
4.8
17.81
-67.73
6.95
84.02
90.34
12.96
-52.7
-9.9
-66.58
25.08
-94.39
-80.52
14.59
51.73
1.81
-71.17
26.59
-25.98
-5.64
-66.62
-8.36
13.04
-12.86
-10.61
21.16
1.46
-8.72
48.57
3.92
-55.2
94.95
-83.87
10.18
52.62
10.33
154.45
-139.14
-3.62
56
56.34
-2.68
45.84
-25.97
-0.71
-2.87
52.47
47.49
-3.12
33.36
14.99
-28.03
9.34
7.44
45.73
-7.22
-2.1
-9.02
2.6
-41.43
29.17
-20.2
15.5
-9.63
4.34
-4.56
47.43
-14.15
-30.1
-10.33
40.27
-49.56
84.16
114.29
-32.06
8.53
6.01
110.64
1.42
0.23
-11.06
-73.11
6.51
68.83
-5.04
-10.72
51.86
15.92
14.71
57.25
32.35
7.08
1.75
52.5
-7.75
24.7
-11.21
23.46
-39.12
14.16
24.88
-10.65
3.08
-50.01
26.34
-5.62
35.22
-10.34
-13.9
-2.37
-168.78
-7.45
-6.29
51.47
-9.29
-104.52
3.72
-24.56
19.64
70.37
-35.54
0.1
15.05
52.93
-10.58
-6.4
-12.09
-3.63
29.9
62.53
80.62
51.03
-2.86
-8.91
2.88
-28.91
-18.38
-9.57
2.81
-19.21
-13.92
9.15
-0.49
-18.76
23.28
45.91
-1.56
-3.93
4.6
-0.68
-39.5
1.7
-84.15
5.23
-6.33
11.95
-10.21
106.77
-7.76
16.61
15
11.35
0.55
241.43
14.45
-11.84
2.46
52.19
-54.71
0.21
-84.8
-24.85
-191.68
-138.98
5.57
-9.17
7.22
-17.44
95.3
-23.86
12.14
24.95
4.46
-21.59
-8.53
36.51
-14.62
2.35
14.94
-0.71
2.6
-9.76
9.46
6.48
-8.31
60.92
104.65
0.89
10.67
-5.2
-138
28.53
46.25
-0.23
17.31
-131.03
-7.85
5.16
-90.48
12.34
13.44
-30.42
2.07
4.13
-2.72
34
33.5
-2.23
77.2
24.5
101.7
72.03
8.19
-16.4
-21.82
4.66
-1.98
32.73
0.59
-6.86
32.43
30.31
18.05
49.85
-135.54
-10.7
-10.93
21.41
-9.78
-31.44
-36.45
-155.02
10.45
7.41
-8.51
-70.62
-7.67
-51.18
33.81
-0.05
7.93
-5.73
-59.23
12.92
43.4
-79.09
-60.86
4.74
9.22
0.19
-17.57
-20.84
-2.64
-63.18
4.18
-2.87
2.51
5.2
1.85
-15.41
65.53
30.94
-2.34
-3.96
-57.37
