-14.18
-1.92
-9.37
-85.84
-32.3
4.02
1.55
-18.64
71.14
6.89
13.23
106.16
11.97
5.62
39.36
34.45
-83.59
-7.23
5.38
-3.64
35.41
-28.26
-4.12
-9.36
71.91
-26.39
-6.89
7.67
-59.2
-0.94
23.53
9.71
34.84
-84.64
-2.91
-9.16
13.02
40.92
7.33
32.75
-88.01
35.77
16.37
-3.47
55.48
-36.23
21.74
16.72
-45.15
-146.94
-10.74
-49.56
7.09
-28.31
-41.2
20.17
77.48
-52.92
-1.95
12.9
12
-40.94
40.3
7.44
132.35
118.03
190.55
176.48
-94.79
24.99
-7.12
36.23
-6.07
-189.54
51.49
9.7
12.42
9.36
-42.18
2.66
-12.27
-3.23
-11.38
24.6
103.74
-185.53
7.7
11.95
55.87
-89.49
8.98
-34.33
-65.16
-80.99
-27.61
-24.45
48.02
67.23
-10.11
19.61
-3.72
1.46
48.6
74.71
-0.22
28.5
31.54
2.73
-3.18
22
28.92
3.66
-13.64
7.35
32.83
19.54
10.15
-0.74
17.89
3.15
-3.16
81.72
-10.61
-0.15
9.99
-96.55
21.54
-10
14.49
-19.19
-6.97
-4.64
-19.96
5.53
-6.86
17.31
0.01
-5.18
-12.51
-58.3
65.74
-3.08
-11.22
5.74
2.56
7.26
-1.98
60.03
49.67
48.22
10.95
-7.29
40.35
13.43
35.96
-10.06
-3.54
-11.18
-29.26
-1.5
8.11
-70.07
4.01
-75.88
49.58
-13.62
92.43
-7.26
20.59
6.59
1.96
52.56
13
37.22
12.97
93.24
-3.98
74.51
-18.08
-14.8
31.27
8.62
0.92
-41.95
-9.38
-36.81
43.9
40.81
-7.11
10.1
8.68
-31.06
-3.38
-13.28
-127.01
-12.38
33.12
-15.64
55.81
18.41
77.51
-120.75
-15.35
-5.24
-89.39
-6.19
1.61
-29.71
1.26
92.91
26.04
123.11
-17.85
-8.1
-26.01
6.32
-17.7
13
-26.59
20.37
35.31
1.83
4.39
153.33
-25.85
-25.42
17.3
1.17
5.64
5.93
14.04
34.88
12.29
0.04
31.55
27.49
58.93
-49.73
-14.43
10.18
-63.36
-13.66
64.29
13.92
-2.12
14.84
-57.26
76.68
-42.67
-13.78
6.74
-6.44
55.29
5.42
-144.13
-3.32
-16.95
-1.12
61
-8.19
3.83
-39.83
-154.92
52.42
-12
-11.11
27.37
-66.75
-8.19
37.2
-113.85
-7.87
81.62
12.61
-51.81
-14.65
150.12
112.64
81.23
6.8
11.21
35.82
-0.56
48.93
9.21
54.74
10.68
-43.91
7.57
-3.85
-11.99
50.89
-24.62
-19.1
22.92
-113.15
26.68
-11.3
-18.07
-3.05
-26.24
-23.61
-11.52
-23.41
51.91
39.43
90.47
-6.33
-27.11
-193.33
0.23
30.45
31.33
-7.05
5.76
2.71
-8.14
-18.25
7.56
-5.14
46.71
27.5
65.65
-32.33
84.25
-23.21
-75.62
-3.92
7.14
7.14
-27.03
-30.51
2.47
-3.26
-4.53
38.84
-4.9
-97.77
-11.14
0.42
-0.91
-28.67
38.2
-75.58
7.38
-11.61
0.94
-5.1
40.56
9.37
-33.56
10.17
-8.51
0.25
-35.76
-10.12
42.23
-30.89
131.55
5.65
5.82
-1.09
1.6
-49.73
-2.72
-35.59
-4.71
68.92
40.03
133.4
-36.47
14.51
-36.54
-9.98
-9.09
1.6
7.03
-22.43
-0.6
68.68
-17.34
8.31
24.48
1.42
12.67
16.25
51.12
-4.53
-2.13
139.86
7.3
-12.48
-2.72
11.05
-18.38
24.53
-6.78
-4.74
18.73
12.3
9.04
6.15
25.03
13.85
-8.01
9.63
8.76
5.99
13.47
3.86
22.04
65.55
-5.37
2.99
11.92
-26.03
74.44
7.09
17.62
5.55
50.66
7.76
12.24
-8.38
-53.71
36.56
2.07
-168.77
-0.62
-94.33
-3.44
123.67
1.63
-15.84
9.25
0.95
-53.18
79.17
49.28
-5.63
-7.82
2.21
-8.17
-15.5
65.94
123.47
-0.56
6.15
-16.39
22.27
48.78
13.36
-19.43
43.06
24.73
7.74
-76.49
15.92
15.02
122.21
43.74
-45.89
-6.96
40.6
-8.04
-26.31
-177.47
-72.15
-9.55
92.53
-12.78
-0.39
20.21
-29.74
-4.62
-21.14
-5.2
43.77
6.72
-9.29
-165.49
60.99
28.08
-9
-3.26
-47.64
2.98
-8.27
-88.19
72.85
88.3
-7.22
-46.5
-6.57
27.25
5.07
-6.99
49.6
0.08
16.81
-27.33
-4.46
-1.47
-55.61
78.27
18.21
6.53
10.84
220.11
-17.46
13.39
-3.66
-5.44
24.61
37.72
-3.03
1.83
8.77
37.54
176.75
-23.66
-3.39
-13.22
8.5
13.35
164.81
13.45
-8.52
-62.02
-16.91
-33.75
9.06
6.55
-10.1
-0.05
91.09
-30.67
1.83
-17.76
4.12
3.31
-56.61
43.04
-13.91
26.07
37.84
-127.66
-120.44
-20.12
37.01
36.77
4.71
-92.74
5.37
-9.79
-11.03
-43.38
-35.35
-18.9
2.32
12.42
-7.96
-10.79
-11.8
4.28
-187.3
-26.62
9.76
-64.67
0.6
-5.71
11.18
-9.89
2.42
-3.48
29.1
42.44
10.4
46.77
-30.18
49.16
7.99
8.18
-69.63
-63.18
12.73
22.3
7.4
-5.09
-6.83
82.46
-29.63
3.52
-16.03
34.49
-43.76
48.73
55.26
5.03
-44.43
-3.69
-21.02
-28.54
11.92
32.37
-32.53
47.18
-8.22
-14.79
33.63
-10.65
-25.69
-10.41
-27.35
-8.46
5.5
-12.87
7.23
-13.52
5.42
129.21
2.55
-60.96
55.33
-24.3
-3.81
-9.72
19.46
-32.03
-134.06
11.6
50.05
-51.66
-0.3
-16.07
33.42
36.23
-15.36
39.22
-2.3
12.85
-28.23
-21.36
-6.54
54.66
-30.89
56.33
43.06
-13.55
11.37
61.18
171.52
-1.81
-14.6
44.97
-15.65
29.11
5.57
3.93
-58.92
10.56
-86.65
15.86
-16.3
50.37
9.47
-15.8
26.83
-21.99
10.42
-7.91
-62.11
-5.27
-64.31
3.07
112.19
76.06
-14.79
-5.82
-5.73
5.36
-3.5
59.91
2.75
48
51.72
21.61
-7.93
-22.8
-61.87
41.85
-13.35
-37.38
27.94
-25.9
-3
-110.24
-2.25
33.96
-7.46
-2.12
26.09
-46.9
-85.18
1.98
50
-21.31
-51.19
11.57
5.98
19.86
43.26
43.45
23.43
-7.29
1.74
21.85
52.92
54.52
-8.57
-78.9
49.57
41.16
7.44
5.89
-7.93
-94.22
-10.57
-14.28
15.82
97.65
-78.12
-16.59
1.7
30.56
0.51
18.19
-6.97
-12.26
-21.18
0.16
6.29
-7.05
-3.3
-8.87
24.15
-37.21
94.67
-41.41
100.09
12.6
20.34
33.99
-48.88
-5.18
-47.46
-10.33
-0.61
-57.08
8.81
12.97
-1.07
4.94
-10.15
-124.78
-1.75
-2.7
0.64
-59.66
6.92
-14.31
15.15
-9.02
-122.23
-61.25
8.83
3.56
-139.11
1.85
35.61
-36.61
-27.92
-0.72
30.65
-31.47
-10.68
-7.61
39.64
29.44
15.46
-44.48
37.93
8.98
84.68
15.91
82.96
46.27
8.27
14.66
76.1
-2.89
-10.97
-10.47
-5.27
-10.76
17.63
-18.56
-24.02
-68.82
68.47
-9.23
54.69
-24.96
2.4
-10.14
72.82
24.29
37.67
8.99
-63.18
-0.87
119.83
0.25
-24.89
-16.24
14.37
39.8
4.9
4.83
47.9
81.38
6.41
-1.64
-6.16
14.75
21.93
16.1
7.51
-3.28
8.46
-3.59
117.45
44.89
-31.86
-10.47
-32.85
21.81
-37.64
-99.97
3.64
-11.54
12.82
14.45
12.01
-93.26
163.21
-28.28
-8.61
-2.7
88.47
39.93
-7.28
57.47
-8.13
56.52
64.97
50.03
12.47
38.81
-3.96
4.42
-2.06
-6.48
25.5
-11.9
33.47
-40.36
-1.24
-36.33
-172.18
209.99
-49.52
-6.79
15.14
10.3
-45.7
-7.97
21.26
-5.29
23.76
95.79
-87.77
57.92
-4.37
50.61
-36.5
-15.29
71.84
7.87
4.62
-102.84
16.83
-5.25
-13.48
-139.4
9.44
73.11
15.9
9.92
-9.64
-5.97
0.91
42.09
6.23
-5.63
0.74
3.42
-6.81
4.6
-9.09
-16.19
6.81
-58.01
13.55
7.28
7.49
0.46
46.72
-10.73
-5.84
33.14
-96.15
-78.54
-72.25
140.46
-5.83
-113.03
0.71
-2.85
52.38
16.32
15.78
-12.68
14.49
12.66
129.61
85.34
-2.69
23.6
-21.52
-5.41
13.89
8.92
51.73
29.54
-11.25
47.08
-3.11
42.18
-1.25
8.66
-2.08
-9.9
27.21
8.64
-7.34
-1.76
12.7
-13.75
18.33
-17.45
7.8
15.1
0.21
61.77
133.86
11.06
9.8
-52.4
-88.9
-68.34
-4.01
3.47
16.38
12.51
-42.09
-25.99
0.32
4.58
-146.24
-20.36
-62.18
33.99
-118.65
13.62
17.49
-0.98
-97.27
-6.77
3.67
-25.85
-50.82
3.53
-29.19
75.11
62.1
12.72
-5.16
-47.81
-10.08
1.69
30.73
6.87
-10.66
8.31
15.96
8.01
-4.75
4.03
-63.71
2.33
-97.95
25.37
-9.72
