-8.54
-2.02
48.91
-45.25
15.32
-55.86
13.67
12.72
5.61
-127.59
68.1
113.84
207.69
-14.8
7.53
-5.44
-16.65
21.47
19.53
-11.34
61.95
-34.49
1.69
-29.48
22.62
9.68
2.81
33.36
38.7
16.56
24
13.11
2.59
-12.67
105.51
17.56
26.51
105.97
-10.39
-44.53
29.83
-66.36
69.19
-8.59
24.84
-9.73
-18.71
-24.73
-0.27
-43.69
-31.4
-23.45
218.22
28.58
-24.96
40.25
2.64
20.21
4.7
-50.74
117.85
139.29
-0.56
3.67
-179.72
-3.88
29.59
115.59
14.51
-1.95
13.7
40.36
-19.39
7.81
10.07
-1.65
-116.33
2.99
-9.13
-77.99
30.07
-4.11
-5.27
-7.13
-7.96
39.35
-10.15
25.48
8.73
49.22
-9.05
9.66
3.95
6.71
-2.26
43.23
-7.29
12.76
122.43
75.89
59.73
5.98
10.43
79.45
-99.74
-10.51
9.8
-3.48
-23.65
88.81
8.75
-7.92
-1.43
-8.44
40.39
45.67
-91.15
35.54
3.73
-5.38
-140.03
-3.95
-23.38
-13.69
-6.23
30.22
-92.75
0.89
-80.33
-252.33
-5.69
-74.53
51.36
25.61
-123.56
-28.7
-4.23
-21.96
44.84
-0.35
-19.44
37.84
53.09
13.31
-118.54
-19.64
-8.08
-12.96
-0.87
-55.11
-13.87
-70.83
-37.85
-35.75
-6.64
-3.66
-0.25
7.02
-22.48
10.28
-47.98
10.35
27.61
40.53
39.89
37.62
1.97
3.32
-30.31
38.53
1.13
-236.15
-105.48
-21.39
4.16
42.54
-0.5
11.24
12.45
-41.43
-17.71
18.59
-58.49
-9.88
41.29
37.89
8.49
-2.79
-25.45
-31.39
-38.67
24.82
-30.41
34.17
-6.24
10.84
12.51
-10.1
-71.47
46.26
-34.79
20.54
-27.38
18.65
5.97
-11.25
3.39
14.32
13.27
20.18
-6.27
1.03
6.81
-10.19
76.02
5
-14.85
-0.63
12.37
27.66
4.54
39.87
30.39
63.33
7
100.87
78.2
-2.04
-107.63
2.33
-53.73
-93.35
-1.43
-5.37
23.98
6.6
-99.65
8.04
-12.29
6.21
-7.86
-13.04
-26.28
-4.49
4.66
19.95
-16.27
11.04
-33.81
-48.58
-8.38
-50.47
33.91
-6.26
-3.68
13.17
17.22
-30.74
-18.53
24.62
-56.09
-6.11
-23.18
23.16
29.03
-85.43
-49.28
19.18
-63.49
-6.77
16.87
-1.71
44.08
-93.52
26.49
-146.64
8.58
-60.97
2.91
69.95
0.24
-17.97
8.39
-76.84
4.88
10.04
14.65
5.7
86.43
-73.14
8
-14.22
19.91
48.04
-48.87
15.95
-6.96
155.41
-7.06
-43.96
-6.5
-7.27
5.65
-153.7
6.44
30.32
59.08
-7.58
11.57
11.38
0.59
-9.72
4.48
5.15
29.76
-22.6
16.22
-4
-16.99
-27.48
-9.54
4.85
82.06
12.33
-10.65
-26.35
-39.13
-28.35
4.75
28.25
75.2
-46
-14.33
58.37
129.21
15.09
198
7.38
-37.3
-7.36
-1.63
-127.53
-5.91
16.01
33.63
45.17
61.57
5.43
-31.23
-5.3
-20.24
30.22
28.97
47.52
145.54
-12.4
-6.95
-33.57
5.5
16.96
-32.67
110
45.08
-22.88
0.35
41.12
-6.12
-160.34
13.87
-0.68
47.56
92.01
1.97
-56.07
8.57
-16.05
85.5
-10.3
-68.48
-0.9
-16.43
-4.28
5.21
24.21
-15.4
-8.88
-3.62
-11.51
-21.87
70.67
-9.2
-42.21
115.23
8.82
46.58
6.77
12.92
79.44
94.9
2.8
11.68
-18.52
61.93
-1
43.5
-99.6
-4.77
60.96
1.25
126.14
57.2
-14.09
-12.82
21.17
14.45
3.55
9.86
-33.53
57.46
-20.53
-24.59
28.6
-8.04
-97.9
29.48
-52.59
85.33
-82.55
0.77
-13.84
-7.87
7.23
-8.86
11.62
-73.33
29.12
5.74
33.84
-2.16
15.26
6
5.48
-119.62
-237.39
-13.9
-83.38
84.54
-4.23
23.81
-2.51
35.59
-71.69
5.29
-8.9
29.81
5.7
-11.15
-404.76
-9.33
-12.25
98.48
-3.67
-12.29
-4.68
-7
16.2
109.97
-11.57
10.47
0.69
-45.76
-98.45
69.57
20.05
-5.53
-10.4
-6.17
-114.91
-2.94
-13.5
64.37
-10.27
-2.43
-16.08
-6.26
7.38
-1.4
19.57
5.26
-9.99
-65.8
6.92
-0.7
-57.81
-18.59
3.15
11.17
17.45
-68.55
4.47
16.72
-10.35
53.07
-10.14
-9.71
-136.79
18.76
-10.1
-53.78
57.03
-66.21
11.45
-25.77
-107.32
-21.73
24.36
-33.8
-39.52
21.12
14.18
-29.05
-1.19
-55.59
-57.84
45.45
6.54
5.97
10.05
15.79
40.62
61.46
52.87
28.02
66.29
56.39
-69.64
-10.65
-4.64
0.34
-9.47
-1.17
-46.87
15.72
34.04
-5.99
12.53
-1.83
-9.26
-46.93
8.81
5.77
24.34
0.76
36.48
-12.9
12.67
6.24
64.28
-3.41
-18.19
71.97
-15.05
13.44
7.21
-40.42
-5.61
109.07
34.28
10.83
-8.61
-163.01
-6.64
3.44
-31.7
7.47
-5.66
-37.79
70.16
1
113.46
-112.87
88
-7.53
-5.45
-60.87
-4.04
12.91
37.95
-51.51
-28.94
-39.98
-40.1
8.66
-45.68
-60.46
14.76
11.24
30.09
35.32
-2.22
-19.78
3.01
26.4
-35.27
8.4
-10.26
18.93
67.32
-71.03
-31.71
93.55
57.25
-1.63
91.23
-3.65
-10.8
-0.37
1
-2.9
5.53
-5.13
-13.31
9.67
2.29
-92.4
-30.57
134.22
88.71
14.51
-71.86
5.91
-1.48
-69.01
54.28
-5.74
60.22
30.32
9.84
-15.87
27.41
-2.38
5.87
39.83
-112.42
-6.57
6.79
159.11
62.63
57.63
7.83
-24.49
5.35
25.96
-11.05
-108.19
-102.12
-126.99
-67.24
-35.37
4.18
-202.18
-19.18
-1.95
-25.55
-51.59
-13.03
49.75
84.23
25.59
-85.56
-62.74
7.28
5.74
-7.24
11.49
14.42
-13.84
28.64
34.64
2.68
-15.53
11.4
-7
17.32
8.61
48.93
3.57
23.61
-90.45
41.56
52.61
11.23
-104.75
28.08
-28.58
187.92
10.36
7.8
-17.21
-33.09
12.85
-1.48
-54.01
8.15
2.02
-15.48
-42.67
-43.29
29.69
-38.9
-4.22
28.41
-29.58
19.68
-13.71
-37.1
-36.25
-77.36
-64.84
-70.28
-21.01
12.33
7.76
-55.86
-8.44
62.24
10.2
11.59
-0.28
34.56
8.33
-2.85
2.19
16.6
107.9
11.21
-23.68
3.63
-43.48
18.9
32.46
6.15
-174.02
-22.98
36.62
-24.22
-14.38
-2.4
3.9
-39.67
53.61
23.74
-39.67
-87.72
25.23
69.27
48.94
-73.4
1.93
-33.59
-2.97
12.96
-74.48
25.65
10.35
1.73
-8.14
5.91
-1.07
-7.1
-11.12
8.17
-38.11
-96.44
-22.87
-52.78
0.84
-45.02
4.82
1
-85.18
-13.81
-98.2
36.32
-43.15
35.09
13.38
-7.62
-11.48
8.94
8.23
-29.25
-6.82
2.53
26.25
-34.81
2.94
12.38
5.54
27.79
12.3
69.85
11.47
3.82
-12.31
38.16
-17.98
6.1
51.5
-22.81
92.27
-1.98
7.68
12.6
40.87
9.94
-25.3
9.58
-3
170.75
19.18
-26.37
-9.45
-11.19
-10.67
-47.94
-14.7
40.59
-66.34
7.37
3.38
114.54
83.27
65.54
74.01
35.3
-3.97
-14.64
57.79
-8.26
-3.98
18.58
16.09
17.68
-164.41
-248.68
-11.11
85.46
-7.27
40.96
-24.05
-23.34
-13.36
57.36
-1.69
-1.96
-11.49
-74.2
12.48
46.23
5.24
37.27
21.57
-6.55
52.27
5.58
72.99
30.33
-28.92
-5.84
-2.04
-4.89
7.58
-1.62
7.19
-105.59
-50.95
34.31
75.33
-5.23
-9.66
-83.13
82.27
-161.15
63.86
65.69
-11.37
34.71
-136.55
-8.5
49.99
17.31
-24.54
12.7
-53.82
-6.32
3.94
-18.47
11.6
-42.9
-14.21
-27.95
-73.68
45.06
9.66
16.16
13.82
-1.15
8.39
68.06
37.45
2.92
-25.18
-4.36
-5.16
11.62
6.29
56.99
64.56
-7.73
3.43
50.4
3.31
-7.79
19.01
-12.94
6.56
-17.38
20.62
18.11
-31.79
-48.76
-67.21
-0.24
-0.76
17.87
-9.94
-82.07
-13.28
0.42
48.73
-31.46
-48.64
-17.56
-2.94
-25.79
11.52
6.11
-7.71
8.06
24.83
88.61
-38.83
-6.14
-10.88
6.17
15.49
-9.68
-8.23
129.02
78.97
34.9
-21.07
-15.99
-134.96
-7.57
38.08
34.64
13.11
-23.13
10.85
95.16
12.69
10.27
26.51
12.65
-2.53
40.93
4.1
-4.06
94.07
-3.79
-14.71
17
-2.1
1.82
26.58
26.83
-13.15
100.49
36.69
0.13
76.66
0.96
-164.48
-8.81
-8.88
-9.69
-8.67
15.09
54.57
25.46
6.26
14.14
4.17
-4.56
34.15
68.85
-14.62
-6.45
28.98
61.49
-31.44
-87.37
-28.02
33.85
31.34
-7.57
53.07
4.42
-32.24
-4.68
-4.69
-55.2
