17.14
-53.23
-3.13
16.77
9.79
64.55
20.73
-12.07
97.61
-0.04
3.84
9.56
25.38
-1.77
8.46
39.31
-4.55
36.72
-4.08
-167.87
-4.35
-61.67
-15.21
-39.45
9.56
-16.5
-34.86
46.11
-85.78
8.01
50.98
3.86
-24.73
1.03
1.63
70.12
41.06
86.83
49.04
83.02
-2.03
36.45
-9.83
11.11
9.79
2.31
9.03
-5.05
48.88
-182.11
-7.74
-101.61
8.7
-8.24
145.99
-56.5
-32.73
23.51
-3.44
-10.69
22.96
40.42
-21.33
-29.01
-9.91
-14.54
14.69
-3.28
-4.19
0.39
-0.68
72.94
-20.68
-30.73
7.48
117.51
34.96
11.45
10.75
-38.22
-8.32
5.43
-50.67
38.16
91.82
100.53
-89.91
-4.02
4.9
6.4
58.13
2.23
0.45
-12.64
-6.38
-56.11
-7.87
19.09
89.5
-2.44
47.81
-38.45
-6.13
-17.41
15
45.31
-12.19
9.12
-3.3
37.36
0.4
8.04
34.15
9.41
-0.5
0.97
-10.81
-24.79
50.19
-0.11
-27.08
15.2
120.62
30.37
-66.21
91.52
-62.57
99.89
27.14
-32.11
-15.32
-10.71
-18.56
2.66
151.02
-99.59
201.73
14.85
165.16
-45.62
-37.76
20.78
128.84
-4.08
-13.22
194.26
9.58
37.52
4.97
5.08
73.22
2.48
12.77
27.98
-3.4
9.92
86.62
-34.32
-53.32
0.44
-59.24
-5.9
-5.81
-7.97
-4.02
14.99
1.25
307.05
91.21
-219.11
-17.74
11.85
9.94
-10.79
-218.91
-16.16
-14.46
-8.18
-2.8
-70.45
3.52
-4.54
13.37
-21.05
42.7
-0.26
68.63
-2.19
12.66
-6.14
77.33
-14.75
-7.06
-0.46
9.98
-23.35
-1.71
-5.08
8.82
-3.37
-22.5
-25.43
2.54
-52.28
3.02
34.75
-26.34
-16.29
-21.4
-9.29
-7.47
-3.96
-10.68
-42.94
1.26
-41.85
-4.1
47.99
1.08
-43.66
-152
-40.59
3.19
-68.59
7.79
-35.41
-148.42
4.63
-25.2
4.97
77.79
23.74
33.03
-4.69
70.27
-14.37
76.12
-32.68
-73.73
97.64
-49.49
-18.1
6.98
-40.39
7.33
9.56
52.01
15.85
-5.48
19.43
49.9
46.55
75.55
13.4
-9.08
-39.83
-65.14
72.87
11.31
15.59
12.71
-8.53
41.15
9.13
-8.01
9.86
-15.5
-4.9
-12.11
-16.09
9.03
-83.3
10.14
-30.04
14.05
-10.19
39.29
-57.59
-10.73
0.29
-73.04
6.37
73.81
15.12
50.67
-128.33
-72.02
-6.66
3.43
7.71
39.43
3.3
-53.55
-7.91
34.91
-10.5
3.77
68.84
-1.87
61.59
-160.69
-1.69
3.61
151.21
-26.17
-2.72
-14.62
-1.76
-21.72
-70.46
18.64
77.14
45.84
5.95
-17.39
-34.45
6.54
-18.02
8.6
50.43
6.54
24.76
-14.66
6.28
-41.76
-6.68
-114.32
-60.78
13.04
5.25
-55.23
52.41
10.83
2.4
16.74
-21.65
-113.76
-109.4
-109.13
-5.65
8.78
-1.56
-10.89
3.96
-20.78
-9.02
-9.18
-29.74
-39.77
14.58
-31.44
-13.46
8.72
2.4
-12.08
29.45
52
-67.44
-58.57
-105.41
-33.85
-1.03
-17.67
43.67
-63.81
2.31
-0.78
-24.68
78.27
5.64
-6.37
29.96
-53.27
-15.97
-16.99
12.99
-15.5
31.51
-283.28
11.35
11.69
-1.62
5.36
-8.07
9
4.39
-44.12
29.49
-32.12
-6.54
3.97
8.87
-69.57
40.02
38.98
-2.21
58.47
0.57
189.04
2.21
-59.37
11.21
-0.55
-9.23
-26.12
9.77
-19.57
5.17
-40.93
-50.93
-5.04
9.63
43.42
-27.95
-11.37
2.83
-5.73
-38.34
-8.81
-1.29
10.23
22.09
-38.17
14.39
-10.74
89.93
-59.67
8.53
29.84
-6.99
24.15
-0.91
-31.17
11.19
1.78
-45.93
-90.92
46.85
-7.66
-2.09
49.89
-50.91
-14.87
26.72
55.62
-129.92
39.83
26.27
-15.18
-65.27
55.77
251.95
79.08
-6.18
-59.88
107.34
18.64
3.68
14.45
-47.49
2.55
9.47
-34.14
27.1
9.73
-36.35
-12.06
-34.65
31.24
8.16
41.36
-4.21
75.82
-4.77
4.53
-8.15
-26.53
-26.51
15.48
-38.98
-10.45
74.41
34.49
-43.67
18.85
6.36
-18.39
-1.51
-62.29
25.94
-27.07
-0.4
0.75
-36.78
44.91
12.01
52.57
-65.67
16.54
-27.31
17.65
0.73
79.8
0.84
4
-6.2
76.77
-51.4
21.21
-8.07
22.72
2.6
-50.78
33
107.85
-91.39
71.93
-10.86
-33.33
-49.14
6.08
12.51
15.15
13.17
-35.87
-14.78
0.25
1.06
0.82
-48.37
-101.2
7.7
-9.51
18.04
68.56
-0.56
9.77
9.68
-1.82
-31.46
7.14
-45
38.76
-12.82
-45.8
7.6
-13.04
-90.3
36.73
45.5
-5.77
-33.26
-11.58
16.25
6
-89.97
-42.18
42.65
31.06
50.97
-78.17
-52.63
-5.29
-15.86
39.95
-85.84
3.77
139.28
8.17
34.41
-0.69
-17.74
-5.31
-9.12
8.46
-29.8
-75.08
118.17
9.31
-69.57
5.56
99.65
-14.4
92.2
14.24
14.2
-1.45
151.25
13.27
12.99
-11.37
-123.13
-178.98
34.15
-17.3
-8.59
100.67
1.81
3.18
-0.52
6.15
0.09
10.27
-6.93
-3.77
4.5
-11.77
-12.09
-13.64
53.37
-87.19
7.28
-42.1
-88.54
-6.69
111.61
-30.25
-16.37
60.29
124.41
-80.14
-61.44
9.65
-2.93
11.54
1.44
44.15
-20.71
-7.39
-56.39
7.18
-8.92
-24.6
32.37
-3.9
6.19
5.12
-29.94
-6.49
1.12
-1.46
11.89
-128.43
48.74
1.68
-11.91
-1.17
-12.19
-11.09
8.93
-32.5
-50.81
31.95
-49.74
-16.32
-2.34
37.86
-33.14
-0.23
-78.16
-21.56
-8.92
-81.76
53.32
107.51
13.99
-187.21
-20.82
-101.95
15.72
-89.8
-28.02
-7.16
1.42
-2.23
61.41
38.68
6.91
44
-36.44
3.46
-20.88
-6.53
-21.5
170.6
7.93
161.49
-5
34.99
8.31
-7.75
-7.38
-11.87
-20.15
71.05
59.35
150.64
4.76
1.43
-12.3
15.77
101.42
-16.77
-8.51
20.78
0.79
32.78
3.26
8.11
16.14
-66.2
124.17
47.73
0.1
-1
-95.64
4.69
-62.47
47.65
15.38
-121.96
-45.23
-35.01
-51.02
-29.77
-6.85
-46.44
4.24
-2.13
2.23
-5.11
28.39
7.16
28.69
42.53
14.86
102.89
36.76
-50.72
-3.98
-40.84
23.99
12.94
12.15
-27.24
-570.24
-27.95
3.35
6.87
7.15
-35.44
10.99
-1.28
-19.27
-20.83
18.69
14.23
2.2
-52.11
-10.64
-10.55
95.78
23.33
-73.96
8.42
-128.62
59.58
-55.34
-1.12
11.82
-4.03
32.19
8.66
-24.77
9.97
39.09
-36.81
-45.75
74.05
-148.56
-114.06
-25.35
83.22
-21.47
71
56.36
9.71
-55.29
-23.51
-4.47
24.91
-17.85
22.86
10.51
18.03
36.45
15.84
-21.81
8.3
-4.34
14.96
1.12
-4.15
37.23
12.79
-12.15
42.71
7.57
11.66
-0.47
70.05
56.33
12.59
-57.59
69.76
7.91
45.09
6.74
6.04
7.86
15.82
7.35
10.06
-4.74
0.84
13.65
36.78
-30.27
8.21
-1.56
7.16
5.48
-9.09
-21.96
-26.54
1.86
67.66
88.45
21.41
16.71
-5.74
-77.56
-39.24
6.34
2.11
-225.8
58.79
19.86
12.03
50.79
-88.01
-32.45
-4.15
-8.97
-77.54
15.86
-6.55
12.01
58.38
-23.13
9.03
48.34
8.86
7.05
-3.69
143.32
-32.65
34.03
40.2
-8.75
-13.72
-66.54
-67.56
11.56
34.04
-20.15
-4.17
73.21
0.37
-36.99
113.58
24.74
-56.44
50.25
-16.34
-11.07
-1.14
-0.59
-11.11
-2.66
71.3
15.7
2.83
-7.87
5.53
-51.69
-13.57
-36.47
-75.85
-9.32
21.5
12.13
78.1
1.01
29.15
-58.09
3.88
-47.68
-7.05
-31.24
21.73
-12.69
21.59
-42.13
-73.61
122.3
3.1
45.86
8.6
31.13
-43.09
39.15
-148.85
-1.02
237.17
0.93
13.38
-4.14
40.44
5.64
-14.43
-12.35
-14.06
9.83
-1.52
-41.49
10.28
-96.31
-42.12
-30.12
2.68
28.55
18.19
1.68
11.31
-22.89
32.23
-148.32
41.48
23.99
-74.8
50.08
21.61
-16.29
-134.28
12.72
-9.62
-20.02
-72.5
-140.35
14.58
2.52
29.75
-6.65
2.79
1.75
37.77
4.56
-8.89
13.95
60.44
-3.45
6.45
23.86
11.04
-0.07
-7.06
72.59
68.04
-84.61
-10.43
-29.53
10.81
12.98
-12.97
-17.37
14.76
34.43
-31.85
-2.44
-5.36
19.65
101.69
36.81
-48.71
11.93
57.2
-42.23
5.17
-8.61
63.99
165.49
-26.22
5.26
-9.86
-1.71
92.11
13.33
-15.31
14.13
22.28
84.59
15.72
5.57
-13.13
78.83
-60.74
22.55
55.4
-6.06
-32.93
-52.66
-35.85
7.72
