-6.56
-3.17
-65.74
-3.99
-94.04
-36.49
43.28
-31.83
33.32
51.75
-11.37
4.18
164
-19.69
-6.47
4.16
30.97
-145.91
-0.25
39.28
94
0.97
3.75
1.57
-5.86
-31.25
-76.27
19.51
15.06
3
-42.54
33.13
10.89
-5.92
35.77
-8.57
-9.23
1.54
87.13
110.38
-2.91
-41.63
13.13
-5.33
-9.16
-4.27
6.87
-86.85
25.31
-60.94
-62.87
-7.72
-50.2
4.17
-8.56
70.95
11.91
-5.06
0.29
-26.09
110.99
-7.24
4.87
-7.18
14.13
-6.3
8.3
-0.86
5.4
-5.94
12.89
8.8
-18.21
5.83
50.17
-6.23
-31.58
-8.65
62.4
-14.03
-22.06
12.19
22.7
23.59
-6.37
4.66
6
4.06
-41.97
96.99
-23.17
-42.44
-11.5
5.59
29.37
30.7
5.9
15.07
41.48
0.8
-15.39
12.13
57.55
-101.66
-13.75
-58.43
6.55
-112.07
-75.24
69.66
3.55
-6.22
-55.14
12.99
99.98
-102.49
-70.94
-47.56
-9.31
-9.87
-20.57
10.21
30.29
11.76
38.74
9.74
-71.86
5.25
-2.48
-12.41
-2.57
-1.84
-4.3
-1.18
-5.55
-47.96
1.72
14.85
-15.5
-3.37
-23.19
11.16
64.43
-19.51
15.15
-2.74
-41.68
-0.68
-46.89
-48.29
8.47
-86.52
55.46
-22.03
12.89
56.24
7.24
1.87
-3.58
0.5
12.47
17.03
-22.44
-9.81
-2.4
33.13
3.5
-2.73
45.76
-18.74
36.85
-16.95
-45.99
-94.82
-104.45
-13.88
-8.73
-23.08
-34.7
29.14
-53.75
6.53
-11.55
5.26
-0.77
-35.72
29.25
-42.12
-8.16
8.07
-2.47
-11.5
-1.01
3.51
18.68
-17.64
7.19
-9.36
51.17
89.89
34.58
-15.35
124.91
-42.31
45.48
-25.66
-34.05
72.52
-5.41
-30.39
-24.12
-36.91
-20.65
79.05
97.77
-23.63
-24.89
34.81
6.83
4.33
24.95
-8.26
-25.5
-13.43
-9.4
47.98
107.12
3.92
26.93
106.96
-0.84
-4.27
-18.92
-35.48
42.14
24.02
14.29
6.03
26.3
2.21
-14.08
0.99
-135.49
-13.18
22.72
1.22
-18.61
11.02
23.83
-8.9
42.36
116.44
37.94
9.03
-8.23
2.57
-18.32
44.76
9.4
2.89
-6.67
-19.79
-76.58
32.29
0.9
12.54
3.49
38.79
-52.21
14.66
-0.97
-3.89
-5.06
8.49
11.08
-59.1
-4.33
5.96
10.85
-94.53
-0.23
-8.95
8.46
-10.04
4.78
-50.25
-7.01
-27.55
35.39
-2.26
-17.99
14.66
-3.16
6.02
-12.29
7.2
9.22
26.68
12.79
-14.36
1.39
-7.82
72.76
-2.6
-5.71
13.1
11.48
-10.59
55.39
-17.29
6.96
7.66
-1.75
-56.24
-8.7
-16.21
19.37
-48.75
-15.45
-9.34
24.01
-10.83
27.92
-100.87
43.76
-179.77
30.03
6.48
70.01
-83.65
-24.03
-4.48
30.85
-28.58
-48.74
-10.78
-20.21
-31.57
-10.75
36.23
-18.17
-80.52
-1.31
6
22.46
-13.15
100.92
-13.01
7.33
-4.87
6.53
18.99
-5.18
15.44
-1.57
-85.22
-7.19
47.3
-69
16.72
-13.36
10.85
-8.41
29.21
-11.25
40.9
-5.15
-119.05
-3.06
62.09
12.67
-54.64
-5.65
-17.93
-12.52
17.11
-102.83
9.8
25.94
35.34
24.5
1.54
-152.22
-82.6
-8.67
57.5
-13.92
-10.88
87.42
-0.84
24.17
114.81
-67.99
-3.99
121.45
23.44
-0.54
-0.61
114.84
0.31
-63.5
-79.7
-8.01
-9.43
54.62
-133.3
-7.25
-6.65
2.19
45.66
19.06
-261.29
58.62
-10.51
79.51
-24.11
28.82
-29.63
44.64
0.15
11.19
8.84
2.35
-26.04
93.89
-4.75
80.38
-7.63
86.68
-35.6
6.39
-33.59
-19.3
-15.93
-16.86
-28.89
19.1
-4.43
117.08
4.91
10.39
36.59
-15.73
20.99
-11.88
55.22
23.7
0.98
34.53
-5.28
62.78
-4.02
29.07
-13.02
-181.11
9.36
11.22
-17.07
-9.88
-41.17
-3.57
-7.74
-175.93
370.05
-20.23
-6.68
39.99
11.84
33.32
-6.35
-186.19
-4.11
-10.66
-27.1
-58.22
-8.93
-45.62
-6
65.22
122.45
-102.92
-22.48
15.52
-4.39
26.52
29.47
-13.83
14.34
-31.86
-48.58
75.05
58.14
-58.63
-66.49
-13.65
-7.54
73.76
12.37
-12.41
-60.91
-13.6
-5.31
-102.68
-8.29
-4.92
55.18
12.19
-64.28
18.92
-13.22
-7.62
7.37
63.17
-7.19
-1.44
-4.34
-120.08
-2.43
11.62
-2.47
17.33
-40.93
-15.96
22.07
-0.23
-10.84
-10.09
20.53
13.14
-20.04
8.11
22.8
-12.22
45.38
-24.84
12.83
10.78
0.12
-5.64
5.43
-3.67
-12.29
21.84
14.24
29.75
-3.09
0.15
34.88
159.59
-5.85
-12.72
11.68
47.06
-17.31
6.11
58.13
4.49
-5.46
-7.01
1.09
54.11
-57.57
4.68
13.99
15.96
-16.12
101.97
-12.73
50.8
77.87
-291.85
-12.7
-9.65
9.5
-19
9.68
6.62
-49.96
-30.82
8.83
-27.89
-13.63
15.54
5.78
-52.57
6.42
16.46
10.58
0.37
65.16
-7.41
8.29
19.25
-5.78
92.9
1.87
-5.61
-36.63
158.27
1.26
-18.94
-58.61
-19.83
-99.85
90.39
-10.03
-45.28
-162.66
-138.31
-91.71
-40.27
11.39
9.77
7.17
11.7
14.7
-81.79
-4.45
5.31
-9.47
39.15
-61.49
-52.06
5.17
71.74
-19.62
25.18
22.14
-68.68
-41.32
-7.4
26.01
0.99
84.83
90.71
-119.79
-4.79
-7.77
23.85
-12.2
27.17
-55.39
10.09
240.76
122.7
9.5
-8.51
-14.46
-16.7
-42.98
62.26
1.08
-6.26
53.69
-20.35
-133.84
6.5
-85.82
-6.61
-15.65
-113.2
0.58
33.59
41.92
11.79
61.33
-10.44
8.63
4
40.36
10.62
-17.19
-5.79
5.79
-7.24
-67.82
-2.62
-8.91
7.04
-102.54
15.99
-56.27
-10.47
-18.02
-11.61
-2.64
-90.15
36.81
0.17
36.28
32.5
-1.17
4.35
-6.45
13.49
-46.01
4.76
-23.13
-9.8
23.41
10.84
-49.24
-79.24
10.88
-15.15
3.65
-68.37
-6.89
12.87
5.76
-7.14
-111.57
-39.47
11.09
7.85
-2.92
-11.24
-25.94
36.49
-4.44
5.8
97.11
13.05
121.46
3.82
-25.45
-3.53
-50.12
33.34
-41.17
-36.93
1.9
20.47
6.98
44.1
81.89
10.01
-2.87
19.88
-7.86
-55.84
6.8
23.78
-43.06
2.61
10.77
-5.64
-13.62
13.53
7.74
-87.22
32.69
79.14
30.32
-83.37
-2.61
-10.75
-73.66
20.94
3.32
-49.46
7.34
2.96
-19.2
3.91
50.69
46.95
15.77
-0.3
36
-27.28
18.47
-5.62
29.99
-2.44
3.97
-113.39
25.97
-12.29
-2.55
-13.89
-11.78
11.53
-12.21
-54.02
59.78
4.29
-3.48
-106.28
16.28
1.31
-71.53
36.33
45.74
-3.06
-84.95
-48.29
9.26
-196.77
-25.55
-48.52
-77.75
-61.89
52.73
-13.38
-29
-12.7
1.98
7.77
-15.77
-12.4
-18
-7.52
73.68
15.89
6.06
-40.89
-5.6
62.41
12.76
-12.42
-98.93
-16.19
-7.35
-64.92
53.79
-19.13
-3.65
12.11
-6.93
7.8
19.08
-11.53
22.89
3.42
-9.19
6.6
-4.21
147.22
71.27
37.92
1.23
-11.93
-128.28
38.77
-10.15
-14.91
10.84
54.99
10.2
9.01
2.52
47.29
2.1
-7.32
-6.95
85.93
43.3
14.27
-39.68
-135.13
6.75
-66.1
-46.3
-93.35
65.8
-16.1
-35.79
10.07
-34.8
-59.34
-60.97
9.88
27.43
109.12
9.57
2.9
54.64
12.98
-5.71
6.69
143.04
-10.86
29.22
-1.61
32.46
5.22
0.62
33.62
-12.55
-12.2
-15.31
-25.37
96.06
47.6
3.27
10.76
1.6
-4.78
-15.54
-85.25
4.93
68.51
11.47
8.12
-2.81
-8.01
22.98
-10.52
-49.75
5.62
-67.52
-157.75
-122.32
-17.59
7.02
14.63
6.61
14.49
58.89
-12.59
-14.32
-65.96
36.31
-117.39
9.03
-14.29
3.21
-7.73
10.58
26.71
1.98
10.49
5.2
18
-9.89
7.1
-17.12
39.85
-22.42
34.29
-4.13
36.4
56.45
6.56
-33.82
5.76
8.11
-17.66
79.1
7.5
9.46
-13.67
9.1
-13.77
66.17
-33.27
-16.2
77.65
-5.6
2.86
-74.19
127.57
4.66
5.58
12.95
2.1
8.08
38.03
12.87
85.68
-38.36
40.4
2.19
-16.68
-53.38
57.86
12.66
78.41
-10.67
-70.92
-105.62
-84.2
32.32
47.87
-71.45
41.04
41.68
4.35
6.97
-24.95
0.68
25.01
6.49
18.68
-21.49
-126.26
-61.83
-6.33
76.52
0.48
-5.8
-5.41
-25.85
88.14
0.32
-3.04
-4.08
13.34
20.95
32.84
34.56
22.57
10.11
-42.53
0.78
-5.53
-27.98
90.55
-22.57
-50.69
26.11
26.79
112.37
