-9.6
23.05
-16.38
150.3
-0.38
-15.01
-99.97
-1.38
-3.89
58.41
-5.02
67.9
-32.34
8.61
42.45
80.91
-10.93
27.64
-7.32
36.68
-12.4
8.75
-41.93
-8.16
92.9
-10.05
-27.09
1.52
-59.65
3.47
1.81
-67.97
14.19
-44.96
-12.43
58.92
5.65
14.61
-7.57
13.07
-30.7
-38.77
-1.34
2.74
-10.45
16.65
-36.66
-3.98
-12.42
-1.15
-1.61
11.94
19.66
3.8
-18.42
-6.66
6.82
1.39
5.86
-1.88
-10.55
15.33
-1.32
-5.76
96.37
12.76
-90.31
25.81
-88.61
19.28
-15.8
-6.58
-28.94
1.37
77.42
5.24
13.17
-59.34
-8.93
10.03
4.39
21.42
2.74
-2.17
-9.86
-1.65
10.56
-9.59
-8.49
-20.06
2.42
-17.26
-83
37.38
70.54
-101.92
39.59
-49.28
4.72
-22.97
-2.37
103.16
10.47
5.82
6.05
-57.86
-3.37
-3.26
4.23
4.55
-7.23
82.59
-2.72
-9.92
-4.9
-1.63
-53.57
23.27
3.92
-0.54
-77.01
-66.46
-120.11
-15.31
5.89
-55.97
-15.85
-0.23
-78.93
8.49
55.94
48.02
-18.56
117.87
42.29
80.11
33.38
13.72
-5.41
6.99
-8.19
-141.22
30.29
-10.48
16.49
1.16
7.98
58.58
-38.58
3.83
-1.82
-358.99
1.11
36.06
-8.29
-11.24
-57.63
-67.67
-7.23
-5.27
61.73
-60.06
-7
70.61
-1.38
32.42
21.57
113.19
-32.14
-4.21
-96.08
65.22
13.93
72.19
28.99
110.12
56.69
-18.18
-2.38
-4.84
-4.52
47.11
-8.7
34.42
-1.58
3.86
8.97
7.01
13.13
2.81
11.56
5.2
6.5
-38.32
-6.5
-9.43
-107.66
67.27
107.31
-4.88
14
-0.58
-17.44
-12.86
9.41
-34.12
5.86
-36.44
94.26
-7.71
59.83
-130.05
0.66
-4.2
23.52
1.31
6.46
-41.75
-9.22
-4
-50.7
52.92
45.43
32.4
-31
-2.61
-6.63
44.87
268.28
-72.87
0.63
-9.13
1.73
-53.49
-39.16
-0.05
1.11
41.42
3.03
1.08
5.43
10.3
2.83
-49.89
-9.08
-5.95
4.28
-6.73
-15.04
58.45
3.28
242.63
-6.89
-130.81
-5.93
-3.68
48.73
27.65
12.26
-5.56
-51.27
76.37
1.69
86.53
-112.73
32.78
-12.01
7.89
-56.5
8.27
25.94
-13.45
141.24
4.84
-26.3
-258.51
-0.3
6.54
1.86
15.19
-42.7
38.76
13.74
-15.09
9.68
67.55
41.13
-110.72
35.69
22.99
29.68
39.53
65.79
128.62
5.32
-11.74
-8.78
3.22
80.53
-5.82
38.42
-10.22
-30.85
9.83
-45.17
131.51
4.96
-16.49
-13.37
37.47
130.56
21.52
-7.49
-64.56
58.62
-54.23
-8.17
-30.62
5.14
-100.43
-23.96
-6.3
83.67
-29.94
17.77
-30.77
-17.15
1.6
-39.16
-10.69
11.74
-14.74
-18.47
-107.12
62.27
71.55
2.63
-32.62
-15.43
-2.87
-4.18
13.43
51.23
-127.85
33.97
-115.81
-203.25
9.2
6.62
-2.76
-18.53
17.17
-68.28
-54.23
6.99
29.43
16.03
42.97
-16.88
-11.02
-8.52
-3.82
-19.76
-15.99
-176.99
5.8
-3.81
77.18
-12.39
116.83
6.36
-20.82
10.29
-87.82
-1.84
-9.55
51.33
-11.68
-15.58
4.84
-50.33
32.77
-57.46
-8.34
-56.58
2.63
2.03
18.71
-1.52
-3.32
2.08
-7.55
4.45
16.57
5.71
10.24
0.92
8.62
40.63
33.69
5.37
20.08
-18.83
17.99
47.53
-10.72
11.06
-90.49
10.98
2.74
-110.48
11.55
-9.46
-0.11
9.72
-12.98
55.8
-41.27
-98.51
34.83
15.9
-88.13
13.21
-14.74
-33.08
-5.2
-0.31
20.72
10.37
5.29
-16.74
65.57
30.62
17.06
15.09
-60.56
-5.55
20.84
24.59
9.79
3.78
26.02
86.52
11.61
-14.31
69.69
-159
0.93
10.31
20.16
-128.89
47.93
40.27
-1.39
5.25
-11.13
-21.18
-29.12
12.23
68.57
12.08
-31.68
77.31
-10.88
6.24
14.66
90.03
54.6
-112.05
-4.21
19.59
17.76
23.28
14.24
57.34
-15.23
12.93
8.84
28.63
13.6
21.41
28.03
9.41
-5.23
-16.33
-64.08
18.64
-93.99
-122.93
-4.71
-8.06
34.91
7.45
-9.7
15.76
-1.25
129.78
5.96
79.59
28.15
-24.39
13.7
4.75
-15.26
-6.63
-0.74
24.02
-0.17
-19.7
-25.43
37.83
-23.27
-2.61
13.61
-14.63
-61.44
-14.44
-7.14
-72.09
-34.82
10.5
11.9
5.48
-5.53
6.85
-114.63
5.67
-4.19
2.68
-28.48
8.37
1.91
13.36
-26.81
-96.46
-33.56
-14.5
107.19
59.17
-28.42
21.27
-15.41
2.84
-44.69
-50.15
34.41
-8.95
-9.73
-0.23
11.79
59.9
7.13
-24.38
-37.84
7.76
89.7
-10.32
4.66
5.72
-102.14
-39.72
8.35
-2.02
11.46
-5.67
6.74
-4.68
12.44
10.09
20.33
12.93
22.89
-41.71
18.9
20.43
-55.63
134.66
67.4
-78.7
-4
12.88
10.8
10.69
10.56
24.59
8.9
-5.43
-14.3
3.04
-4.65
3.16
-59.09
-18.5
-1.47
-24.8
51.59
26.08
44.48
-29.13
3.36
-7.62
-2.95
49.33
-5.71
-1.46
26.81
8.17
-12.26
18.82
61.57
60.83
39.61
-10.7
-22.09
118.03
-8.46
-100.73
22.01
12.72
-29.34
-10.99
13.98
-68.46
54.67
53.34
27.35
-31.35
6.31
41.88
-0.44
-13.73
67.45
32.05
-83.39
33.77
32.01
-37.63
2.72
45.07
1.58
58.59
17.52
9.73
91.29
-8.17
-14.66
-15.47
-49.04
29.65
2.64
-10.59
51.46
81.05
32.78
71.4
-94.31
39.28
3.32
-21.16
-7.94
-38.18
76.85
1.02
8.2
157.31
11.49
-3.79
-8.24
-114.85
-14.38
24.35
3.53
39.5
-7.44
62.53
-8.86
2.62
-161.9
8.34
3.65
12.56
-57.46
2.66
-5.22
-64.37
-24.08
-41.97
6.35
-66.66
41.76
-8.87
-84.51
-92.71
8.26
-21.82
15.08
-8.41
-53.3
-15.54
15.84
7.09
1.4
-25.61
9.35
37.24
-12.98
-43.58
-11.23
8.46
32.08
6.47
-37.43
-10.59
-72.48
54.82
-42.66
-1.83
-0.32
39.68
16.08
47.74
-51.77
10.99
-8
8.62
-176.54
-7.06
-27.88
18.6
-17.82
-5.03
10.11
12.67
-10.57
105.73
2.49
40.23
8.42
-11.54
-39.48
4.68
70.35
-128.65
0.89
9.39
-25.64
11.64
-0.93
-14.8
72.19
13.32
79.92
22.47
22.94
14.22
9.48
12.37
41.51
-6.22
-4.37
14.24
-14.71
30.45
6.51
-2.57
7.69
92.55
-18.84
2.27
-6.04
14.85
14.56
51.08
-182.56
67.31
-67.61
-9.18
6.55
-57.45
-111.78
27.12
0.92
-3.91
-56.36
32.75
-2.35
-36.76
18.95
-2.03
2.9
-8.63
-10.44
105.58
-9.28
7.35
65.2
-4.27
13.52
67.05
-75.3
9.39
39.37
3.6
-9.83
16.1
48.85
-13.74
5.69
28.16
18.18
39.32
-9.13
32.95
-7.3
-16.77
13.64
-14.73
-7.98
8.65
8.64
41.84
-7.55
11.73
-3.53
10.31
-9.27
-16.07
12.24
47.46
-21.98
7.07
9.1
170.76
48.31
-15.21
11.4
-18.1
-8.87
-23.1
-99.11
-2.49
-46.99
5.75
-90.16
-7.61
-74.94
-4.39
-12.4
-12.23
-43.1
-5.82
-188.85
52.88
-42.4
49.37
-10.18
-32.21
72.36
12.49
-65.3
12.93
4.63
-26.01
-19.77
-75.71
-162.7
-0.95
-8.1
-6.01
-10.72
6.6
52.29
3.87
-2.11
11.53
19.49
-83.44
-19.66
-10.07
-1.51
4.65
38.48
14.04
11.45
0.24
-6.49
-46.92
-3.53
14.56
-60.91
60.72
-1.24
1.3
-26.73
-7.36
13.95
6.64
1.38
12.72
67.15
8.54
-6.89
19.5
-8.42
7.96
48.57
-8.69
33
1.64
15.03
8.14
10.62
12.03
-23.72
2.73
28.3
9.19
8.4
1.87
0.22
6.81
99.75
24.95
-41.4
-175.58
-2.83
-1.25
-11.95
13.48
-21.83
-2.32
7.29
15.51
-2.46
-6.16
28.99
-0.47
44.99
7.85
3.92
-14.78
-8.07
23.91
-18.02
-50.09
7.4
17.31
4.93
-33.76
4.99
27.81
-12.26
-8.84
-5.28
-72.06
4.25
-37.14
0.24
4.23
-1.54
-33.83
4.33
-14.17
-9.29
-122.62
20.75
-12.68
10.24
46.24
6.65
53.74
57.57
0.03
-9.76
89.38
2.02
-12.04
69.49
-120.72
38.12
-154.16
-142.16
13.83
-18.9
85.47
-177.69
50.33
-40.3
-41.5
-10.9
12.26
42.35
11.82
-17.51
-4.02
31.1
51.21
2.27
16.51
14.13
-5.16
18.89
-73.07
-7.22
21.34
-57.91
-50.8
-64.26
41.39
-8.9
1.43
-0.98
64.31
-36.81
-13.86
42.06
-81.5
-17.51
-108.55
96
29.71
71.93
-31.31
34.63
