2.41
-19.26
-43.41
61.93
-60.3
-103.32
-0.56
59.07
-90.31
30.07
23.05
10.64
-0.68
2.24
-25.77
28.16
89.35
-13.89
-0.54
34.67
-26.6
-2.82
-24.43
-46.49
-9.07
63.45
-119.75
1.01
-35.73
10.04
47.54
6.06
-0.95
2.86
25.48
-8.09
-13.96
-9.79
0.97
1.06
-0.52
35.46
6.5
39.52
-39.69
-23.06
20.73
-31.97
9.52
14.17
0.42
-6.24
-2.88
-150.46
-168.28
14.77
32
35.64
30.48
3.26
5.32
-4.6
18.1
-13.65
23.45
-26.8
1.57
4.18
1.38
-62.82
30.99
74.47
102.17
3.61
-15.23
16.54
-88.41
-6.94
5.16
-27.19
12.39
-16.16
60.06
9.44
73.15
46.39
47.25
58.19
-220.72
-3.29
-57.39
26.73
-9.45
-92.07
-11.93
-21.96
7.57
-5.46
-98.45
-7.09
10.6
31.75
-5.47
12.88
-4.67
-11.54
61.91
-22.55
5.17
-2.04
-10.22
-18.96
32.06
6.91
-1.63
-94.61
8.96
23.19
-2.94
-20.27
-1.86
-0.31
-5.14
38.31
42.58
-6.17
-3.36
-4.89
-8.89
-8.95
-3.51
67.33
-5.74
-10.53
-0.68
-65.41
36.03
-39.43
6.08
-29.08
13.14
-4.86
-2.6
-27.62
-37.85
-16.14
-79.36
-9.22
-7.14
81.52
9.09
-7.39
-7.23
-96.09
-4.52
28.92
28.87
-3.94
9.29
-0.28
9.39
-15.8
6.42
7.59
92.65
76.29
9.18
55.14
111.93
7.68
10.65
17.21
45.4
-13.8
-48.05
15.69
30.05
149.97
30.53
-57.41
25.89
-21.24
2.99
-4.22
1.34
10.52
1.52
-120.29
-33.33
-1.55
-75.71
-59.42
7.57
10.07
-301.01
-29.31
4.26
6.51
-12.24
3.78
-8.96
-34.85
-16.6
64.55
21.29
-4.27
-39.42
60.21
9.32
-47.44
171.88
-6.72
9.82
58.72
8.24
39.15
64.73
-7.55
-9.81
13.44
-22.09
9.78
-149.32
4.28
9.64
-22.45
-7.98
8.87
-7.95
-7.27
10.05
-10.29
-14.17
102.5
-9.2
84.46
3.54
-21.28
-108.71
18.79
49.04
25.46
-11.92
-29.24
-66.01
-2.73
142.43
5.16
-40.08
10.97
119.56
4.83
-1.72
-18.26
58.22
-13.64
6.89
75.69
-83.08
15.48
3.99
-91.38
9.27
40.68
6.22
-4.96
11.51
-40.15
47.78
11.83
4.25
-5.93
-188.7
-5.53
71.41
25.03
12.75
28.01
0.72
-118.3
-1.52
-44.21
-180.43
-9.66
-30.36
9.83
50.46
-47.93
-93.87
35.99
10.49
-8.36
-58.08
0.2
67.23
18.4
-6.39
-9.39
-23.48
-16.76
-23.22
-44.91
-12.77
17.49
-5.57
-17.57
91.68
2.94
-41.12
42.05
-7.11
-12.4
27.26
-13.19
-42.78
-32.12
5.87
-75.93
-7.13
-15.85
-9.27
-94.63
13.26
19.48
12.78
-21.95
16.5
17.25
29.69
10.53
31.41
-27.22
47.97
83.82
-7.37
181.37
13.31
-27.65
3.43
31.5
5.47
-2.56
32.82
-21.1
13.46
-3.57
6.56
3.4
-49.52
13.51
9.31
71.23
6.61
95.33
12.68
1.28
20.86
-24.4
84.66
97.44
-5.08
123.07
-3.01
-1.3
-6.86
24.67
10.9
5.04
15.76
13.96
-107.4
-25.96
-105
11.1
-54.26
-17.6
-86.77
-37.5
32.12
-43.48
46.36
-52.39
33.26
-4.11
-1.86
5.63
13.3
-21.29
-16.67
-49.12
-21.11
3.06
10.15
118.97
64.44
-8.68
12.4
-14.84
-11.08
0.6
-4.02
-61.6
-53.69
-59.14
29.68
45.88
1.29
10.38
15.55
-21.91
6.71
-4.27
12.7
28.28
-0.22
-8.05
-47.84
-56.06
10
-4.36
-74.35
-23.8
-36.04
-18.44
-13.95
11.94
3.83
-11.59
-64.69
18.39
3.64
-218.82
-15.75
6.31
6.43
-6.36
60.87
-50.84
-1.08
-71.01
14.58
22.21
14.91
7.74
7.52
11.43
32.68
8.92
4.63
113.51
-104.85
41.12
-18.72
4.36
144.92
60.34
-95.3
-9.59
33.55
-5.75
65.79
30.5
-52.65
-169.71
27.13
122.85
16.13
27.78
5.18
6.41
22.96
-6.47
8.48
-46.19
23.54
63.79
-10.01
-11.71
9.31
-2.87
-7.24
86.25
14.95
-9.98
150.6
15.28
9.09
-0.34
-131.18
94.93
-126.29
-18.49
65.9
5
3.87
92.51
88.35
-57.27
-70.95
-4.01
-3.86
11.17
83.52
31.89
5.54
6.78
-9.17
-51.99
-2.07
11.85
24.2
36.86
-165.41
21.08
38.47
7.46
99.01
-1.78
5.17
-9.19
-9.75
214.31
1.35
-12.25
-9.52
-27.44
-10.55
2.24
-53.97
56.35
25.03
10.86
55.61
11.76
-8.33
23.69
59.11
66.26
-240.92
-4.01
-63.09
62.32
-5.96
-37.66
116.59
-12.71
29.46
7.08
159.68
-72
-7.56
86.99
0.54
93.45
-11.82
9.49
10.24
-5.99
-0.11
9.78
-32.83
-11.66
-99.69
-8.54
-0.87
-9.04
1.83
-28.1
8.96
-44
5.78
46.16
-7.88
-1.18
-88.51
8.49
-15
-3
74.57
-14.89
-12.11
-1.39
-5.19
-45.73
-71.16
53.83
19.93
-0.55
25.74
-40.41
3.13
-3.22
-112.63
-3.79
-2.3
-3.77
-0.2
-104.73
30.56
23.4
12.09
2.65
-33.35
20.33
0.42
-85.45
-4.85
45.44
4.52
-109.37
8.13
-19.5
6.19
-0.74
54.37
-13.72
-48.39
-39.98
12.85
0.47
-2.94
-5.44
-3.76
0.33
-2.61
-73.25
-1.84
4.81
-43.59
5.54
-22.56
-24.35
-76.15
-9.49
19.72
-12.04
-58.04
-12.63
-133.39
5.43
91.64
8.57
7.66
-22.94
-54.24
-4.96
-12.75
-8.51
2.87
35.05
-3.2
-44.11
-63.71
-77.65
70.91
-6.44
-14.41
8.33
-67.72
26.89
54.77
102.21
6.39
21.2
3.9
31.27
-8.45
-44.8
-192.97
8.74
-3.67
-8.05
-4.39
94.88
11.73
-68.13
12.13
-76.51
-11.39
4.55
7.93
10.28
16.3
8.85
-2.99
-5.34
-5.41
-11.63
51.34
51.75
9.94
115.85
-16.9
-54.36
27.7
-20.07
26.36
-83.14
4.99
98.97
-36.24
8.89
49.98
-47.73
-23.62
-77.18
-8.56
12.21
-51.42
65.26
-56.68
55.42
52.78
-10.12
2.81
-4.16
38.63
20.12
10.57
-0.75
-6.98
-11.42
46.42
21.94
11.47
56.27
-99.01
25.77
-5.11
-10.46
-47.86
24.72
-23.32
-7.85
-12.71
13.8
-52.46
-120.96
-8.29
17.75
3.88
-24.83
-17.48
-9.8
-50.82
-13.98
4.17
9.97
26.7
-110.23
-64.76
9.89
58.95
-8.04
13.22
44.47
13.25
8.8
52.91
-8.47
3.65
3.89
4.06
-53.28
32.35
7.32
-13.99
110.41
1.22
-4.13
74
11.12
22.68
-20.93
-8.4
6.65
-10.03
-6.94
8.64
-23.06
18.07
1.31
-6.6
259.25
-21.29
-34.73
3.04
-26.19
-62.65
-18.86
-6.04
12.86
78.59
-46.71
10.85
23.32
-42.53
47.34
13.62
-7.16
0.74
5.27
4.75
-19.81
-17.2
21.09
-8.27
-9.61
53.31
12.12
80.01
-128.89
24.35
-74.79
69.25
16.64
11.61
10.27
10.91
-4.16
30.95
-37.33
-5.49
26.74
18.86
138.22
20.02
25.77
-7.74
-3.99
23.19
-7.12
10.75
-4.53
-149.58
71.77
61.35
-10.64
8.43
152.14
115.37
-133.16
-72.93
0.62
-18.49
-33.27
-29.98
37.4
60.95
-29.04
11.67
-45.77
54.26
-218.4
71.18
-7
-44.45
-5.83
58.05
-6.11
82.18
37.33
52.98
6.69
18.04
11.28
-2.61
45.98
-37.96
7.4
-11.37
87.99
6.71
11.64
-31.18
-16.98
-108.68
55.65
-34.97
-55.68
-14.72
8.44
6.12
75.33
-26.24
16.08
-31.13
-27.91
-5.16
57.73
-13.6
-50.58
7.52
5.65
27.04
12.87
18.54
5.99
25.24
66.97
88.5
11.74
-7.42
-10.3
-9.51
27.59
39.59
2.27
-55.09
-71.72
-8.04
-21.77
-0.76
-38.12
2.92
-148.15
-0.34
2.91
-94.96
-14.62
37.98
103.65
-48.02
1.08
-49.27
-59.07
11.65
7.27
-8.48
21.12
-3.54
-7.25
5.57
63.65
-111.56
17.2
1.83
11.31
-10.15
-49.13
28.5
38.06
73.22
-54.06
-15.71
4.83
9.8
23.3
0.02
-14.37
11.25
8.87
-97.76
17.25
25.81
-3.73
-4.14
29.14
-51.38
-0.79
31.14
-43.14
35.38
-49.7
64.58
15.8
39.56
-9.44
-7.09
-15.92
92.05
26.65
-11.11
15.52
47.25
17.94
-4.61
56.75
-61.7
-3.23
-18.83
-9.96
-92.53
-13.32
-4.93
-42.17
-14.01
17.67
36.82
-11.85
-95.86
-0.1
48.52
-0.67
10.3
-19.22
105.32
-5.46
55.31
-66.34
-103.05
-14.42
-38.86
-8.6
-9.56
9.32
14.35
29.32
-9.64
-95.81
7.22
-35.7
-3.28
-5.64
-10.58
-21.15
15.47
1.85
-28.34
1.28
-67.79
93.76
7.21
-30
