-26.62
-33.26
-3.55
14.87
8.9
13.7
-16.92
14.7
-109.78
11.95
-21.74
52.62
-116.16
-208.92
-10
-64.17
-25.1
-10.04
92.01
-4.2
-132.81
79.8
31.4
27.57
-0.66
-6.82
-3.78
-2.25
17.55
10.87
0.49
-79.7
23.71
-5.48
-0.01
4.74
6.89
13.64
-79.22
2.01
-4.98
-19.43
-29.68
-16.2
-10.12
40.96
9.13
88.64
14.78
70.73
64.88
38.94
9.5
226.05
-99.86
32.7
6.81
13.9
-19.5
-2.52
8.08
8.79
5.38
111.97
-115.65
70.62
36.63
-3.03
-78.6
84.77
40.75
71.65
-184.53
13.89
-33.27
-6.45
5.48
27.37
60.52
-5.88
-16.74
-9.53
-19.25
-36.17
72.94
-2.59
-28.45
27.11
-12.49
15.11
-5.47
-0.14
1.01
8.65
-2.07
-36.69
9.73
22.96
1.89
4.86
63.44
20.62
32.16
20
-27.39
89.28
63.19
9.7
47.84
-163.29
-5.35
15.25
-1.43
32.43
-4.76
-79.73
40.18
38.57
-6.15
-6.41
169.76
-4.43
10.4
-8.1
5.79
33.54
53.93
55.04
30.9
-33.29
7.2
33.64
-0.45
151.11
44.08
-0.01
-60.63
-53.56
11.72
54.67
-3.18
21.51
-25.86
-3.1
-83.76
-101.97
85.6
-63.92
-125.7
-27.35
18.56
13.54
-67.28
-6.66
18.9
-4.74
40.74
10.94
44.75
2.79
-33.02
6.19
5.98
-1.53
1.87
152.37
-5.7
56.82
-59.92
-3.14
-48.96
-1.28
11.56
4.85
113.24
-191.11
-16.07
12.64
-6.27
46.87
-3.93
7.79
27.18
-1.76
6.52
-39.5
0.34
10.47
-13.01
-11.79
10.45
-40.76
9.78
9.81
27.26
7.07
0.33
17.37
48.68
-30.9
-13.2
-8.14
-38.47
-15.77
-39.05
-7.24
-13.81
-72.11
37.66
-3.11
-67.23
-6.17
6.4
12.05
-44.65
11.2
62.26
18.43
45.69
27.81
14.7
-13.52
47.74
-9.24
-49.45
8.91
-2.68
-41.63
-7.05
-4
8.33
13.69
-129.32
2.11
33.68
-22.43
-59.65
1.97
6.35
-9.92
10.42
8.81
-121.54
-112.4
2.22
-10.14
-16.07
-7.67
-7.92
-66.71
1.4
36.34
-9.06
-92.93
52.67
-63.29
-10.06
22.55
2.64
1.19
-15.51
8.93
87.63
-25.15
-18.1
41.31
65.62
-0.93
26.24
-2.86
12.25
37.11
-0.77
-4.02
-61.48
-7.75
0.77
105.49
105.85
-4.77
34.13
2.65
111.12
36.13
13.23
1.47
-10.59
29.96
-8.2
-16.41
0.93
-67.87
-0.54
-4.41
0.88
10.53
130.78
-11.92
-8.47
10.41
37.35
-14.45
5.42
-63.48
91.57
19.58
-43.23
-10.09
-5.78
-4.92
11.58
11.96
-75.14
-26.31
-7.35
5.89
13.62
-172.26
-50.76
-2.9
-8.84
-48.07
38.96
7.85
-114.41
-1.74
-84.1
92.59
20.63
18.65
11.56
54.69
31.07
31.54
-93.7
66.77
-33.47
-86.51
7.07
-134.06
25.26
-48.99
-2.88
-5.84
13.34
-108.18
-4.12
-67.04
10.59
-2.22
-35.08
51.99
51.49
36.69
14.8
16.27
17.83
54.72
18.33
-13.59
87.72
-8.9
-19.62
-10.39
7.45
1.39
-75.67
-8.34
-10.05
-1.3
51.98
-6.46
-15.14
13.63
0.93
29.81
-5.96
2.61
55.42
-14.75
56.84
-15.16
-4.28
-5.34
-51.5
0.71
-3
12.42
27.52
-12.42
6.88
-128.47
-56.19
5.38
-19.48
-1.33
8.64
-12.54
57.86
-8.69
0.16
4.92
-5.46
61.45
-0.06
2.65
7.4
-131.24
-75.37
-13.2
43.38
10.9
62.24
48.73
-3.79
51.32
78.75
42.48
-56.93
23.37
-92.01
-18.82
-130.4
17.86
-8.87
58.64
-14.93
-9.53
22.31
12.43
127.13
23.77
66.01
-0.73
43.21
4.55
26.53
93.65
6.74
27.05
5.29
2.41
-12.72
17.06
9.75
-4.05
-79.22
45.81
20.18
-71.99
-84.09
-93.71
-15.6
-26.85
-29.6
52.16
-99.23
151.27
69.82
-21.36
6.36
0.19
-37.7
-7.5
-45.38
54.03
8.74
30.31
8.84
28.17
15.73
119.36
-175.5
70.84
15.33
-0.07
-56.84
15.68
-11.25
3.59
-6.77
59.61
43.16
55.08
10.33
-52.46
47.67
-16
-4.13
-2.88
66.64
11.06
-3.59
35.73
-12.24
4.39
-37.19
-55.56
-90.74
-11.89
-64.11
-32.01
-55.39
-65.91
-0.77
35.16
-1.92
173.95
-10.63
-20.8
58.09
8.3
-74.92
-12.27
105.61
11.73
-2.7
70.18
34.32
2.29
11.65
-5.29
9.34
3.61
16.7
-5.85
-5.08
-43.35
-8.43
-4.26
-14.35
-7.34
1.74
17.42
4.07
2.39
0
-52.88
-13.27
-63.05
-36.44
-68.96
86.44
-13.83
78.29
5.21
30.52
-2.53
29.6
-66.48
-36.78
78.66
33.82
-14.09
-8.89
10.98
47.04
-57.55
41.59
21.91
-285.48
54.66
-18.45
-12.51
9.4
10.93
43.02
82.2
-11.45
-102.99
68.09
15.02
-10.23
-24.02
10.91
-111.6
-53.01
-3.51
11.39
118.48
2.04
-9.22
1.39
-7.2
20.46
-5.96
82.93
-73.32
54.07
-116.35
7.07
12.47
-7.57
-1.8
23.57
70.47
-15.37
73.73
118.04
0.15
16.6
-16.63
1.08
-49.41
32.76
24.47
13.68
191.36
39.47
56.74
8.34
-57.16
-67.2
1.93
26.66
2.26
-43.08
0.65
78.1
-3.38
71.71
-0.7
-8.53
-3.81
-13.77
-0.53
-10.16
4.52
-3.4
-7.64
3.71
-12.67
12.08
3.09
36.89
86.78
-68.82
29.62
-12.3
2.96
49.53
3.44
54.69
4.85
34.77
-93.08
-69.74
-7.17
8.15
-100.32
12.79
-70.25
-12.1
-0.29
-2.63
-5.56
-40.24
24.73
-5.1
-4.88
7.44
2.72
-2.16
10.85
-4.57
14.79
57.37
6.77
160.14
88.81
22.28
11.54
-0.12
51.4
-17.71
-10.08
37.81
6.87
8.59
-67.39
75.46
-20.68
-125.34
-0.74
0.38
-67.72
-90.49
-6.66
73.91
13.24
12.8
43.07
19.22
-6.84
4.35
7.05
88.69
21.87
63.54
-185.25
36.17
52.8
-22.96
-11.77
27.92
32.05
-27.03
-11.4
-4.26
1.05
5.26
90.87
-39.5
77.68
11.03
-29.64
-12.54
4
104.04
70.34
7.38
89.23
11.95
7.84
24.16
-5.22
2.83
3.97
65.36
-100.67
-77.4
-21.18
-18.43
9.09
-3.38
6.02
-35.52
117.51
-1.63
3.19
16.94
8.22
-212.56
-4.66
-14.7
-12.37
0.36
-87.41
7.95
0.72
-13.09
13.05
-6.15
13.75
-30.68
0.44
7.78
-29.69
17.56
-12.33
-165.83
7.95
-57.72
22.75
-104.64
-9.84
10.91
109.45
-3.88
-11.25
-7.3
-13.2
12.02
-21.97
48.16
-29.78
73.14
6.36
65.22
6.23
18.8
-0.87
15.91
24.99
208.51
7.95
-7.77
144.96
-19.72
-61.57
23.66
56.25
5.43
-6.78
-0.9
-4.57
-283.16
-34.22
7.7
-78.02
-11.57
2.98
-15.37
-88.57
19.84
131.59
0.02
9.08
-42.25
0.86
7.26
-13.47
-7.04
-6.03
55.99
9.1
-6.65
58.27
-21.94
-73.18
-66.95
-6.86
40.76
100.86
-29.54
29.06
-2.88
1.11
13.25
58.69
-24.08
9.84
-25.16
-79.82
0.92
42.31
-6.34
55.21
52.61
-10.26
50.47
-75.94
-3.18
-12
-46.55
22.9
82.94
-0.17
2.94
153.55
30.62
-13.66
58.07
-57.43
-158.32
32.6
-36.92
6.88
47.46
56.27
-170.06
-55.53
14.58
6.47
55.27
-134.11
-13.58
30.15
-9.56
-50.96
-55.28
-50.32
79.65
-0.86
-65.23
3.52
72.4
-15.07
7.62
46.13
8.08
48.02
-42.14
-9.58
-2.59
43.75
-1.21
-21.59
2.56
6.58
-6.87
-38.5
-96.39
67.72
-3.25
43.08
-12.28
7.24
1.89
-71.05
-5.17
-10.8
73.37
17.31
31
-12.3
-138.12
23.42
42.74
-0.08
-45.4
72.12
-22.16
-9.37
-5.24
-52.74
40.16
17.3
18.46
2.42
-4.31
-1.39
-35.29
18.29
-9.64
65.6
-3.57
9.54
6.24
-60.99
6.26
70.89
36.6
-43.35
30.6
76.35
71.49
-15.06
31.54
-14.46
4.47
-13.93
-6.12
-10.45
-4.13
-40.45
62.4
4.07
-54.45
7.18
-62.93
10.92
-81.68
-25.97
9.24
-9.54
-71.14
-8.43
58.31
-4.04
-5.97
-26.86
5.73
-31.3
23.46
-0.64
-17.48
1.96
90.53
6.56
-10.78
114.74
1.03
26.94
3.29
9.85
5.47
-11.27
7.4
29.77
32.95
18.62
-69.84
52.98
-11.49
131.36
-46.18
50.04
51.33
6.39
10.44
-16.24
-7.86
30.32
3.87
157.76
11.31
41.01
-341.76
-1.62
-12.96
-53.06
77.24
68.42
-40.49
22.03
39.26
4.52
34.72
8.13
-40.4
-27.11
27.66
112.71
91.62
34.19
-47.68
-0.73
12.89
13.92
-14.22
20.1
22.6
-44.12
