18.77
-7.81
-27.12
-42.6
17.25
45.96
-50.01
-49.07
-27.57
18.32
-44.2
45.99
3.07
-23.26
-7.28
-12.01
5.97
-7.29
35.69
5.08
4.79
-4.17
1.33
3.81
-3.66
-73.52
-4.3
-1.97
-42.62
0.6
-60.51
-42.97
-2.96
34.14
-8.37
2.82
-48.79
-41.47
-23.87
20.16
-22.33
70.71
-8.33
-0.44
-41.6
72.72
-99.18
68.11
3.14
8.15
10.9
17.54
13.5
8.47
-0.41
19.56
0.4
7.85
-19.42
-8.19
34.35
105.17
-70.98
2.15
-14.29
-7.34
-11.39
95.01
-13.51
-10.65
8.37
-8.9
8.26
3.21
-94.56
158.11
-6.07
-10.58
16.76
1.62
5.2
36.2
10.59
73.2
57.98
-90.72
9.17
-32.98
4.35
-9.78
5.98
-17.41
-8.81
17.73
-20.72
-6.44
-25.27
0.6
-11.83
-8.15
0.45
-8.3
-135.78
-10.71
-5.28
-104.38
-54.14
-66.46
-26.36
0.24
16.34
23.86
23.22
-43.96
-6.41
-55.93
-1.87
-68.71
-25.92
30.93
14.79
7.9
-10.71
78.71
50.24
-1.24
61.25
-90.18
-36.81
6.82
3.99
-17.18
57.18
7.18
-9.08
6.36
25.94
23.08
9.23
-12.48
15.93
32.63
-56.23
-3.21
-0.79
-7.69
2.02
-16.67
16.99
2.42
-13.8
-13.14
-27.25
3.18
-6.56
-10.98
11.71
67.04
77.16
74.88
-112.57
7.75
3.97
32.75
-8.06
26.64
-26.66
10.88
12.66
54.04
12.64
-33.69
-9.02
-31.8
79.35
-29.64
-24.5
-4.49
3.32
5.31
2.82
34.85
9.18
9.96
-23.27
0.62
-42.91
-15.81
28.31
51.87
-14.92
19.65
1.17
-25.6
1.4
-45.83
-1.61
-64.4
37.8
11.36
5.27
40.6
8.32
-88.5
21.48
-1.93
-8.22
-11.2
40.52
-0.12
-37.77
16.42
-5.43
2.21
-12.4
47.86
5.97
36.83
-0.02
-1.78
-8.25
-54.66
-0.89
5.41
33.31
-13.55
-38.88
44.99
-8.05
10.77
124.92
4.98
50.44
-7.43
-14.3
0.12
44.55
26.54
-7.3
7.29
12.54
10.06
-0.05
48.86
-23.99
-15.98
-33.08
26.11
-10.84
13.33
-13.45
8.01
77.76
-94.62
23.58
32.29
9.51
-41.16
-11.65
7.4
5.09
-6.35
135.28
32.61
1.61
-3.54
-250.26
-7.24
0.62
-4.59
-6.1
5.99
-5.37
8.05
-5.35
-40.93
-1.09
-70.37
-4.74
-3.04
11.22
78.44
-14.17
73.06
-0.54
-6.55
-45.15
-7.65
1.44
81.28
-12.48
46.03
-4.31
-38.34
3.88
2.41
-19.38
-9.26
85.27
44.51
90.23
-110.8
10.76
49.03
64.48
-11.42
20.44
60.59
-62.72
-4.2
-25.89
-13.88
-7.39
-1.59
86.83
-10.55
-47.7
7.02
-14.89
-18.79
34.34
-88.59
1.56
159.34
43.85
4.2
9.3
110.04
-30.17
16.44
23.72
-3.37
-259.71
23.59
10.07
-49.81
-48.59
-11.39
7.43
-12.25
-27.56
-17.04
-99.8
-8.08
-6.87
-47.16
-4.25
-105.65
-4.1
12.42
-30.16
-58.8
0.31
1.58
145.33
5.4
18.5
-12.92
-12.56
-19.5
14.73
7.87
7.32
69.31
-7.08
-7.38
21.18
36.14
-11.69
-9.35
-57.56
-0.62
-50.06
76.42
29.38
8.02
15.62
3.3
8.82
84.61
26.73
8.55
-95.82
-51.58
-8.07
-14.55
1.54
44.52
-3.24
10.53
-16.17
5.95
-15.36
-1.18
10.42
39.24
51.89
-10.93
0
-39.43
-86.52
5.43
98.26
9.93
-56.1
-83.73
23.25
15.33
65.23
-18.32
3.74
-4.13
22.91
32.74
-6.12
34.29
46.34
1.24
-46.27
10.99
1.17
66.13
8.87
5.17
-5.35
81.48
-135.1
-14.38
18.24
10.98
3.63
-0.78
2.38
8.14
-32.02
23.97
-43.63
35.1
1.8
39.48
4.98
47
8.48
1.62
9.29
-13.65
200.66
13.82
-10.11
-75.26
-6.62
-5.31
101.85
4.63
-24.96
-3.84
-5.41
-39.06
-4.77
2.5
42.8
76.8
10.5
-11.21
41.21
6.55
34.24
1.52
-4.09
38.91
-4.38
-34.87
-1.35
-30.57
-71.74
5.86
88.96
149.9
52.56
-10.49
7.26
99.74
100.63
-112.38
-39.55
-7.95
17.71
10.53
9.01
15.79
1.08
25.51
-3.99
24.03
3.85
-18.08
-4.79
0.3
-19.58
-27.78
9.51
3.83
-66.42
-70.32
-0.66
-8.76
-2.58
-19.66
24.13
-0.28
28.19
-27.83
-8.78
37.15
-43.2
7.8
3.56
52.75
4.16
-8.38
10.52
7.53
-6.41
-10.66
-231.58
-61.04
8.46
-52.59
184.61
-124.44
-99.2
21.21
4.5
6.9
0.02
1.75
6.74
2.99
5.01
-40.25
43.48
-17.47
8.39
1.17
-11.01
0.17
15.93
22.72
-29.42
-9.89
-22.5
-80.63
19.49
28.33
-26.42
-2.41
-21.66
81.85
-40.49
12.28
87.56
23.2
-2.85
-33.68
4.4
11.2
-21.84
13.31
5.01
5.91
80.21
-31.26
-78.16
-16.84
-3.03
-146.36
13.11
39.29
-16.82
-7.07
32.46
-63.55
76.75
5.96
-38.47
4.98
-89.62
40.12
7.87
-76.93
84.18
-41.43
4.53
7.21
-67.86
-31.39
-5.02
-8.18
10.64
-4.61
8.92
-8.54
8.28
-2.95
9.44
21.52
-10.41
9.91
-5.52
-37.83
-63.97
17.51
-17.18
4.25
10.26
10.86
0.23
-1.08
-0.06
80.96
-6.68
14.06
0.99
107.01
114.95
41.6
4.1
102.94
-12.07
13.74
80.75
-30.83
-21.18
11.72
-18.88
15.24
-19.7
5
-12.18
-61.42
27.28
-23.33
-10.36
7.39
-9.76
-93.12
9.74
119.69
78.97
24.87
4.49
27.97
7.31
30.87
-192.82
11.43
56.28
26.97
-18.66
-56.62
-51.78
-22.03
1.01
-44.91
65.61
22.54
95.46
24.74
33.8
87.72
47.64
12.68
-51.19
28.42
-10.02
17.79
128.52
-3.02
40.73
39.57
12.62
-210.92
8.3
-39.66
-40.11
-13.44
-9.17
-4.54
17.99
-29.76
-10.79
-2.32
-19.34
-7.28
-11.74
-7.19
-10.73
41.25
-0.79
53.18
-13.01
-57.7
10.91
27.82
-39.75
-114.02
3.72
-34.25
34.19
-7.14
-44.81
-10.9
197.97
15.7
9.55
9.2
30.08
-30.49
1.87
17.13
5.77
125.68
-11.13
-56.75
9.44
133.24
-6.96
9.33
-13.12
74.72
18.45
-16.5
12.42
26.22
-11.51
-235.13
-5.02
37.57
-10.35
13.24
-24.58
8.41
-7.39
-3.53
10.93
-5.85
78.94
-12.24
3.57
-31.43
24.11
32.51
35.18
-85.58
-30.93
-64.11
3.06
-60.08
-8.94
-28.03
37.91
-23.07
43.6
-1.49
60.67
45.97
9.46
-10.98
-76.43
-3.15
-51.59
7.89
-31.6
20.9
-65.52
-10.27
-18.67
0.98
-44.2
5.76
-19.03
55.75
-27.17
-18.1
-22.85
-9.63
-95.78
-27.49
1.54
59.81
18.63
-9.08
-53.59
-111.15
-3.82
-5.42
-104.98
-4.66
-41.69
-11.18
1.11
-4.37
10.86
-9.1
107.46
-11.98
6.24
13.01
-1.7
12.36
17.66
5.52
19.12
-5.87
0.63
-50.52
-88.19
-13.95
-57.94
13.05
-0.57
-18.98
12.4
-1.47
48.39
4.53
6.07
-2.67
0.87
-67.34
-98.53
92.78
-13.04
8.91
-5
5.91
13.74
-37.25
-12.06
1.45
9.22
-12.17
-8.3
201.16
-11.25
-9.81
-10.34
-57.26
58.34
-2.73
-33.98
3.45
88.06
-6.82
-7.47
10.85
15.41
-7.04
-9.86
18.75
83.02
-2.23
2.05
-31.69
2.36
-8.69
-1.33
10.14
21.66
6.57
6.32
-8.04
7.66
13.36
-14.26
81.69
-37.46
9.93
0.88
0.8
6.82
-128.98
10.15
19.39
9
0.65
-82.82
-4.91
19.24
-43.69
-23.61
-10.34
-37.33
-10.31
16.49
-52.89
-11.34
8.59
12.45
91.6
-12.85
-9.4
41.69
-31.5
-5.17
7.9
-77.25
-0.29
71.09
3.34
-0.77
35.71
6.23
-2.41
20.92
90.98
2.68
80.18
-73.61
-8.13
-8.49
21.55
-11.77
-3.43
-51.11
-52.95
26.02
11.52
13.91
-12.87
-6.52
-18.62
13.04
200.38
-200.55
-1.24
-51.14
-116.9
-9.76
-1.61
-17.9
46.67
9.89
13.6
7.85
-0.49
-21.94
-31.08
6.4
14.75
1.37
-7.34
-17.71
-8.1
78.24
47.05
8.09
-12.29
-6.3
-6.21
22.41
27.15
-1.01
24.75
-5.22
40.41
-6.32
7.52
-1.15
-6.1
-36.14
-11.97
67.97
-63.9
-18.08
-2.96
68.53
8.91
8.01
9.67
-64.8
142.93
-29.86
176.33
78.8
-11.21
1.91
-215.43
-17.03
-11.27
-10.82
-9.64
2.37
-11.54
-33.72
43.54
51.63
25.57
-22.29
13.2
51.36
4.51
-41.99
-8.39
19.17
-9.89
-32.72
-39.56
6.04
13.22
-8.89
-118.86
11.69
-3.98
4.45
-34.03
14.72
-61.48
4.22
-151.76
-13.85
-33.05
-4.31
60.81
