9.85
61.32
-40.29
-19.47
-5.4
-6.85
68.28
-85.31
72.21
-50.33
75.59
32.71
-17.88
0.69
-3.9
166.43
-40.81
18.29
-188.48
0.63
35.92
4.78
82.76
-16.22
8.66
-1.84
19.37
-9.2
-30.78
-5.08
22.82
128.61
-12.11
-54.77
-4.73
-5.17
5.16
71.39
-62.05
4.31
-6.21
-0.71
-5.44
-8.36
127.46
1.67
-58.26
14.46
-7.67
-8.18
-21.76
-88.93
-0.01
-54.59
57.42
4.08
-19.51
-14.62
3.39
-5
-15.28
-20.48
-5.02
-93.75
-8.41
-12.45
38.1
15.98
-33.93
-4.32
50.15
-19.9
-34.88
-15.32
8.55
-57.07
54.97
-42.49
42.71
-1.05
-7.19
-2.91
-61.82
38.05
18.15
-6.91
-35.84
8.18
107.49
116.29
37.5
-4.53
12.25
-7.76
-9.14
-4.74
7.54
80.25
-5.97
15.34
-121.41
51.64
12.35
-5.5
5.18
-14.17
7.26
4.78
14.15
85.48
46.66
63.45
57.8
-1.26
13.43
-7.98
92.8
-4.58
3.27
-19.54
-1.65
5.73
-1.45
73.62
-19.55
38.55
-7.91
6.67
-13.04
-17.54
53.91
60.22
38.34
-7.94
-83.82
-106.36
-6.55
82.52
32.06
68.34
1.91
-5.85
12.2
15.03
-119.48
2.06
2.23
-7.5
66.71
128.41
43.79
-21.52
-103.93
-72.66
-10.31
4.6
40.94
5.31
-1.65
9.01
17.75
-6.11
13.3
-95.08
2.37
8.55
4.57
-4.32
9.45
39.98
0.79
214.84
-28.34
11.59
11.15
-1.39
0.69
-48.87
50.51
86.78
-4.83
27.06
73.61
-3.91
1.23
55.27
-0.43
2.27
-2.28
-36.15
14.25
-61.35
52.69
-7.93
78.21
-10.36
-34.89
-0.39
-9.71
6.51
9.76
1.63
193.36
-6.2
-10.89
-21.36
-1.57
15.02
3.04
-106.27
-9.79
-4.8
14.41
-105.83
-16.52
9.55
-89.34
-7.31
39.55
-61.56
-2.93
16.52
7.35
-68.75
-7.68
-25.46
-49.64
-7.11
-1.6
6.43
-106.71
22.71
2.3
1.71
21.66
11.15
-38.8
-74.62
3.76
-12.74
192.56
24.58
13.36
3.63
-84.02
-4.82
-68.97
4.14
-106.26
-61.23
12.27
27.35
-31.93
-96.5
9.56
8.85
58.39
4.84
-60.61
68.19
2.05
-36.96
92.42
-7.02
-6.88
43.65
-33.94
-10.92
-7.69
-3.55
-12.58
5.92
-0.24
59.59
-6
-17.5
21.4
78.45
12.16
5.95
-76.02
30.76
5.46
57.94
15.14
9.97
1.02
-17.26
-7.75
-11.46
-41.43
34.04
21.5
17.93
-37.65
-5.87
-10.82
8.2
-4.26
-7.09
26.37
81.43
157.07
19.99
-92.04
-113.83
-0.43
11.05
-3.49
10.19
-60.17
3.04
-11.53
28.28
3.18
11.85
-18.17
-170.38
-44.85
-42.77
-101.53
-8.23
57.79
-50.8
27.33
-159.46
-10.27
-10.73
-6.21
-11.89
24.63
72.76
-8.53
3.73
-1.12
-26.65
-29.41
39.68
54.83
28.77
3.54
10.98
57.71
39.44
2.77
-9.76
-49.58
17.04
-20.79
25.45
-41.26
6.42
7.92
-95.47
12.72
7.68
-3.06
-2.07
97.69
8.22
53.61
109.51
19.33
-8.39
51.14
-9.77
24.36
18.05
-2.5
8.28
-46.41
14.59
-6.85
-30.51
2.31
7.72
-1.28
-0.24
93.56
34.78
-2
19.97
-65.38
-7.66
-20.22
19.57
-3.82
13.66
4.78
-5.27
1.8
-96.11
-64.32
77.22
-6.28
-0.31
2.89
9.6
167.05
-1.54
5.88
335.63
20.34
-5.32
10.61
13.09
40.21
87.53
-42.87
74.77
-100.69
120.05
48.8
-0.55
6.49
49.42
-6.94
-4.38
8.49
-11.55
47.69
-13.75
5.31
-7.84
70.86
-2.98
11.65
-42.44
23.67
-11.7
-7.5
1.77
3.58
6.45
-4.46
56.7
10.23
11.79
-42.9
1.08
-4.95
-110.65
-14.04
-25.35
-96.39
14.7
10.18
-16.48
55.01
10.03
18.45
47.39
0.81
2.71
-62.53
-21.74
-2.38
-5
12.33
-15.52
2.41
-3.41
19.61
2.14
-1.45
9.31
8.74
77.56
9.49
59.55
8.87
2.22
40.56
91.22
150.98
35.07
-70.95
-32.21
-3.03
-9.41
-84.24
-75.98
8.7
77.86
-11.39
-48.31
-1.83
70.81
95.14
8.63
30.78
49.78
-6.91
-5.93
48.9
-12.98
-17.76
-12.8
-11.08
126.41
29.3
-25.21
-19.68
-39.43
4.77
19.66
-37.33
13.56
32.59
2.3
-80.7
-42.2
-172.45
-13.36
7.2
27.58
-28.28
41.3
-0
-109.91
-3.28
45.53
20.01
-55.44
-95.73
-41.62
10.77
-36.15
-2.61
25.65
48.12
-22.15
45.69
-62.17
59.65
7.8
9.21
-27.86
9.3
-32.22
29.64
62.07
-45.85
30.94
39.32
-39.6
43.65
0.07
-99.83
-1.57
54.56
-65.68
-97.01
-171.96
-7.49
-80.19
5.44
-119.12
13.45
-7.27
67.81
87.8
-1.56
42.04
26.68
-7.22
-8.15
80.79
-11.06
-63.62
-8.69
-6.25
45.1
45.93
26.07
-64.93
-13.47
-11.38
72.16
-13.43
37.39
6.79
30.24
-21.24
-27.82
-58.83
34.93
-15.19
5.32
6.52
6.91
14.33
11.64
-10.22
15.96
8.67
-4.07
-7.24
-30.32
-4.41
25.95
21.2
-9.94
51.9
9.57
10.14
-18.02
9.65
36.77
3.41
18.6
-10.14
-12.03
-15.33
-61.46
16.5
8.72
-15.72
-36.69
23.59
-49.74
-9.86
-17.77
-5.37
29.28
5.32
-9.76
-11.62
-51.93
5.81
-14.88
-14.53
81.84
1.71
1.07
-77.28
3.49
-8.57
53.5
6.65
-91.9
-24.18
-118.2
4.44
17.37
139.6
-32.79
-9.48
-1.63
2.24
-1.61
4.42
-70.9
75.08
56.85
1.88
-12.51
8.16
-7.02
32.71
25.44
-10.14
-42.69
39.87
146.92
-6.21
6.39
-16.53
52.67
16.17
-49.16
-19.36
-74.03
-11.92
29.11
11.18
-10.54
116.9
-11.34
-10.62
27.94
9.58
72.69
9.65
-152.54
-26.87
-41.93
-37.34
160.96
-18.08
-27.35
12.3
-10.24
-31.89
24.21
25.65
83.76
1.3
1.94
55.86
7.49
35.31
4.27
75.37
45.27
37.23
-14.32
10.44
-1.03
49.33
11.11
76.1
13.88
75.05
-19.56
-7.75
-6.34
27.28
-2.8
-49.68
28.82
12.4
11.51
1.24
32.75
16.51
2.36
-60.45
-54.77
-61.81
-30.98
-3.89
56.54
57.5
46.5
-32.79
-36.04
-2.08
12.27
55.72
1.46
38.49
-3.9
-5.53
85.53
-0.24
9.95
-13.82
-4.77
-115.07
-15.67
-57.37
-16.25
3.58
4.51
89.82
16.22
55.27
-44.61
-10.93
7.7
-3.5
-36.63
10.57
8.27
-1.37
58.19
23.6
0.37
-54.17
51.37
11.85
-13.27
-12.2
80.07
5.21
-4.1
105.17
105.37
44.97
25.52
14.42
-26.77
-16.44
-57.8
54.23
-49.5
-62.77
-143.42
3.93
252.11
-1.94
-0.25
-19.34
0.66
56.64
14.45
27.2
5.26
10.27
-13.9
133.76
20.17
6.81
-168.96
101.69
32.95
-48.7
3.69
-213.49
5.29
-61.65
-16.54
21.39
-16.45
14.67
-94.73
-5.45
80.55
-7.66
26.48
-116.37
6.83
12.36
15.69
-4.64
-8.37
-40.01
2.21
20.99
6.81
3.27
15.99
14
71.99
-1.52
109.33
-110.33
13.64
10.11
63.52
-46.85
15.29
129.04
0.34
4.89
16.69
-2.28
9.53
9.65
-28.83
11.83
-20.53
-44.25
12.76
63.67
-6.52
82.32
-106.49
74.26
13.82
87.81
-35.9
-3.12
7.79
33.08
-7.34
5.84
-8.88
13.47
-5.57
-144.62
104.89
11.94
0.26
68.42
47.28
-15.12
-24.29
-25.98
-11.5
11.42
25.48
46.77
-3.73
8.38
-6.98
-22.93
98.48
59.37
35.29
-5.06
6.52
-58.51
-6.57
-17.49
2.05
-72.88
-9.21
-8.45
-38.86
-6.72
-5.52
-94.34
1.16
-5.54
93.19
-8.05
89.64
6.35
12.16
-13.55
-0.74
-6.22
11.31
-44.03
-13.95
-8.92
-14.94
10.51
-109.51
-54.08
-87.04
-3.41
-123.72
48.63
-9.49
37.73
-10.97
42.37
-22.33
-12.64
10.75
34.14
74.37
-11.74
106.49
2.53
43.56
-30.79
8.45
5.6
11.73
-6.29
7.66
-31.22
6.53
-1.58
1.29
-70.74
-15.21
14.48
6.22
72.73
-8.05
33.83
130.29
12.71
14.18
267.76
-272.15
63.32
20.63
-33.49
57.25
8.83
12.44
-2.03
0.8
-1.54
-32.18
-62.1
146.16
-18.69
30.01
2.94
-177.92
18.85
-4.02
-3.04
3.36
-18.21
-8.68
67.58
-131.6
-8.98
-12.44
-10.99
52.1
7.92
12.22
-76.88
-19.17
-16.8
16.11
5.23
7.7
-49.2
-7.27
142.38
16.27
-60.36
-24.47
-5.61
-58.07
-12.08
42.81
-141.46
8.5
3.56
31.63
107.75
10.42
-11.04
-17.65
-8.17
-3.48
11.9
3.84
38.02
0.21
3.71
5.7
-12.71
