-11.43
-15.78
23.86
35.46
-114.23
3.61
-44.91
3.82
-27.31
-8.59
70.82
-28.43
20.57
115.84
6.67
3.66
-30.11
-112.44
117.77
-1.85
98.06
-49.32
-5.2
-31.76
-60.92
33.05
99.55
61.99
9.47
-10.53
49.73
33.18
-4.5
57.48
50.55
66.42
-7.8
-10.1
-3.3
22
15.29
10.65
12.16
2.05
0.05
113.06
-0.3
5.91
-59.31
8.08
93.69
13.46
-8.94
-9.44
0.02
-93.62
40.41
24.12
-22.89
-0.07
41.11
-9.64
17.96
-10.25
4.57
78.97
5.3
-50.42
-12.79
5.08
-53.14
-11.33
27.72
15.69
11.94
-22.39
-3.25
10.24
11.06
-23.52
2.9
-8.35
-10.65
59.13
-63.39
4.27
-4.25
-6.8
25.97
12.5
12.79
-0.01
-9.5
-1.37
46.03
-10.2
14.51
-18.1
-8.86
16.2
-1.2
5.57
-69.64
-3.6
-6.7
-7.87
-7.68
-13.91
32.58
6.56
7.32
-33.41
-120.04
9.51
108.93
-13.51
-84.8
40.64
-3.8
-9
-1.88
-8.87
3.92
10.35
15.4
44.81
30.93
54.76
-39.63
-6.15
-18.65
-12.68
19.87
53.43
64.26
20.17
3.96
-30.39
-13.08
-10.59
-30.88
4.09
-104.62
18.1
57.53
-142.36
23.88
90.82
21.65
-11.31
-13.79
-9.15
10.4
-4.99
31.8
2.11
82.49
-7.15
3.84
-94.19
91.16
-8.61
-15.41
-15.74
-16.77
-48.11
79.51
16.66
-52.31
0.79
95.65
12.17
19.59
1.83
59.12
-26.39
88.03
-6.51
-2.63
28.04
6.39
-2.62
-12.84
-10.16
-8.86
-9.03
-90.23
-66.17
2.77
-1.25
49.26
4.15
-24.56
12.34
35.33
6.74
5.99
-19.79
4.85
-42.36
-14.91
6.71
-9.98
69.33
-1.99
2.85
-9.89
10.93
-11.32
10.88
-84.28
4.07
-4.7
-3.06
-4.08
-8.27
7.83
-8.37
-206.18
-0.99
10.09
4.24
23.28
31.38
19.87
-6.8
-109.79
-3.09
30.85
5.46
-99.36
1.81
43.37
10.03
-13.53
12.78
95.93
25.68
0.41
-5.73
-24.67
-9.69
6.51
68.82
42.48
-10.58
-57.52
7.97
12.37
75.97
-96.78
-7.33
48.13
-20.45
-17.23
-34.72
18.83
3.81
17.91
0.42
-21.82
14.22
88.59
65.79
-65.39
-38.89
0.21
-52.05
-9.09
-75.97
4.5
-4.95
8.07
106.34
-41.01
-9.48
-18.12
5.67
95.57
64.67
57.52
15.67
49.11
-14.97
-54.77
-11.48
37.16
52.41
-25.97
-2.34
-2.41
-50.41
-7.9
18.34
43.04
10.34
5.8
44.3
105.23
-101.75
5.94
2.36
9.04
-32.21
-9.79
77.33
-49.85
-11.69
3.81
-53.99
2.62
-63.8
47.95
-98.91
39.47
5.67
3.96
59.96
9.59
43.31
8.15
89.31
13.18
147.65
2.57
4.96
-48.7
10.74
-13.73
48.02
1.21
10.81
-10.54
-1.45
21.56
3.11
71.62
43.26
4.34
35.51
-25.96
-14.93
-0.56
28.13
-22.8
23.06
-19
9.87
16.38
1.22
13.25
-44.92
-105.06
0.9
4.51
-18.04
2.77
-7.38
63.72
29.72
65.1
-10.3
44.41
-81.48
23.8
20.94
4.56
-0.56
81.32
8.51
10.39
10.58
2.56
69.31
-12.4
-67.63
66.66
64.99
-43.79
71.79
-48.96
-43.05
-23.93
43.6
6.24
59.27
17.27
0.44
9.26
-8.22
-29.67
-17
-146.53
65.55
41.02
-180.91
40.21
77.8
296.4
33.39
10.51
111.92
11.89
9.91
1.89
-4.51
-0.46
9.85
49.27
40.73
-36.37
-2.05
135.92
-12.89
-0.84
-5.79
-36.8
-26.26
-3.07
-8.69
-90.59
-6.38
82.25
-10.4
82.13
24.54
-31.56
128.68
50.45
-10.61
1.52
-43.55
-11.19
-5.6
-14.63
5.18
1.87
50.62
1.66
-4.66
-7.9
-6.45
50.83
-3.8
2.02
-37.54
-1.73
-58.36
47.36
14.82
-24.2
98.6
79.06
-15.59
-23.53
-49.01
25.34
4.59
76.71
3.76
-8.19
-1.74
-12.34
-3.9
10.51
-11.52
-16.78
-40.66
-2.38
7.99
30.73
-9.99
51.05
-7.52
-9.42
7.88
21.75
203.68
-13.88
-8.75
12.59
-37.47
-1.83
66.95
-20.9
-30.42
-10.65
13.06
-3.48
6.5
81.63
-2.57
-161.98
16.08
-38.15
-68.07
33.62
-12.38
-0.29
-31.9
4.43
14.11
-10.49
14.58
98.71
-4.02
-70.14
-41.08
25.36
0.85
116.43
-5.98
42.5
44.67
3.88
-1.6
7.36
9.9
53.24
-14.01
10.1
82.3
-57.2
-14.99
31.41
33.44
-16.31
5.21
19.22
11.68
6.56
12.21
-3
-7.86
-7.02
29.29
97.11
8.3
-31.51
-8.98
-0.98
-12.5
-70.55
-7.31
-10.57
21.36
35.57
5.06
-8.54
-5.94
-72.88
-12.43
80.69
7.82
93.84
101.65
5.53
-34.04
1.25
36.79
15.66
-11.67
-8.17
75.85
-56.12
-0.04
53.52
92.74
-4.5
-7.07
-8.22
129.67
-37.57
-1.23
50.68
-99.1
-42.93
13.56
-2.98
0.16
1.7
-6.55
-0.07
-27.2
-51.64
27.2
-88.18
15.79
-71
35.17
-7.77
79.55
4.1
39.29
-88.07
-4.93
-2.06
-2.35
1.13
12.14
-5.55
97.39
-124.64
15.18
3.45
12.99
12.74
-10.64
-14.48
20.42
-11.58
-8.18
-4.09
69.65
5.03
9.1
-19.44
10.77
-1.73
-74.87
-4.68
0.62
11.63
-6.79
-4.01
-22.17
1.5
42.84
-3.25
12.74
-11.67
-40.12
12.38
0.47
-1.99
79.48
-53.59
-26.57
-19.68
10.54
-87.73
-31.36
-56.68
0.45
28.82
-5.16
-0.21
-48.91
-13.57
-22.34
124.82
-0.91
-35.68
-11.89
-10.21
-6.83
-36.25
-4.9
-66.28
26.79
53.99
8.43
-43.67
100.84
10.62
-13.91
0.99
-45.23
49.95
4.82
-6.79
-10.72
-6.23
-4.82
5.67
5.74
3.04
12.11
-20.83
22.7
8.82
-6.57
8.97
-23.53
76.3
18.37
-24.6
3.24
-38.93
9.57
-5.5
17.15
23.63
1.6
88.67
57.83
3.41
7.46
-6.01
7.62
11.52
-90.91
-0.55
62.26
-8.39
12.75
-6.63
22.6
-82.11
8.33
-7.58
-12.61
3.02
50.37
26.4
19.47
-20.8
-22.06
4.73
12.01
0.31
-1.3
5.77
-11.83
36.39
-1.06
-14.34
6.25
8.16
6.42
-47.68
11.56
10.64
14.55
-3.14
-31.45
-3.81
-5.35
52.07
1.14
-82.97
-3.2
-10.08
11.66
53.47
59.44
3.18
-7.13
70
25.86
4.29
6.48
-4.3
-15.43
10.1
-165.46
-6.91
-2.71
-10.99
38.31
-22.01
-1.75
-78.49
32.77
50.14
126.67
-8.21
40.27
13.92
-15.48
21.29
5.52
51.72
12.71
95.4
-0.44
3.61
-4.39
-226.81
22.24
-64.65
-5
-51.21
-72.49
-47.91
12.89
21.98
188.82
-9.16
-14.79
1.05
93.78
29.62
44.32
-9.83
26.69
-22.26
127.11
19.08
-109.28
-11.31
-51.54
2.83
-5.42
63.31
-57.33
-6.8
48.66
98.81
-48.51
-5.99
-3.5
-7.38
-7.02
91.09
-53.93
-2.08
-169.82
-2.14
-1.58
3.35
-107.2
-16.36
-65.32
-58.93
115.15
-9.12
42.08
-76.79
-47.17
-9.64
22.75
16.73
-17.43
8.47
-0.27
36.55
-27.35
-1.72
12.41
36.59
-5.75
-22.62
-9.42
5.14
-3.19
-22.97
-122.38
-18.91
-8.82
39.72
-8.2
13.75
13.51
13.56
-45.58
-16.68
-8.95
5.56
2.02
80.51
-26.06
-13.02
5.67
-14.54
-13.2
4.05
42.13
-31.65
12.96
125.47
-18.31
-8.61
11.7
21.3
-17.34
15.29
11.49
-3.62
14.06
-9.73
-24.18
-97.82
105.32
133.6
-10.32
56.74
-9.61
89.75
45.74
-97.88
-111.21
-1.42
-31.03
74.09
-77.32
-9.88
-153.54
65.36
36.56
8.42
11.53
8.4
-43.29
61.88
9.93
-3.86
11.3
-11.34
9.51
-3.05
-19.11
41.75
-67.84
-5.19
45.41
-47.79
-7.56
6.37
69.06
-118.65
-35.16
43.2
-4.65
27.49
94.84
45.7
5.53
-23.05
30.24
-34.52
-126.42
0.21
5.17
-19.46
-2.75
13.7
1.8
-9.98
-2.24
38.77
-25.55
-8.83
145.37
-39.36
-105.6
-5.25
-9.61
-5.95
-11.55
-7.32
-22.7
-28.83
-39.04
-2.83
11.87
64.38
-26.87
-41.12
-170.92
-9.6
-5.6
21.64
7.33
-0.67
-1.51
168.95
59.91
86.42
-2.48
0.78
-4.42
-0.2
-0.68
-4.65
-56.17
13.15
-43.2
-15.85
-7.47
-9.56
7.97
16.89
-0.53
0.13
-7.32
-7.29
6.97
4.07
-12.63
5.5
12.57
-11.93
6.35
-12.01
1.91
-14.82
-84.66
-231.02
-41.54
112.43
-121.67
5.61
5.9
-17.97
-4.61
44.46
4.9
-92.81
50
0.38
14.77
5.58
81.86
15.3
5.3
-37.83
47.36
22.28
-9.84
6.92
-46.76
-36.65
-8.63
