-46.4
-15.61
67.68
10.3
-84.08
-28.39
54.41
-28.63
-13.9
-39.33
5.76
-1.87
-4.27
6.11
-20.57
23.06
56.51
-82.42
6.86
-4.51
6.18
-57.13
-56.13
-5.4
5.53
-102.97
3.86
4.8
-11.02
7.8
9.55
-5.97
1.04
-1.82
0.98
-6.47
-10.47
-64.73
-10.86
-0.1
-98.28
40.45
61.69
-7.78
-103.99
14.05
45.73
-19.6
9.28
13.22
21.34
-13.14
8.74
-78.83
-18.9
6.76
12.17
-8.24
-7.22
78.85
10.33
-21.76
-115.64
-36.05
-4.68
123.39
-79.37
9.79
-56.9
7.37
29.32
-16.15
8.04
51.57
-22.95
-9.55
3.35
-47.03
-4.72
-53.42
-40.1
5.65
14.95
-3.8
0.5
-17.49
24.82
5.25
-59.56
301.19
-52.84
-5.56
-1.97
9.48
76.92
6.05
-26.61
9.88
26.45
-5.48
-10.89
3.33
79.68
175.64
-32.33
46.43
-8.98
-113.03
-0.41
4.93
4.75
-90.37
67.52
28.98
0.24
-71.4
-14.33
-72.27
4.04
4.05
-5.92
4.45
-15.67
29.95
24.84
10.38
-2.18
40.59
-1.92
17.49
2.11
-2.35
-130.73
-11.52
-9.7
0.33
-70.79
-5.03
-5.23
12.58
10.72
34.2
0.76
-35.24
7
-27.18
0.85
-37.37
54.06
-13.39
-169.19
-12.98
-0.32
-13.83
1.05
6.66
-2.92
-67.94
20.46
-47.41
-6.82
4.38
105.14
3.11
-32.85
-18.81
-23.18
124.99
-6.37
9
12.78
-11.6
13.63
4.91
-15.28
-74.38
4.14
55.95
110.17
-2.95
6.93
155.8
27.66
5.85
-0.85
-86.46
-1.28
-7.84
50.05
10.46
67.52
-4.39
7.76
-2.65
6.77
-3.14
53.09
-4.39
-20.08
-3.05
-202.69
5.17
16.06
69.06
4.5
-53.02
78.9
-3.24
-39.33
-0.97
-16.61
-9.03
-45.05
-108.3
122.38
-7.02
-8.03
-52.02
22.65
-21.49
9.33
90.02
-21.14
-71.33
-8.49
43.24
-5.41
-178.89
-39.73
-12.43
-0.45
115.98
-7.21
-69.58
45.74
-41.45
0.66
5.11
11.31
-11.11
-22.9
48.17
39.18
-72.55
8
48.5
-33.44
5.66
-8.64
-3.96
13.78
-7.85
-1.71
-72.09
54.26
12.98
5.2
68.25
92.11
-2.51
25.88
19.91
4.93
-46.73
4.36
9.12
-6.92
37.27
-8.9
3.41
-48.54
14.13
138.86
46.54
52.24
-10.61
-70.67
-48.56
63.94
2.14
8.55
70.33
-28.45
56.44
1.8
-20.92
8.63
33.46
12.58
29.06
-11.79
8.17
5.97
32.81
96.49
-6.28
-4.87
5.41
-22.29
-18.53
-11.97
-32.45
-1.19
-12.88
-2.95
-20.76
-65.59
-5.07
-2.42
13.8
10.35
-35.03
22.28
-1.96
148.18
-3.65
28.89
-0.3
-25.48
-10.85
36.44
-16.51
-124.99
-11.99
24.83
4.46
-9.13
-64.39
-2.95
8.9
-75.9
-6.91
-8.21
10.77
4.14
36.58
3.73
-32.89
12.86
18.49
26.52
2.06
78.55
84.19
-11.38
3.53
-68.35
20.68
6.84
7.94
-9.29
64.14
-18.58
-41.1
41.09
-12.2
-4.8
-66.47
1.44
-13.17
-25.82
-22.88
68.35
10.46
4.47
59.79
38.16
-25.93
36.17
34
-15.48
18.33
-37.19
84.04
28.64
2.89
-9.07
-20.61
1.82
6.53
-22.12
-22.16
-12.64
3.49
10.04
16.9
9.61
11.55
-76.76
-108.05
30.94
-125.52
5.92
-33.56
12.43
37.69
85.44
-25.91
-13.82
-6.23
-32.04
-31.87
-13.99
3.27
-50.22
19.42
-54.38
-10.16
64.52
-45.93
-69.51
-0.16
-24.24
5.74
-68.54
14.46
-37.86
-96.93
31.33
-39.28
-6.27
15.48
40.96
-4.43
-65.71
-1.42
62.69
8.8
-62.79
6.67
9.57
-19.17
-5.8
-14.96
-47.05
10.59
6.47
-29.38
-9.73
-7.69
-123.63
37.7
2.41
14.01
-29.21
1.94
-20.38
33.86
-88.65
-6.77
5.65
10.79
45.37
57.7
-4.48
-105.15
4.6
-5.66
2.44
7.59
14.32
-10.96
50.41
2.43
58.7
-5.79
22.87
-90.73
-8.93
5.73
11.06
-4.85
-5.23
-8.63
-15.9
42.76
-107.83
41.94
55.4
7.8
-5.42
6.81
5.61
32.56
0.68
-25.12
-12.77
41.06
12.84
54.62
6.81
0.25
-20.51
-50.62
61.6
4.6
-12.6
-45.16
221.12
-98.1
1.02
62.05
5.65
-32
75.66
6.89
45.86
-29.56
-5.22
-4.76
18.4
-16.42
-60.27
43.15
-8.71
78.3
57.77
-97.59
-32.55
-5.16
-10.32
28.7
-2.28
-5
-1.5
73.77
17.71
93.92
59.91
40
5.26
-71.54
131.32
9.93
10.3
64.11
9.73
-0.77
-10.16
104
38.94
10.39
31.38
-7.54
-37.54
-30.79
23.73
7.25
-0.37
23.23
-9.51
1.45
41.96
16.12
-11.46
0.49
-16.87
-2.39
-10.29
-10.88
-3.98
-69.3
-48.79
159.36
-3.03
5.21
-82.36
9.12
0.37
22.15
41.32
35.58
-18.28
39.76
-11.14
-7.34
13.91
15.84
-12.96
10.49
-7.46
-103.94
15.57
-106.32
16.3
-91.94
-1.34
14.4
-3.41
1.75
-7.74
10.69
-9.69
-14.67
4.09
41.68
28.73
-15.28
59.45
-34.63
63.3
-2.37
-63.89
-120.35
-12.68
54.57
-101.15
45.26
-171.49
11.37
-117.28
-17.87
-9.9
121.91
158.22
-25.94
53.75
67.17
57.18
37.37
-5.87
-3.34
16.99
37.89
-48.4
15.16
112.26
-32.05
-6.73
1.35
5.34
66.34
-56.1
4.03
72.76
19.64
0.89
-13.5
-15.99
-99.65
-13.22
-36.92
-35.4
-65.07
18.07
2.3
39.34
-127.39
-5.05
-4.16
58.69
15.22
-4.94
-1.75
-12.92
9.68
0.13
-50.61
19.76
29.52
-13.45
3.59
6.08
13.78
8.11
6.35
17.91
-61.97
5.38
-43.78
4.15
20.56
-93.67
-12.43
2.35
18.06
-8.77
-7.32
-0.89
-41.02
-5.73
-31.62
-55.73
-9.83
8.52
-4.16
15.95
-11.31
-98.26
16.43
14.36
7.28
1.14
9.92
29.38
50.47
10.93
31.53
-52.7
-24.61
1.63
13.2
-0.54
-15.32
1.35
39.29
100.46
-27.18
4.62
-55.84
57.35
-7.32
-81.45
38.88
-9.4
22.97
28.52
3.39
120.33
40.98
7.51
-3.17
-23.81
-0.7
31.55
5.71
-51.45
23.05
-0.46
10.94
-2.71
14.74
-4.9
-25.14
3.86
-48.67
-27.01
91.46
10.16
-12.83
41.21
-31.03
-0.6
67.05
-30.06
-20.73
-9.7
-21.99
2.74
65.69
-14.8
-27.89
-10.2
45.14
-3.29
-38.54
-24.17
84.61
3.87
7.19
-53.47
9.43
-103.37
13.23
72.02
-9.12
-62.24
-14.78
20.1
9.11
-83.62
-52.59
112.8
-12.37
-21.97
7.37
16.29
55.89
6.24
77.16
-77.86
-28.9
13.55
-10.68
6.41
-6.28
88.87
15.07
-3.11
16.39
-12.4
-26.91
71.2
25.67
-1.22
-27.1
-108.12
-5.83
35.06
114.18
-3.91
-8.33
18.38
19.84
-97.88
70.9
42.6
-4.77
25.38
31.84
26.91
7.31
-71.06
13.77
0.68
29.54
-107.75
11.14
8.05
1.3
-13.26
2.87
14.26
1.32
2.84
-7.56
1.61
19.61
-22.43
7.26
102.9
14.47
13.76
49.5
54.71
9.84
90.69
103.86
-5.27
31.77
75.2
10.44
-1.42
-23.43
-12.44
-5.03
97.76
-38.23
87.42
48.45
-35.95
-12.74
-6.58
-0.19
26.75
-1.39
-58.01
3.55
2.53
34.62
-15.62
-23.9
13.91
-5.14
-29.48
-7.56
10.58
0.43
7.12
-6.32
-7.82
-51.37
6.06
71.83
4.8
6.9
25.84
30.7
-9.94
-32.66
173.95
-3.03
-14.14
5.45
-90.71
-81.34
-34.99
26.16
31.6
6.19
-260.44
24.47
7.99
-95.35
63.85
-9.26
17.46
109.05
3.36
47.98
54.44
1.73
-33.29
-50.57
-81.71
35.18
-63.23
-97.02
-58.29
-4.88
-8.66
-127.26
26.16
-15.01
-7.29
-4.44
-36.91
-5.52
52.24
-31.7
-28.11
-20.88
-33.36
19.88
31.54
-47.11
-0.4
-97.47
26.88
-3.71
14.51
39.79
-7.06
45.68
-1.17
6.39
-91.01
-30.81
-6.09
-146.54
82.43
-8.08
-38.05
17.34
-13.47
24.23
42.56
11.49
-5.15
4.12
14.49
-98.63
109.92
-38.41
16.61
2.13
-16.53
-83.95
-9.81
2.73
-9.29
-19.17
-94.69
22.75
-74.99
2.22
3.42
-5.46
25.86
40.68
-40.67
22.63
0.16
-56.93
-23.03
-7.34
-88.25
-1.34
-20.47
-3.67
23.02
3.9
2.47
157.05
-37.27
-0.92
-6.99
-64.63
3.38
13.94
9.38
60.99
66.38
4.95
9.05
47.95
30.4
-6.3
52.77
-8.17
-37.63
58.24
-13.34
105.38
3.41
-23.14
-9.35
5.7
39.86
-105.81
-4.46
-47.44
18.78
-12.01
3.38
1.59
8.37
-14.27
-4.9
-5.04
39.33
-21.19
-4.18
1.13
