-56.63
-35.29
53.57
-121.89
41.57
-34.92
-0.18
10.59
6.74
-29.2
20.24
-5.47
8.56
23.52
145.71
-40.4
-5.27
73.41
111.47
4.31
40.43
-92.54
5.59
-35.68
-11.13
4.04
29.83
-1.21
23.5
11.2
-8.11
-17.22
-4.84
-4.17
-71.54
-28.8
-18.55
5.36
15.76
-5.61
56.67
20.15
-4.84
11.87
-11.94
13.21
-4.24
13.49
-32.91
-13.44
55.61
35.26
-5.14
-9.71
1.05
-1.35
38.93
-8.86
19.12
78.91
50.79
-118.08
-15.98
-65.97
14.6
-11.13
19.2
-3.99
-10.18
3.37
-166.42
-82.54
73.98
11.56
10.01
-18.44
66.93
-16.69
11.58
-55.6
8.25
39.33
-49.77
22.54
38.41
-15.81
-3.43
69.55
103.16
20.34
-3.69
-13.26
7.43
17.95
11.56
1.47
-11.39
48.25
19.55
-5.1
19.46
-55.16
32.08
-12.27
-2.87
-125.15
-38.64
8.37
-44.04
-42.24
35.65
-55.5
-1.95
12.63
53.17
-31.8
-29.5
-29.24
-88.67
-15.8
12.55
-6.74
8.74
14.09
22.62
60.99
-35.51
8.59
-3.39
61.96
-9.38
81.53
34.8
-20.99
71.61
8.33
12.65
7.15
9.94
6.46
10.11
-119.74
5.35
14.27
11.16
-62.77
-11.27
-2.66
37.07
18.31
-40.12
53.66
-8.26
-53.21
-11.52
6.82
42.12
-100.92
-8.2
0.91
8.7
9.99
3.94
-38.92
133.67
58.33
60.01
-11.19
-8.44
50.88
-58.11
97.54
-7.81
-92.12
-33.12
-7.18
117.96
62.48
29.53
50.57
-4.51
-76.59
116.37
-5.42
33
-232.87
-23.47
-101.28
-1.14
-11.89
-68.61
19.17
39.86
6.51
-3.72
-9.59
59.97
-2.85
-9.28
11.48
-14.74
1.5
24.96
27.96
10.22
19.55
-29.9
52.75
60.85
-25.66
-90.55
15.01
97.57
44.06
14.48
2.65
-64.96
16.51
25
-5.87
42.24
9.45
10.18
123.15
-0.28
64.86
-1.41
-26.65
-74.51
63.28
-29.93
5.33
45.87
-5.89
47.74
4.07
19.31
33.12
51.23
100.49
-93.29
-32.59
-22.88
40.09
-79.67
15.24
-11.06
22.62
54.71
-407.25
-47.66
-5.87
4.52
-62.94
56.87
5.47
19.53
-7.3
21.73
1.19
-15.3
44.81
-68.58
-59.58
-101.1
41.11
-10.47
-10.48
-4.3
10.75
38.76
-73.07
-64.13
-5.7
7.57
-9.95
11.55
-11.61
-86.33
23.09
18.25
-14.2
18.91
3.36
43.51
4.02
-8.25
-54.46
-9.48
2.64
4.18
41.53
86.73
124.4
-33.92
0.02
6.73
-55.04
-2.8
-128.78
-4.34
-101.35
-38.84
32.56
-14.22
42.55
-0.71
-35.28
-17.73
8.55
112.47
-4.3
-26.58
15.8
16.63
-18.23
-7.55
13.56
45.66
156.34
-87.83
-10.52
78.68
86.8
130.93
30.04
1.61
55.09
-62.91
-37.41
-9.63
0.96
9.82
12.57
11.34
34.45
21
7.51
50.65
-47.2
-12.13
109.29
49.2
-18.09
5.11
-8.72
-15.46
-42.57
-13.33
-6.95
-7.72
33.45
71.18
1.52
-17.99
31.97
4.95
-1.57
-8.64
82.47
17.73
-1.76
-27.3
33.84
10.76
3.72
76.93
-13.1
-58.98
92.55
39.8
-0.2
-4.68
37.04
28.41
-19.9
132.11
-47.56
51.13
-4.05
-84.04
36.62
-9.67
-14.51
91.28
-46.21
22.23
4.24
1.59
220.69
-18.86
2.9
-6.53
-60.22
-5.63
27.57
10.71
4.79
28
-7.64
21.87
11.3
-131.92
2.62
30.88
-4.02
-10.4
-36.86
225.71
4.4
-49.29
7.22
-7.53
-58.88
-0.58
4.36
10.86
-57.39
-46.57
-57.01
23.26
86.3
-19.19
88.97
5.13
9.41
39.7
-2.1
-6.72
-16.94
-50
10.75
8.74
70.59
3.99
-10.74
-1.38
68.11
33.71
14.91
104.48
-18.29
1.62
-16.43
-1.84
-119
17.57
-4.05
-19.24
1.86
18.92
0.41
11.97
-5.89
24.66
115.81
3.42
12.16
7.21
44.87
-29.09
5.49
5.96
-2.72
13.8
-24.93
-46.44
-270.87
3.67
-10.55
9.77
3.16
-15.71
5.59
-8.59
-38.67
-22.14
-6.14
-15.25
-64.87
8.27
3.58
109.41
-0.88
90.08
-6.92
15.34
10.94
-1.55
17.33
-1.9
1.82
-18.89
-12.88
8.01
36.09
84.1
-6.6
-5.01
-14.68
-10.02
-59.64
-142.45
-11.04
33.9
-50.14
-72.78
-7.44
86.88
20.43
9.79
-103.05
11.28
-24.88
-6.87
-5.77
20.02
-0.73
126.96
60.44
63.32
24.06
296.88
15.01
-10.22
46
-12.3
-23.62
-1.28
60.54
5.55
24.23
-44.41
-122.99
12.63
40.78
19.15
-19.53
-8.16
7.81
76.04
29.24
-10.11
63.37
-59.3
-13.76
53.71
11.15
47.92
-231.89
-27.32
2.98
-77.64
44.62
20.96
-75.23
11.8
12.63
0.69
4.63
49.99
67.99
-10.03
21.25
-8.13
-5.07
11.78
-120.8
-34.57
70.64
22.05
86.6
-10.53
53.06
-45.63
48.85
-0.21
-7.21
21.82
20.6
144.5
-4.1
-6.11
-3.64
84.62
1.29
38.29
6.13
108.72
-69.34
-397.43
-12.36
9.79
13.55
23.62
8.4
-29.05
96.54
-32.65
97.71
31.01
6.57
6.47
-3.66
-10.61
-108.54
8.48
72.3
109.2
-70.7
-39.81
-20.85
16.63
0.98
-7.15
151.96
13.69
-10
43.66
7.83
-24
-43.44
93.43
53.92
0.47
-1.57
-22.36
60.14
15.34
-24.24
17.07
56.29
16.28
-16.34
11.9
-1.28
-3.3
109.21
-94.69
12.12
31.72
-35.61
59.59
-4.04
-16.78
-14.01
-74.28
-2.41
-13.7
0.9
-100.95
-41.67
-15.38
1
-67.89
113.12
40.01
28.38
80.17
2.44
25.22
-17.11
-0.64
-139.69
49.88
-8.85
-13.77
-27.74
16.29
10.94
8.64
-32.99
63.23
-11.7
-5.48
-0.43
4.19
-2.68
-30.92
-6.89
43.59
38.52
48.04
49.67
12.8
-0.13
-44.5
24.49
-7.61
-24.17
8.91
-5.18
17.93
4.82
0.21
-12.98
-200.97
25.92
21.67
4.83
2.67
-26
14.8
5.59
8.82
11.36
-8.58
15.48
-19.86
-1.91
-72.51
149.69
-2.14
24.79
-0.25
-14
56.22
1.76
4.11
-39.52
8.37
9.07
-10.6
-7.25
10.02
-80.12
36.88
-0.47
-63.72
60.89
62.89
41.97
-9.78
-4.22
62.44
-5.45
24.14
-174.46
-0.97
19.23
-5.68
7.16
2.66
-13.77
78.43
3.44
7.44
-88.77
-73.1
-0.02
-3.58
14.57
73.72
-59.63
-21.34
74.2
5.91
-4.29
-42.65
4.84
-3.95
-38.33
3.39
94.47
4.49
9.7
-168.01
-20.08
-29.79
117.4
6.08
169.54
11.08
-8.01
-77.5
-96.39
-4.37
-40.49
0.89
41.97
12.71
13.66
-42.59
-36.51
15.13
93.17
53.88
-4.2
-12.38
27.97
-11.14
11.33
9.63
-50.35
-59.97
-3.93
7.84
3.26
-48.98
-2.39
10.17
78.31
29.93
-31.3
22.55
64.76
11.94
-5.38
-5.73
64.15
39.12
-5.83
46.78
1.68
6.55
-2.55
-2.82
-204.2
-12.02
-10.74
4.92
6.52
5.2
-7.7
14.6
18.33
6.25
6.38
4.5
12.8
3.31
4.52
-86.98
-8.85
-91.64
4.3
21.37
11.39
-46.32
-8.91
7.84
12.76
41.93
-77.64
-76.59
-15.67
0.96
18.47
62.82
-35.63
-29.21
61.09
20.72
6.12
-60.3
-2.67
-7.74
8.9
36.22
-70.49
56.18
-1.46
58.11
-1.75
3.95
1.51
-19.09
17.29
22.9
-13.52
128.1
-150.77
56.64
29.14
4.74
26.74
-108.92
-42.54
1.51
25.27
-57.57
102.62
22.01
-72.89
98.89
-12.41
8.57
63.77
-6.58
-11.89
32.06
-6.89
-2.05
37.54
25.31
-19.18
90.96
-302.19
12.64
22.01
-11.67
72.61
-0.7
-110.26
-23.39
-0.97
-18.62
66.55
-20.21
-133.77
-74.29
79.32
-22.78
9.78
18.23
-6.56
14.76
45.84
-2.26
86.96
-4.75
-2.98
-4.11
-11.64
33.27
-3.2
5.01
-16.61
-13.58
-59.57
6.69
-132.38
12.83
-34.38
5.76
-117.63
-13.39
-2.97
-38.33
107.89
-58.47
7.69
13.18
155.11
8.49
0.8
1.01
12.76
-29.7
76.29
-5.39
11.72
6.16
-6.62
-13.63
-50.09
127.74
27.32
-1.19
-36.81
-82.8
3.47
-5.16
66.34
6.7
5.76
-37.34
-4.01
-143.97
-154.7
30.35
-15.75
46.44
16.33
-22.89
4.05
0.48
2.64
-41.57
11.74
-12.42
1.79
33.06
7.42
3.77
1.72
-10.45
44.79
8.56
-8.41
107.69
-5.43
-58.44
8.41
0.83
7.91
5.88
7.78
-3.71
2.23
40.82
31.46
-0.12
30.07
-3.27
6.55
-53.02
-4.63
56.61
-20.26
15.11
30.19
63.59
70.01
9.02
6.59
2.93
-12.64
-5.61
108.91
-19.23
11.85
-5.84
4.52
