35.77
-3.25
2.35
22.67
15.64
55.77
-22
108.62
-36.5
-451.69
42.13
47.26
-5.54
1.72
17.66
-44.61
-45.1
16.11
139.08
-27.98
2.99
36.26
52.37
-9.88
-135.88
-3.63
-10.39
-6.18
-4.56
-127.71
15.98
10.76
-3.76
1.92
-141.36
-74.93
28.56
7.11
-19.59
-11.75
-3.31
-11.98
15.4
312.37
-1.92
11.98
25.98
-118.18
-16.82
9.34
-93.07
-110.39
77.54
31.31
-11.71
-107.61
23.3
59.1
-3.08
-89.52
-34.51
37.35
167.43
-61.67
9.54
-6.81
-37.95
0.67
8.34
-4.27
-15.14
153.04
-1.03
24.31
5.55
-3.31
-13.1
-117.87
-35.2
-3.11
52.78
-0.32
73.59
9.55
-7.25
23.19
-179.37
27.81
7.71
53.29
53.01
-52.92
4.33
11.99
-7.76
29.49
-6.18
29.88
-9.42
12.36
10.56
-18.39
-10.38
-63.2
-10.25
-54.89
-23.71
-29.81
1.4
7.43
28.07
-1.28
-23.85
5.39
16.32
24.47
14.16
4.55
-13.93
32.53
60.55
-42.72
95.6
-5.42
0.41
-4.65
4.22
-4.95
8.04
5.25
-14.21
193.21
83.82
-52.99
-0.67
14.28
38.09
-7.61
7.23
-14.2
-115.07
-0.45
-32.78
-3.55
13.12
-14.86
-35.77
68.58
-4.33
7.61
-0.3
-11.5
-6.54
-7.82
3.88
65.62
3.17
3.81
37.55
-37.58
114.6
14.37
-0.14
18.59
-15.97
30.77
-6.58
90.1
-13.5
-10.54
19.17
-80.02
1.67
-106.1
5
35.8
11.09
-8.67
12.66
3.55
5.4
29.3
70.77
72.91
10
-13.19
2.36
19.21
39.33
8.08
-4.02
-3.59
71
3.19
-6.85
4.64
44.11
-43.49
12.02
-55.49
97.53
7.24
-13.86
0.67
-8.7
8.76
7.14
-6.08
10.98
-5.49
-79.21
7.12
-0.95
14.9
-35.3
-51.47
55.58
35.05
-9.35
4.27
-7.85
-8.73
4.93
-54.79
-116.49
-0.37
49.28
5.89
50.92
-8.49
7.19
-9.46
-11.57
98.02
70.84
-16.41
-46.02
26.1
10.55
-4.34
-7.13
84.57
-11.84
-14.76
-15.5
-27.38
35.54
-58.82
-3.03
-2.81
105.02
46.9
13.41
28.33
-59.36
-86.17
-172.48
-6.43
-2.18
18.12
-10.34
4.81
-1.81
-15.45
68.04
-31.55
6.26
15.16
-38.81
91.73
33.71
-10.59
76.02
47.61
-1.34
49.41
-3.4
3.13
-16.95
-21.9
39.74
-78.29
-102.05
22.51
0.87
-48.19
8.78
0.64
7.49
6.24
-142.67
-1.04
-6.29
9.88
10.66
-6.68
3.13
-4.66
-2.54
109.35
1.6
101.74
-13.41
15.27
-53.18
87.56
46.28
33.62
26.04
6.76
28.67
-80.91
5.03
-0.99
63.95
24.86
-141.75
-32.97
-53.01
38.14
-19.35
-162.86
-7.43
-2.96
-40.38
-10.29
22.9
-4.95
-77.06
92.6
116.39
-4.94
-85.89
-79.78
74.52
79.6
-2.92
-6.49
-0.84
10.44
-8.94
33.39
14.92
21
4.81
7.66
-147.24
-23.43
32.21
99.91
5.7
-9.19
4.33
-17.79
8.78
5.99
-5.58
-13.71
-4.81
71.42
-84.43
57.34
26.11
-5.46
-51.61
38.94
-1.2
134.14
-4.11
-6.7
-113.88
-5.05
4.51
-8.88
22.26
-11.09
0.66
92.97
5.05
-62.69
-66.35
72.96
-7.91
-12.83
-31.78
4.98
0.28
1.65
77.65
9.34
4.55
-52.66
-8.65
-10
-10.97
-16.28
32.3
-109.78
-34.29
-24.91
2.12
12.14
-2.67
34.75
66.1
3.26
-46.88
2.93
56.49
3.62
-10.84
10.21
-1.92
-26.45
3.66
23.58
23.46
-9.16
-11.05
53.48
-6.81
-85.76
1.02
27.01
-4.52
1.28
-37.79
-7.46
59.35
21.44
28.86
21.75
-7.5
22.33
-57.07
-108.88
81.47
2.14
3.55
-15.78
-184.93
-1.57
57.92
67.84
5.63
19.45
3.21
-9.16
66.16
-34.93
-8.79
-60.79
-5.3
-10.21
10.24
46.08
92.69
-12.01
-46.03
7.79
68.25
-14.61
18.5
5.13
15.56
-25.77
-20.01
-5.98
23.93
-9.09
-4.14
-107.14
-19.24
19.23
-115.42
-8.66
-37.16
68.43
-10.2
33.26
79.78
-3.16
16.69
-4.91
-18.03
22.39
-7.13
-2.41
1.21
57.33
-94.34
1.47
-6.21
31.95
-7.02
27.58
-14.18
83.32
63.98
24.15
-32.03
-87.9
1.83
-10.54
39.72
5.55
-4.09
-133.48
30.06
-3.87
42.05
27.39
94.09
111.62
-125.99
24.19
9.17
-12.15
63.05
-6.43
2.01
7.64
56.06
0.93
1.3
7.23
111.27
-82.22
-28.79
0.64
68.51
-12.64
2.83
-7.42
-7.24
89.96
67.25
-5.57
34.34
111.42
40.66
12.73
39.53
-96.77
7.48
37.15
4.23
12.84
40.26
-50.74
1.35
137.66
5.84
-13.5
16.29
30.44
67.69
-32.56
-114.78
-75.69
56.29
-4.96
-4
-13.9
-20.55
-25.77
-14.22
6.96
-11.91
-6.67
-1.9
-8.39
14.74
11.09
-1.97
-123.75
-3.9
8.44
-44.96
5.14
-27.18
6.89
-9.07
-74.22
-2.82
32.37
27.21
-102.65
-19.68
-23.53
7.57
6.78
20.15
-57.8
-3.9
10.1
30.47
10.55
-5.63
-38.78
-0.98
-2.68
56.58
92.28
7.14
3.76
-134.55
1.75
42.07
-7.38
2.61
24.35
-28.36
26.3
16.77
47.8
57.67
-40.26
-0.76
-23.1
-0.77
-7.5
-12.57
2.22
-0.6
-81.69
41.3
7.82
30.76
47.57
-26.56
-12.66
21.8
2.48
-10.57
-148.07
-28.87
-9.21
37.93
-13.8
1.53
-42.73
125.51
-19.08
-11.99
5.12
99.43
-2.57
14.96
3.85
0.65
2.14
18.37
26.47
-10.57
-48.24
-7.77
11.55
-48.18
-8.72
-10.02
7.37
-27.61
47.26
-11.71
-51.7
16.23
-2.07
11.13
77.45
-3.41
-164.7
97.43
-4.73
4.06
-8.23
-5.48
96.09
-26.2
24.46
181.02
-11.25
10.27
37.92
-22.84
7.24
-41.69
-6.98
-17.53
-22.47
-2.99
-16.46
37.47
-47.8
-60.68
20.53
33.85
-110.85
18.14
-0.91
0.55
-6.69
4.84
-36.82
-19.51
16.76
16.41
35.51
8.28
-4.1
-6.37
-10.55
-4.42
73.5
3.4
1.01
3.6
28.39
26.49
11.9
-8.94
17.66
6.24
8.53
76.08
-63.04
17.28
-94.31
10.81
-48.41
26.96
13.58
4.66
20.03
3.52
11.86
-36.83
8.07
-6.49
-90.07
15.97
-51.51
12.14
-1.49
-17.17
-75.98
-68.52
-233.27
-89.17
-18.96
86.92
31.84
72.21
-57
-2.99
0.96
-11.99
32.17
-81.06
11.21
15.9
-3.41
-16.87
40.39
6.32
-82.57
15.11
64.42
6.56
30.14
78.49
-136.33
-4.2
6.8
36.61
22.63
36.94
-2.11
2.92
8.43
-125.98
35.88
-30.29
-43.37
-47.09
110.27
60.43
3.68
-20.15
-10.07
54.57
6.99
116.34
14.72
30.11
-50.7
-12.03
19.4
2.61
-7.2
4.2
-7.01
7.01
-14.43
12.43
-109.67
-76.25
94.18
43.37
-73.35
59.45
124.71
2.18
-8.76
-6.49
-5.48
-20.24
69.44
-90.03
-3.41
-109.23
0.8
-4.76
6.32
-5.64
2.83
64.29
8.55
22.4
-167.03
9.43
-11.4
-22.39
-17.99
-68.32
-11.72
23.43
-11.58
-6.01
21.94
-41.87
-39.94
7.16
-39.79
-18.79
-27.2
101.72
66.51
-13.9
69.69
-18.84
-10.45
-2.2
-68.14
-3.95
-20.12
24.67
-25.38
-1.52
-17.24
44.38
2.27
8.09
-6.97
103.16
45.03
-6.74
7.64
9.27
-72.85
5.61
-143.05
-62.77
-55.57
103.14
24.32
33.51
-15.31
-36.71
78.73
-7.55
-75.15
5.19
-15.79
13.96
10.02
-106.31
7.01
33.93
-100.74
-87.45
210.26
-36.26
-10.36
6.33
-85.25
-93.13
0.91
3.71
-16.88
-72.32
-4.95
36.22
-12.31
-77.26
10.45
-133.11
-18.96
-13.16
-32.3
-140.07
-4.02
-10.65
-15.38
-54.82
-29.02
38.32
-9.44
30.73
80.82
7.11
10.44
-13.25
-3.52
20.31
-10.86
2.68
-5.67
2.3
6.4
316.6
6.29
16.93
18.16
-37.49
16.98
49.95
2.18
78.79
-99.55
-39.12
11.36
57.28
-20.63
5.3
-11.1
2.16
-5.88
-59.02
-7.3
-2.41
85.08
-15.85
15.24
-96.69
99.69
-13.14
43.85
12.28
8.32
19.18
-69.55
-39.91
12.96
-63.25
0.09
-7.85
-2.92
7.85
-6.75
72.99
-1.39
-14.78
3.11
-17.65
-30.77
1.86
22
6.47
0.48
-35
3
0.32
-10.85
-0.03
-16.81
4.93
-5.24
138.14
10.53
54.69
-10.19
126.9
-2.87
36.7
-74.17
12.97
9.59
6.99
25.92
9.28
52.4
0.56
-11.83
3.84
-7.56
83.67
-5.72
145.51
-22.48
32.56
16.92
-45.5
11.36
8.17
200.5
-50.45
11.3
14.14
57.66
-5.12
-103.5
60.03
10.57
