-14.46
-113.06
-5.51
-10.53
-15
-43.9
7.86
2.41
-24.31
-38.29
37.84
-16.84
-2.15
-25.44
-2.94
4.77
5.24
61.43
9.41
8.37
12.34
-10.93
-6.8
-4.18
11
77.88
83.12
5.69
2.45
5.59
42.01
8.58
9.53
-9.37
36.04
9.08
-2.3
13.8
-1.71
62.32
-5.04
-16.16
-18.2
-10.75
8.4
-8.95
80.8
-10.46
25.47
5.71
-2.27
0.24
-8.51
-10.49
37.94
-13.74
-11.46
62.76
-11.22
-13.48
-2.94
-26.34
10.16
-7.71
39.6
-51.46
97.01
4.12
9.11
-74.09
35.11
4.93
-7.31
-9.75
-2.26
9.38
-17.8
-111.19
-7.22
45.78
-9.12
-0.72
9.53
-5.28
-22.31
21
-56.95
-29.51
-4.07
-17.27
23.97
138.13
13.57
8.83
-211.85
24.52
16.57
-10.53
64.92
10.6
-90.85
24.23
-50.03
98.44
11.06
-23.42
10.65
44.28
-42.58
19.86
39.59
-2.54
-18.55
6.48
-0.01
-41.61
64.8
-73.15
6.24
14.73
-77.26
0.15
9.5
50.19
-4.27
-6.78
-25.42
7.05
18.22
53.72
6.5
-18.49
-1.63
30.25
-3.67
-2.95
-12.16
0.29
-16.48
-107.12
3.97
12.56
41.65
8.5
-63.42
69.57
-0.8
-155.97
7.3
-92.17
6.59
3.6
8.31
-8.46
-2.81
-72.79
32.58
-12.16
6.67
-1.53
-9.48
15.88
49.29
-123.12
52.22
11.31
5.47
5.3
-7.39
-31.69
5.77
-64.55
55.25
-41.34
4.04
-48.25
-10.09
-11.02
1.28
-14.89
13.09
8.7
-17.65
-15.94
-3.14
-177.19
-16.1
-9.73
-8.22
-8.91
16.05
-71.54
45.14
65.87
-2.4
-21.79
-47.93
6.8
1.62
62.44
-104.64
66.56
26.96
3.52
74.18
11.53
11.69
-47.3
4.06
-47.63
4.65
-15.74
11.71
-6.77
7.83
13.88
19.04
6.51
11.81
-13.8
8.87
9.3
-3.7
-31.48
31.04
149.99
76.15
2.85
-5.07
24.56
-23.47
-4.12
48.17
2.93
-6.66
-44.71
-149.85
93.28
8.01
67.17
18.48
42.42
28.43
-1.74
-19.84
-104.29
38.8
-8.7
21.77
-60.86
0.86
-54.16
-37.05
31.19
-57.91
-10
24.37
37.92
-10.71
-74.82
1.53
-83.94
3.13
-170.65
75.88
12.29
-16.31
9.81
31.71
9.19
-60.17
-64.39
-61.49
12.49
-83.09
-0.38
-50.87
-25.1
-15.77
-12.02
4.64
-8.66
-11.35
22.93
-1.56
9.2
60.3
0.59
-7.82
-47.57
37.12
-59.86
-56.89
-2.22
-10.94
-5.35
24.41
-4.3
-168.21
-45.8
39.3
-4.86
-2.71
84.76
12.79
16.12
-34.29
-9.83
12.21
8.46
-59.07
-15.44
-8.49
-102.75
55.47
2.18
15.13
39.82
-52.51
77.64
-29.64
14.85
-108.88
32.6
39.03
-148.9
126.08
-3.55
-140.57
5.69
-10.15
-27.65
-12.9
-1.83
3.95
55.95
-8.67
2.45
-533.26
71.24
-1.12
55.48
16.5
19.85
45.15
-77.91
-21.71
46.83
55.71
30.2
0.19
-77.72
6.12
-76.26
-3.03
13.36
-4.09
3.14
-64.62
35.12
-7.38
44.91
138.12
-9.09
1.9
17.91
-16.26
-17.3
-16.12
-15.2
56.62
-16.81
-17.18
-3.9
-28.75
-64.5
-12.52
-10.01
28.52
-54.82
-2.07
16.43
-7.27
-131.81
-6.42
-20.27
3.47
6.17
4.02
-11.13
13.39
71.99
-27.79
1.35
25.71
-48.09
10.57
-60.68
13.84
-17.69
-30.96
-9.44
40.14
47.52
-1.23
62.05
-21.88
-13.29
70.97
-9.97
47.67
-31.41
33.51
37.28
-23.93
27.85
42.02
4.98
-26.13
20.21
-9.52
-15.94
76.65
-2.82
-6.54
-11.17
22.92
0.48
-4.78
15.95
4.47
-5.76
125.74
-15.7
9.05
1.31
8.17
24.91
24.59
-10.49
0.25
-27.38
-27.21
87.57
5.59
70.93
9.38
40.45
-83.64
-80.98
-58.85
5.55
14.78
23.62
-62.64
93.91
65.67
92.74
-3.54
6.96
3.22
1.29
-10.73
9.15
-67.94
3.58
-5.91
49.64
4.89
-1.47
-30.93
-8.27
43.6
-13.17
-5
21.44
-6.34
-1.28
51.07
-8.64
-102.53
-60.09
-11.84
-6.88
-10.64
-10.05
20.55
-127.27
-20.11
-1.52
-87.54
-2.54
21.52
-4.98
20.56
-12.83
-7.75
2.66
78.3
7.65
-178.19
38.47
-65.95
-9.95
124.98
-18.03
-1.7
5.81
-41.65
-6.82
6.2
-39.41
-66.78
17.91
-2.21
13.23
-9.54
-117.48
-4.31
6.45
44.73
12.01
3.26
-8.14
11.09
-3.99
20.07
13.29
6.75
28.7
-8.8
9
-7.25
-4.2
211.54
-42.51
-137.13
-156.87
-5.01
-60.43
-9.97
9.55
42.43
-39.47
-19.02
81.24
-3.86
9.01
45.87
-137.71
-14.01
-3.41
5.81
76.18
-57.12
15.82
-221.34
-9.24
68.41
-219.57
-10.19
164.65
14.1
124.38
-17.57
-10.24
-59.51
37.17
-16.51
0.4
-35.01
1.66
10.19
-60.57
-15.64
8.17
10.24
19.46
-15.27
7.53
11.52
12.16
8.96
13.33
-79.7
-21.75
-9.69
-15.75
19.35
4.12
7.13
37.08
48
-7.63
-21.56
-55.86
57.37
18.99
22.29
0.16
0.92
29.34
39.72
-23.77
13.64
25.83
7.04
36.44
-44.31
3.14
-21.3
-7.13
-12.21
-39.9
-34.83
9.97
26.39
-10.73
-10.98
30.26
-38.03
14.03
12.28
-50.4
33.56
-42.16
-5.11
-40.74
-29.31
27.44
124.53
15.21
9.15
-0.95
-6.7
-27.23
47.05
5.96
-19.14
-35.05
4.38
-6.34
-42.44
-27.63
-31.9
39.72
-107.63
104.51
-11.01
-32.54
1.77
54.81
2.36
0.37
2.7
-9.44
-15.67
15.9
9.76
60.39
101.51
51.51
17.49
0.57
35.59
-66.17
4.28
-4.94
43.6
-15.49
-63.03
25.84
-12.93
133.18
92.19
-11.41
-43
-13.31
34.41
-9.06
-11.06
7.06
-67.05
-60.44
251.47
-18.55
-74.33
20.72
-6.67
53.95
-1.64
-68.95
76.81
-68.16
-4.63
18.62
-4.41
10.08
9.47
-30.82
-4.46
-14.57
6.87
5.33
-16.25
-100.4
13.09
28.95
12.27
-3.03
-12.85
3.78
16.96
64.42
-32.82
-11.29
1.01
-34.68
-0.76
0.92
1.63
6.22
33.4
1.81
3.19
48.14
-26.53
-22.01
-45.14
1.32
11.31
64.89
75.16
-11.32
-125.25
80.25
-62.63
51.59
6.5
9.54
46.68
10.09
-12.23
2.47
-6.38
-0.86
-5.59
6.28
1.66
-1.7
1.73
2.28
70.32
-15.16
4.73
-150.92
46.64
77.49
-30.52
0.15
23.53
13.75
-5.27
-67.31
-0.25
-17.7
-64.88
18.25
-44.28
91.85
12.29
-4.91
24.18
-143.47
-6.79
-56.22
2.89
-36.47
1.01
29.34
6.53
-19.67
-27.62
35.5
84.38
-37.07
73.75
-19.23
-46.4
57.7
60.3
-4.54
-15.8
-9.88
-31.24
49.03
7.33
1.95
56.44
-13.59
-11.11
-57.13
10.93
3.8
27.96
8.4
-168.31
-5.1
-72.2
0.36
-13.95
-0.84
-67.43
-10.42
45.81
-70.28
-14.09
8.64
-20.11
-47.05
52.91
-57.08
-5.69
-9.46
9.9
-195.72
-3.9
13.35
5.87
32.13
-23.01
15.5
50.37
-3.62
3.52
-5.86
8.34
65.99
-2.77
56.95
-77.64
33.97
-10.8
-4.93
5.12
10.32
20.67
33.49
-20.52
-9.07
-14.79
10.81
-145.79
-21.99
10.16
55.09
4.94
-2.58
-18.7
9.89
-69.74
62.57
-10.68
-25.91
-21.39
-1.72
2.82
16.76
2.39
4.23
7.95
65.3
6.65
6.32
-0.47
-70.03
-17.64
50.07
4.31
34.94
-4.54
43.46
-3.68
20.24
9.06
13.87
11.45
-13.87
5.2
-9.59
106.34
-6.57
-6.94
-20.21
1.17
93.93
-84.88
24.27
-66.08
7.04
-2.68
-123.1
-109.49
55.09
-33.52
-10.53
-1.92
9.82
9.77
-83.34
46.61
61.74
-1.59
18.2
-6.76
0.23
-23.23
14.04
-20.48
92.14
-9.26
-11.54
15.68
52.31
20.78
-85.85
-53.71
-4.02
8.05
-27.98
-74.74
-3.86
64.15
-28.72
-16.64
2.65
5.59
-1.43
-2.97
-0.46
37.92
-0.21
-27.94
-14.94
11.29
-9.14
-19.13
8.43
-180.23
14.93
-8.8
6.03
-12.17
-14.35
129.76
-0.38
7.13
-73.57
-141.4
-7.3
-49.37
42.04
-50.75
-25.56
21.1
86.75
-4.35
-49.39
13.39
45.9
-64.5
89.68
-0.63
-9.67
26.43
119.7
16.58
-11.44
15.11
103.03
12.53
32.86
-2.78
-5.59
45.33
16.58
9.99
39.72
5.14
31.41
17.34
20.89
103.3
11.86
79.34
8.9
-88.79
-4.58
111.82
-25.3
-62.28
-52.77
7.37
-142.99
-32.22
-46.9
-51.55
58.1
-3.96
3.3
-0.19
6.77
-4.05
-7.82
-2.75
17.16
50.59
3.24
1.53
-14.83
-2.75
80.79
13.73
22.14
