12.05
-8.06
15.32
26.49
-0.48
7.6
-25.44
211.11
12.63
-6.34
-10.35
-2.57
-9.08
28.31
-5.38
112.25
-3.48
7.85
-79.64
-138.34
9.79
-2.85
-127.91
-28.86
120.82
81.08
-14.46
99.8
-8.15
17.04
129.91
23.83
13.88
15.12
-12.54
-20.76
9.12
10.27
6.9
7.8
105.81
-4.96
12.07
-55.37
40.73
-2.18
86.43
-0.23
7.44
4.12
-19.45
3.19
26.25
-15.4
24.86
-10.87
-5.7
-39.02
43.72
-72.03
-158.21
-42.74
10.22
-11.62
15.3
34.73
69.41
7.49
34.68
19.34
19.73
-3.15
148.66
-14.43
8.27
-39.93
-10.94
-14.88
-7.02
-53.02
9.72
-26.91
-17.27
79.94
-9.07
-42.64
8.58
9.14
4.38
-5.65
18.89
-90.77
37.65
-10.16
7.16
-8.53
-9.07
-48.02
80.61
-16.5
-0.9
87.14
-11.86
-10.07
34.37
-3.87
33.77
50.69
4.88
78.96
-62.7
22.71
-10.96
-138.34
-7.24
-417.74
4.45
-8.25
-53.11
70.35
6.55
3.18
-5.32
-12.2
-8.8
-5.07
10.86
-7.28
6.01
14.26
-8.14
21.33
-52.81
3.03
0.19
-1.58
-1.52
-66.66
48.52
-4.95
117.73
-37.51
27.49
83.1
-26.1
7.81
-4
3.57
-156.82
-1.54
-2.01
10.15
13.25
41.71
7.2
-0.73
34.14
-45.41
24.58
-166.13
-54.21
4.68
0.32
-57.75
-7.82
-7.7
2.01
47.49
35.78
-1.5
24.09
6.08
-9.4
36.57
3.18
-3.37
142.13
-81.48
14.35
-55.05
8.99
3.63
18.81
-14.37
-5
-66.85
-6.02
2.41
10.58
-2.12
1.63
1.01
-6.58
-56.36
51.51
54.92
28.98
43.9
-8.17
54.19
-5.22
41.21
73.18
-1.25
-34.12
-6.83
75.6
-28.19
-0.86
-4.16
-6.55
7.7
55.39
13.56
-104.56
74.36
-55.72
42.11
-39.36
21.81
12.56
47.93
12.03
0.43
17.93
2.24
-14.08
-0.45
-17.45
-23.34
23.66
61.3
101.72
-13.19
-8.58
0.71
-0.92
-2.44
57.39
-54.81
6.71
-158.65
3.43
9.01
-3.08
-12.22
17.13
92.3
0.34
11.72
-3.24
53.53
-4.9
62.54
12.41
-11.12
60.14
14.38
-10.61
-6.17
-55
-110.98
-35
-29.34
-9.44
3.15
-24.89
-4.8
11.22
-53.76
56.02
6.73
31.88
-3.63
0.03
112.72
44.89
60.45
51.51
60
-67.21
-2.19
-42.21
-3.71
82.69
5.59
-166.35
-10.54
-7.3
-12.91
-18.56
-7.16
10.62
11.1
15.92
38.47
-19.72
12.6
6.17
-0.17
16.29
-29.07
-15.76
-0.15
-126.59
-75.81
-30.06
73.51
-3.81
11.84
-10.34
-75.52
2.01
8.09
11.24
-6.63
-33.13
-110.97
-1.61
80.82
29.31
10.85
-89.89
-0.88
-53.65
7.2
-58.7
38.16
-37.93
1.69
13.65
-13.59
11.53
-8.09
-5.48
8.65
21.39
9.5
50.04
9.94
-8.38
-5.38
19.15
-61.34
34.57
69.13
-36.62
10.7
13.1
-2.56
34.57
-28.68
35.89
22.88
39.5
-9.68
0.87
-2.08
-4.4
-39.57
13.98
-10.11
23.16
33.57
49.08
-4.38
62.43
-37.79
6.76
5.06
-86.04
70.02
24.84
-7.91
1.9
-15.88
-100.52
16.69
-28.85
10.71
-83.88
3.67
51.53
-6.42
88.45
-20.53
0.51
-118.3
89.92
-45.89
-11.72
29.49
34.17
10.96
-9.62
5.49
52.83
-9
-58.13
91.75
-0.76
-113.31
6.04
61.42
45.72
-11.05
-92.9
7.99
-95.96
-11.49
-3.42
-49.88
-62.04
-67.25
-75.87
92.04
-107.49
12.26
32.68
210.28
7.74
-6.6
-0.62
60.62
-97.59
15.63
26.3
-10.77
83.1
31.41
93.84
-121.6
10.44
-8.95
184.92
1.16
55.37
-1.88
-91.67
-80.02
-3.9
77.2
31.65
-40.45
-100.31
-5.61
121.73
-3.43
-86.7
4.5
33.64
-61.23
0.11
89.99
-10.85
1.3
20.68
-2.44
23.25
50.29
-49.53
10.48
177.55
-31.76
-77.42
5.83
-46.29
60.66
-0.9
-45.24
-8.17
-155.12
-7.85
7.25
27.12
0.63
10.65
-15.73
-13.62
6.42
-78.26
-13.21
14.28
13.7
-34.55
3.46
70.42
2.65
-7.76
-28.22
-6.49
7.01
27.29
-17
-31.34
12.34
-68.91
-16.79
34.19
-148.08
8.97
38.56
6.71
-9.46
-6.22
-35.57
5.59
-11.1
-3.53
8.77
53.02
21.83
-60.45
38.61
-16.42
14.75
-9.51
-26.04
-0.37
-11
-38.76
-23.21
-45.06
10.61
-4.52
-20.46
59.4
-11.38
-62.38
-7.43
8.72
-4
16.47
-2.47
59.77
-12.02
-3.11
11.6
-1.72
-27.54
-64.35
-0.79
114.8
167.93
-8.15
-25.22
36.88
6.87
28.93
-9.52
51.22
54.16
-2.86
52.48
-7.89
6.22
-17.69
44.25
-0.37
2.86
32.37
1.32
13.66
-79.25
-87.62
25.03
-16.53
-9.86
-16.51
-12.01
10.84
11.91
-0.27
-1.29
-5.54
-49.67
8.94
7.32
-14.56
9.38
-12.66
3.99
45.39
42.19
-4.82
-303.83
-9.5
-20.81
18.36
33.45
-16.56
-1.32
39.55
-4.13
3.2
5.21
-8.07
42.82
-9.88
-52.11
41.82
41.78
-13.14
-7.44
13.32
-10.05
11.88
87.34
-5.26
-2.08
-13.53
23.84
-108.49
-3.65
-42.63
160.17
-8.91
9.77
-16.51
0.27
-3.88
-9.41
-137.11
-11.29
-20.37
22.76
-14.32
19.62
67.78
158.08
-18.19
13.12
100.88
-17.84
-34.38
-3.92
-6.78
-48.41
-143.27
-5.39
7.9
-55.27
-65.73
-59.85
-5.4
-6.35
13.7
53.69
-58.95
-8.25
-133.69
136.3
-57.43
133.58
-21.05
71.89
-4.54
-2.07
2.67
9.17
-15.76
4.4
-55.8
-9.25
-9.96
54.91
-8.07
6.83
-34.27
-28.84
-8.23
-27.37
-44.86
7.33
22.96
-9.18
1.39
12.28
-5.4
-76.93
46.31
29.79
40.42
-15.78
33.41
10.44
42.59
-38.75
-1.85
-34.98
-105.99
52.52
11.1
-262.71
-16.36
54.09
-12.36
74.4
5.57
12
18.42
-13.47
4.33
9.82
-2.72
8.94
-77.82
-49.97
1.23
20.44
-9.75
31.02
68.92
57.91
15.99
-5.2
200.99
-16.83
-150.97
-7.97
44.68
67.77
-21.48
26.49
-4.77
-76.83
74.86
0.17
-11.41
38.33
8.34
-68.89
10.35
46.03
49.93
-83.53
-75.35
-240.15
-36.25
-5.19
10.02
3.08
-3.2
0.06
-1.95
-8.73
3.74
-17.49
130.51
-16.8
-16.88
-5
7.12
-17.59
22.57
-44.57
81.9
146.5
60.7
89.55
60.83
11.09
6.27
-0.63
76.4
7.2
13.25
89.83
-65.22
-8.55
19.64
-64.59
7.04
7.88
26.75
10.73
-17.3
12.28
-18.3
-3.49
3.29
-82.03
-61.87
29.96
-0.98
-51.19
0.4
36.26
-11.7
8
-3.37
5.86
24.58
-13.08
-9.55
44.52
-97.01
-3.64
-10.16
8.49
-10.51
12.6
-0.59
-40.82
8.63
19.04
-52.31
1.56
14.55
-0.96
34.73
-73.71
37.75
118.48
-117.08
21.04
-3.02
54.78
-29.89
-95.92
-6.24
69.09
28.9
-25.26
92.11
-12.16
-36.18
7.34
5.56
18.09
105.18
199.55
29.05
-13.05
-11.77
4.38
8.02
17.43
-59.3
10.27
-129.42
-22.95
-93.1
-0.18
6.61
15.77
3.96
3.47
-2.69
7.76
6.26
8.88
-26.94
-6.19
-33.02
-3.94
15.12
-6.35
-47.78
-8.45
47.94
-146.45
11.15
19.26
-12.3
8.72
-16.33
28.91
-9.93
10.76
-144.66
-3.31
-8.1
-34.51
-4.48
-105.56
43.52
9.3
-33.78
-3.38
16.18
-10.07
2.19
-24.66
-6.52
-13.14
-0.45
-28.06
10.38
-15.59
3.35
47.39
81.4
1.8
6.01
0.6
49.46
-8.43
-9.5
63.55
-19.62
41.02
21.25
22.2
-2.29
-24.47
14.75
154.64
-15.79
34.4
6.83
15.72
54.19
5.74
-15.46
-17.29
8.15
51.63
-35.3
3.75
-16.1
7.76
-18.88
7.83
15.22
-34.63
5.84
34.31
-9.76
-43.65
54.81
-14.55
6.26
69.22
3.3
5.85
1.13
56.61
-7.87
4.99
14.48
37.87
8.63
-191.29
-31.05
-10.26
-24.23
-59.89
-4.38
-0.03
-3.83
29.89
-9.33
21.29
-14.36
-90.4
8.46
33
-11.43
-36.15
-12.95
-19.72
14.68
22.07
-16.95
22.61
-19.31
6.25
19.79
-41.44
53.02
-5.28
-83.77
59.36
-5.87
12.22
-9.19
7.88
-4.95
-14.47
45.43
-7.12
87.12
2.03
4.95
68.46
119.93
32.76
117.79
-2.39
33.46
15.32
57
6.17
4.97
222.09
17.24
-7.56
29.4
6.84
-4.68
-82.71
15.06
51.53
9.88
1.85
-11.12
-24.36
38.93
1.35
-8.53
49.86
27.73
-1.26
-37.38
6.97
49.18
1.18
-1.3
-54.81
-14.1
-130.88
-6.21
-14.01
