-3.06
2.08
54.91
42.42
-15.52
13.81
-59.58
2.78
47.58
6.81
176.02
-6.44
13.98
-35.89
6.98
5.69
-13.38
4.96
-5.17
-19.33
-23.21
9.02
-1.33
-14.18
19.61
33.15
-3.53
10.29
-33.57
14.11
-51.47
-52.54
26.18
51.54
23.99
34.88
7.75
0.46
11.49
5.67
-15.87
-59.94
-58.85
-7.81
-7.14
-15.13
59.27
0.83
-0.6
6.24
1.96
-36.12
8.42
8.94
-2.37
6.34
31.97
-38.8
21.85
-22.29
-3.3
-23.65
0.44
-23.22
27.97
-14.36
-1.03
10.83
16.34
59.6
-20.08
43.03
-9.57
-8.94
-40.41
64.83
-66.19
67.67
-21.14
-7.71
-86.14
153.28
-3.57
42.91
8.08
-32.13
-178.86
-13.65
5.84
4.12
-9.55
102.42
13.52
55.32
-25.03
12.71
8.04
77.41
4.88
7.59
7.62
-2.66
-19.7
-7.05
-3.03
9.07
19.22
9.63
10.56
10.01
-10
-105.88
-57.41
2.08
-22.82
-6.31
-23.95
5.34
9.73
-53.86
2.31
36.35
57.01
-183.14
63.94
-52.76
-4.59
87.3
27.3
-12.37
-31.26
7.06
7.32
-83.8
-7.55
12.12
-0.13
0.93
4.31
-19.66
-7.57
-30.54
105.02
-38.49
-15.12
-5.94
8.24
-10.79
5.35
10.24
-7.1
80.75
7.96
42.68
37.85
7.27
5.26
27.73
31.62
-5.26
11.71
17.3
45.31
114.79
-89.37
-4.09
0.88
7.58
19.8
-134.28
-16.62
2.24
-14.59
12.4
-13.41
-27.76
3.81
-23.71
-27.66
61.32
-16.18
-7.72
-10.74
35.62
-2.84
7.71
4.52
-6.6
23.79
20.57
18.81
14.95
4.07
-145.21
3.73
67.01
53.88
-18.53
-107.72
30.53
39.5
-7.64
-12.34
-8.64
-16.52
105.34
14.23
-105.26
6.41
5.96
15.17
-273.11
-17.92
13.01
-13.14
3.84
9.71
-0.06
1.75
47.86
32.85
11.97
8.21
34.15
19.71
17.84
36.96
-4.92
159.82
63.65
-2.95
44.12
-3.13
15.29
1.43
42.16
-0.12
-67.18
-4.3
-100.48
64.32
107.46
-19.7
-18.52
-68.4
11.13
30.46
-17.67
-4.4
12.27
-12.96
22.1
24.6
29.69
-76.64
12.8
-17.9
118.03
-18.1
-81.59
0.33
5.33
-59.78
6.31
8.39
-28.43
55.38
3.05
24.46
4.7
97.4
26.64
64.82
65.64
53.01
64.53
24.09
86.28
11.89
-8.76
55.31
-31.94
30.9
51.28
-87.8
25.23
62.19
-6.07
82.67
-8.43
-55.54
8.12
-4.66
6.19
-2.86
-7.59
58.14
-35.77
49.97
-5.95
54.79
-48.81
-2.97
69.1
7.28
19.6
-27.61
-56.54
10.13
-5.19
-15.84
15.5
-30.94
-1.37
26.56
-28.63
-84.38
36.36
-7.73
-59.84
-29.75
-26.5
10.13
-73.02
66.45
21.81
8.28
19.38
-5.02
47.6
0.41
-38.95
34.14
-5.35
42.84
-12.15
-5.2
-9.6
-21.54
194.28
-242.38
18.1
8.03
-57.48
-27.55
-18.32
-7.21
-1.64
-19.26
5.5
19.43
19.04
25.11
8.17
41.36
49.12
-58.32
-82.15
17.18
-44.84
2
-12.88
-41.8
-8.21
-10.87
16.7
-21.19
10.23
59.18
-15.76
-11.85
1.04
-35.41
10.15
-11.12
5.59
54.48
-94.84
-55.72
-4.18
-2.17
-4.52
-6.72
10.28
-17.75
80.82
-38.57
30.06
-49.78
-4.39
-138.18
-7.63
-3.05
-35.57
-3.94
14.44
23.39
-2.24
5.09
86.42
-62.51
22.18
78.18
-7.75
81.5
11.7
27.67
-28.49
13.96
160.45
15.17
29.37
-12.29
1.28
-36.9
-5.64
-23.07
-7.78
-2.29
-10.23
-84.67
-68.09
-10.94
-106.57
2.08
76.64
-20.31
-190.06
52.16
-39.4
-5.84
-36.62
2.91
125.04
35.61
26.78
-30.13
-55.17
-21.98
57.46
17.43
5.02
177.34
-15.55
-30.38
8.09
24.34
-64.15
-35.46
5.77
14.34
-5.53
-4.68
-15.38
-118.9
57.29
-1.66
1.4
-32.45
-6.58
58.83
-9.38
3.36
25.6
-26.74
2.63
-4.02
-1.99
-12.46
-121.18
-68.89
-0.5
8.45
-48.65
-16.48
-6.89
0.91
22.36
-0.58
-3.16
-23.6
-6.15
-13.67
10.02
75.05
-46.56
-75.31
-227.65
6.53
40.37
-95.41
9.12
-2.8
-137.36
-246.26
27.15
1.28
-16.11
22.87
77.59
-28.11
-4.86
8.28
-16.06
10.91
-8.44
13.01
-3.24
-38
-1.18
-2.02
9.91
-5.36
56.33
4.96
-68.78
9.4
-17.91
-46.19
-12.38
7.74
-75.09
-19.63
0.07
13.62
3.02
5.53
-18.1
2.44
30.09
-22.42
-65.05
-3.53
-43.94
-101.49
18.46
-11.9
-2.85
-88.86
14.47
9.08
-0.48
-6.3
-42.47
10.46
4.21
9.36
4.9
-16.31
-8.5
11.27
3.35
-4.32
33.96
37.67
-69.48
8.33
-12.74
-226.66
-48
7.37
-5.92
-20.27
184.4
2.74
19.8
-14.01
-19.89
-7.22
56.2
-25.54
2.89
-1.05
48.85
7.46
-33.21
14.52
-9.4
17.86
74.39
43.65
20.5
-6.72
5.37
6.27
-33.71
-55.14
114.19
5.65
38.76
52.6
-12.47
-6.86
1.02
-27.79
11.66
-3.8
-26.85
-8
63.13
28.99
4.45
-9.65
-10.34
-20.01
-6.5
6.6
21.08
-10.36
12.3
-131.77
41.82
14.1
13.24
12.19
-127.3
14.12
-130.28
10.83
-24.38
14.6
-11.32
7.82
-7.29
-9.42
-114.96
-2.75
99.67
-92.52
6.16
-10.89
26.76
25.3
6.81
2.75
-50.84
-55.75
12.8
19.33
-9.32
8.1
-17.91
-22.83
7.75
25.23
6.33
68.72
19.6
41.86
6.88
9.07
2.4
4.74
7.49
45.77
0.93
0.96
12.79
-6.31
1.87
4.22
-82.41
-5.71
3.5
-5.21
10.82
42.21
50.37
40.6
-110.26
46.01
-0.91
-13.11
8.2
246.19
-5.48
-7.81
-118
30.03
25.21
4.61
-63.01
3.28
-3.55
-2.33
71.49
6.56
-26.36
92.55
10.04
6.09
-55.84
-11.46
7.26
-56.91
66.8
9.09
-42.76
-84.5
49.13
-7.31
7.86
-2.82
-10.85
-13.89
28.39
10.12
17.04
-2.49
-0.8
14.55
1.04
-21.35
-4.3
4.73
35.8
-129.12
33.25
65.89
-26.33
8.71
15.07
88.93
5.62
-127.19
-6.32
10.77
4.87
-9.67
6.05
17.1
9.67
129.48
2.29
124.76
15.58
-26.52
-13.87
11.1
27.86
-2.15
17.87
2.71
8.92
3.41
-1.6
-67.83
12.69
7.13
45.53
-63.1
13.55
27.8
-52.24
48.2
7.34
78.11
6.67
-13.91
-5.23
-30.76
-6.75
45.39
-52.9
-10.06
-3.96
-13.06
6.9
23.17
14.13
35.11
-26.67
-7.48
-29.03
-7.18
-10.99
22.09
2.12
14.4
13.62
-4.07
42.8
118.01
-4.83
70.35
-9.08
9.01
-44.77
-12.56
-7.9
-24.21
14.54
109.93
144.57
-12.08
2.54
6.89
-33.5
-8.17
4.57
-88.09
41.49
-30.78
15.84
-0.08
2.28
-90.61
26.64
-59.32
-4.5
-29.53
7.28
70.32
-48.43
-14.17
54.51
-26.75
8.78
-11.96
-188.08
35.02
49.05
13.99
55.15
18.39
129.63
138.43
-104.39
2.46
1.73
7.2
-98.95
7.85
48.99
15.09
-25.67
12.76
58.08
101.35
0.2
-59.71
-11.14
-55.78
72.73
-185.41
-51.14
60.2
1.12
-58.22
8.56
-21.39
7.42
-5.56
4.93
75.33
13.14
34.56
22.21
-20.96
10.99
9.16
12.4
3.44
81.24
1.69
-39.24
-9.93
-32.75
22.52
-8
-71.02
-23.03
3.16
112.63
8.2
79.73
-10.94
3.8
10.73
2.04
34.01
37.79
-4.82
11.99
6.18
32.79
-86.81
41.03
-6.88
-7.15
-30.18
10.74
44.2
-11.13
-6.8
116.29
-108.81
-30.98
-75.83
10.99
0.79
-50.27
3.85
1.9
-23.04
74.12
14.36
-12.35
-124.97
-5.93
77.55
-9.94
9.47
-29.38
-8.77
1.72
52.36
-36.96
30.03
-24.94
36.77
94.77
-4.74
-65.35
0.92
3.84
-3.09
-54.23
144.98
-5.9
-76.94
-43.75
-12.24
-3.86
-16.89
-41.22
56.22
76.86
82.46
-42.06
80.34
-22.38
-6.84
20.54
-6.3
74.39
-57.24
60.58
0.79
-23.22
56.98
9.69
-71.21
-5.75
-8.63
11.64
-127.27
28.13
-7.89
14.35
52.02
-158.39
69.75
26.08
83.29
20.23
-178.26
0.87
29.28
-21.75
-41.66
-18.78
115.01
14.26
-7.47
-68.83
55.29
37.31
4.55
33.75
1.77
2.9
8.71
-1.88
0.89
177.3
-21.05
-10.65
-54.04
35.94
56.7
3.07
-7.73
-19.27
-10.39
-22.51
38.99
16.26
3.95
8.33
-1.55
-66.62
-19.56
-4
12.07
-27.82
11.51
-22.21
5.89
12.43
10.08
10.92
126.24
-31.52
44.29
-77.84
-5.54
-17.88
-8.14
46.71
-18.7
-20.59
-10.91
-1.53
