-1.05
15.46
-26.45
50.26
17.93
-20.92
16.07
66.67
91.14
25.38
17.62
-128.22
6.5
18.7
7.97
-72.36
60.28
-1.68
-0.64
17
-52.39
-14.47
2.09
125.02
4.83
-187.24
10.33
77.8
-14.84
8.11
40.08
-88.23
49.83
-8.17
-9.03
24.1
-31.34
-1.44
2.46
10.33
65.73
-11.2
147.61
58.57
-1.34
70.93
-12.06
-53.25
-10.59
160.56
-104.59
-11.12
-45.36
42.12
-13.68
98.18
-73.15
12.8
-4.22
-9.62
-9.78
-2.85
104.17
-10.1
83.74
9.03
-64.75
-3.02
-3.35
14.59
67.9
24.03
8.41
-17.4
69.81
111.22
73.89
-62.21
47.93
46.19
11.22
-21.81
-0.62
-68.33
-106.78
-50.48
-84.03
4.08
0.72
8.79
63.33
62.51
-122.78
-10.09
-3
-2.77
2.51
-10.81
62.04
5.75
17.2
22.81
7.7
10.06
50.28
-13.31
57.21
15.72
6.13
11.1
13.78
-13.17
9.19
-10.04
76.76
79.38
-63.1
-10.08
26.09
1.58
26.9
53.67
92.1
45.17
17.6
-1.43
36.54
-3.15
-5.38
-59.15
-5.49
-26.92
5.28
131.2
-8.87
-29.27
12.62
-4
-9.98
-2.22
-30.26
-6.82
-0.7
-102.27
3.98
-7.3
37.19
36.26
5.37
-15.14
110.43
-9.46
1.56
50.73
-11.37
-20.22
-6.29
-78.81
2.79
29.45
127.53
118.46
9.34
2.68
11.7
-34.63
-42.21
-10
-10.62
-39.61
69.52
11.48
-58.21
18.73
65.05
34.61
-7.99
-99.15
-56.62
9.7
46.59
-2.44
13.39
-3.63
3.79
-9.76
13.83
5.02
26.6
9.12
8.01
-16.7
16.24
-107.83
9.07
-212.74
-16.67
-2.28
-10.75
-74.83
42.41
97.92
-3.26
13.19
5.4
-11.32
88.65
14.12
-55.15
64.26
-33.96
-8.66
37.63
39.56
71.35
-27.2
-40.97
56.81
55.91
8.58
23.16
14.06
-7.64
-15.79
4.94
53.18
-3.96
-144.64
78.6
-7.75
-111.8
-64.42
183.38
-12.06
2.86
30.22
43.33
-87.94
12.43
11.06
9.6
29.58
40.66
-89.71
12.94
-0.81
-7.77
-3.65
-153.49
-9.14
-7.37
-10.74
-58.68
7.03
9.25
-14.31
-95.66
3.24
132.29
49.32
-11.85
-14.27
7.25
8.51
35.57
6.9
0.04
-4.18
-2.87
14.27
97.96
6.25
-17.25
-128.15
20.78
44.92
-7.87
15.98
-132.98
-27.55
8.25
93.02
8.62
4.32
-2.56
-46.26
-2.97
-39.88
1.87
6.94
7.66
-32.67
-63.28
48.47
1.98
-74.81
2.15
52.39
-128.88
68.15
31.23
5.04
-26.28
7.03
7.41
-30.73
3.32
109.87
3.77
-35.17
-7.4
44.09
16.63
104.67
0.59
-0.23
-9.39
5.61
-8.95
46.23
7.03
7.14
-16.31
-10.77
36.32
-174.31
-0.53
8.55
24.83
2.27
19.38
-12.99
-2.41
-154.75
-36.02
13.55
-13.32
14
6.33
-8.83
14.81
18.55
37.35
-3.95
-3.81
10.44
-2.47
-2.42
21.21
-0.81
-0.04
6.48
32.41
31.98
86.11
10.39
-45.91
2.16
-6.6
-9.08
102.63
21.94
8.02
-1.75
-64.28
0.01
77.98
16.39
48.18
141.42
81.39
-34.67
9.56
18.27
-2.21
155.72
-4.62
5.23
61.73
-76.63
8.24
58.49
2.57
-1.06
-3.58
10.72
46.43
13.67
11.19
-23.89
4.63
-9.88
-10.79
-35.17
43.53
19.41
100.71
8.91
10.92
40.1
-22.3
39.79
-4.52
-86.23
-1.04
4.25
-80.38
-11.79
-11.79
-44.54
2.95
139.4
71.39
20.35
-9.31
4.93
26.57
-7.11
23.3
2.67
11.1
102.82
6.2
11.22
-96.87
28.97
4.02
37.64
103.74
-11.38
-18.28
11.49
10.36
-62.53
0.16
31.4
8.18
-136.25
-68.42
30.39
14.59
22.11
-17.11
37.86
-64.96
64.56
6.77
-15.6
12.26
50
-52.99
3.63
-159.18
-198.13
-23.76
-10.95
21.57
14.59
-29.25
34.85
-206.46
8.12
-53.26
60
-0.93
-6.81
5.72
14.06
69.01
-10.38
-7.62
-67.69
-5.4
-16.02
9
-7.11
29.77
-24.67
-43.14
-85.23
127.37
-12.04
-12.54
-13.96
49.45
92.54
-11.56
33.72
-7.95
-81.88
28.83
-10.01
-13.65
-50.46
39.9
37.74
-8.33
-198.08
-103.76
-610.78
5.51
16.46
74.63
-120.59
-30.24
-7.61
38.79
-3.45
44.58
-30.09
-1.21
-22.27
-7.44
-53.25
11.65
44.7
-6.58
72.45
7.69
-28.49
66.99
54.89
8.4
-67.87
-13.2
-238.14
-36.08
109.45
-19.89
-2.84
-37.09
27.91
53.6
7.31
11.2
2.08
7.8
37.01
-6.22
11.79
-28.17
-27.13
-2.46
13.47
-59.13
-6.82
11.23
15.55
-9.08
-13.59
15.41
22.6
-4.06
-100.55
-1.64
-0.06
-18.62
11.42
-13.14
-8.8
19.32
14.33
64.19
-5.78
-3.81
-91.83
-44.77
-6.44
-15.02
2.51
83.5
-50.6
1.41
-3
-1.52
-50.8
-55.75
33.41
-7.99
9.51
-2.51
-92.05
10.18
-7.93
5.06
118.62
-36.66
-85.85
-3.82
8.73
-0.43
13.5
-9.4
6.76
13.7
26.94
-383.7
-14.42
-9.91
-90.3
-51.22
-182.05
-8.38
77.37
32.13
16.48
-21.98
61.51
7.7
7.66
8.64
1.57
-12.08
6.45
-35.5
-29.09
11.64
59.76
-60.87
-46.93
-107.05
65.55
-12.84
-7.53
-75.61
2.64
11.8
77.41
-9.11
-56.61
-11.61
-58.61
11.59
-20.16
-3.13
25.74
14.61
-10.28
23.64
11.43
-85.64
95.37
-36.97
12.72
120.95
60.09
17.55
-7.29
86.72
35.71
61.29
65.48
-27.53
-7.15
6.09
18.08
41.22
25.07
7.24
-61.82
-8.62
31.95
43.99
-11.33
-49.7
-50.08
42.21
-124.87
65.24
0.36
-43.64
-99.41
-6.12
5.2
25.74
4.25
-76.45
-82.73
-4.87
10.03
12.91
25.43
-110.64
6
1.78
8.45
-3.5
-3.68
-6.18
-21.46
69.26
-6
-11.1
-53.86
3.33
12.26
46.64
11.29
42.92
20.23
-63.18
17.75
-27.18
73.81
-4.03
-47.94
-66.6
19.36
34.77
101.57
-181.58
26.58
1.99
83
-16.94
55.44
-17.74
-9.26
-9.54
-37.6
71.21
16.26
-3.61
49.98
26.31
18.05
-35.79
25.97
0.34
19.6
2.28
-5.39
-526.82
-95.56
-65.38
4.81
0.75
-13.52
-33.83
2.23
41.41
85.38
-73.81
-13.42
1.53
-10.18
59.83
-10.61
-8.38
-68.93
-5.53
-5.93
-44.04
93.47
17.7
49.66
-116.3
-85.36
-53.08
15.07
122.28
-6.9
23.51
97.3
-26.32
-77.98
-27.2
45.69
-2.45
-5.25
8.41
-10.52
80.45
0.98
9.22
41.45
57.73
52.26
-12.26
-23.33
18.61
-1.12
-12.4
-29.95
24.64
-49.74
41.03
-4.96
46.75
-47.99
9.53
6
47.45
-10.46
-1.73
4.14
17.38
14.56
91.01
-9.65
-63.97
-19.98
156.68
55.8
-10.79
-84.05
-39.64
4.01
-15.25
-17.37
10.74
56.83
12.98
-68.86
29.2
-8.72
61.2
30.31
11.4
-4.89
-43.19
-8.51
23.65
12.87
145.86
-9.56
-4.63
-5.63
-15.89
60.96
119.93
-0.87
3.2
-7.39
-16.11
7.17
10.84
-38.34
-87.38
-10.3
110.62
-33.23
45.4
-16.51
-0.55
-112.51
-68.32
-16.24
-22.76
-7
-35.03
-84.21
46.69
-29.89
98.12
2.71
-11.82
-52.16
2.92
49.28
62.28
9.04
0.78
63.01
71.44
29.03
1.33
88.93
-7.6
-123.68
10.37
52.61
111.44
7.73
24.91
24.18
-2.68
7.48
-17.87
14.19
-22.95
-115.38
100.02
0.56
-2.36
-6.8
-1.3
-232.62
-10.43
-92.13
-4.88
-18.98
50.88
-12.22
10.35
3.74
-53.6
-5.32
3.37
-8.62
-90.68
10.56
-10.15
44.04
60.29
8.21
25.29
2.73
14.27
6.68
-5.33
-10.46
17.56
-84.07
45.13
25.65
26.91
-4.05
-1.58
-15.27
-47
23.02
42.03
-4.12
-12.07
-9.07
13.64
-8.43
-15.77
17.48
-1.21
65.26
11.85
-7.47
2.98
-4.52
11.89
-86.84
-5.18
-132.36
10.48
8.37
4.69
201.06
-59.77
-4.13
22.43
2.5
41.53
67.9
-35.93
2.79
-5.07
1.11
-145.75
-207.96
-6.66
-30.02
15.74
24.08
17.36
15.05
-7.75
34.62
10.89
12.58
9.64
4.97
-44.37
-31.89
7.17
53.97
-12.6
18.13
-0.2
30.13
-13.28
7.33
-96.79
-10.82
19.65
-10.59
0.08
-1.36
11.4
-40.54
-14.33
25.95
-9.11
-7.82
108.99
-20.9
20.1
-0.92
28.85
90.54
12.19
-7.82
-7.91
26.99
-14.4
-44.39
4.34
49.66
-87.08
-50.69
-4.65
-4.64
8.54
3.03
3.93
-35.61
-12.59
-33.98
-43.93
-146.81
-8.12
20.32
-0.35
57.92
-4.07
4.58
-13.63
58.53
