7.52
-10.52
-34.18
-6.26
16.26
70.7
-5.09
59.76
3.4
51.97
-18.51
4.02
-12.54
119.77
11.86
-1.97
-5.36
54.64
27.3
-23.26
3.54
-6.67
7.63
-10.26
14.65
-104.44
-73.52
28.01
17.95
146.96
-10.15
106.64
9.08
15.65
10.6
7.1
-8.44
28.03
11.25
1.39
11.46
-10.03
-35.46
18.52
-72.71
24.3
-45.75
-0.34
6.78
-34.14
-11.91
11.96
130.41
-22.4
3.32
5.69
20.3
60.02
-21.87
7.28
16.49
3.61
-9.19
10.33
-26.28
66.24
-0.16
-6.84
-1.33
9.14
6.78
16.9
-7.37
28.92
5.83
4.95
6.38
96.38
1.44
-29.06
-47.33
-3.22
-9.1
10.54
66.22
22.9
-28.52
-5.26
-13.98
112.36
-5.28
90.84
72.8
-12.22
-72
-2.99
18.09
4.05
47.45
-17.53
-1.82
-11.41
52.64
48.17
117.68
0.26
-0.31
58.47
13.56
112.92
-10.3
17.36
-85.4
1.29
6.53
15.6
-170.7
54.36
-2.59
37.66
-15.65
-11.25
-28.91
-9.88
67.69
-7.02
16.69
121.02
-41.11
-12.75
77.11
-17.68
-6.42
45.33
-14.69
22.25
-3.28
-6.99
-51.68
-15.48
49.16
-0.14
56.66
8.59
-17.9
16.85
-6.76
10.37
-8.53
1.56
-8.22
-6.66
30.94
9.12
81.75
13.95
1.48
-5.48
26.88
-0.65
9.93
-28.98
6.66
-5.91
49.44
47.41
-10.84
8.8
-18.18
48.67
-0.74
10.26
-159.03
23.94
-31.05
-28.13
-108.21
76.12
-55.01
63.58
39.57
49.41
87.25
1.51
6.03
-5.24
-26.18
7.16
55.7
2.06
-74.24
42.78
98.25
-10.24
30.67
33.58
6.32
13.46
26.98
-45.52
-4.23
32.63
-7.73
-10.02
20.14
19.27
-0.21
5.93
11.39
28.02
-94.06
-29.28
32.47
-6.57
0.83
-10.62
-18.43
-10.11
7.75
1.19
-38.12
-29.28
6.87
-11.87
73.2
-8.66
-60.86
-17.11
12.59
10.96
-0.68
-33.52
-3.4
-17.74
8.78
-12.54
-1.23
24.81
96.6
-8.65
-7.05
-10.18
4.39
-32.93
-4.44
-5.48
-9.03
-36.61
68.24
-56.06
46.03
-31.26
-15.69
-33.94
36.22
-39.64
19.27
30.37
7.87
22.74
-9.15
27.87
20.56
-20.84
-54.83
27.14
182.14
10.77
47.17
-104.13
-8.29
22.86
-12.7
-7.86
3.73
-70.55
120.11
13.88
-76.46
-20.01
-35.9
-2.91
46.01
-14.02
0.93
-24.31
-12.77
58.23
-7.19
-74.4
13.66
2.06
-4.96
4.86
-1.13
285.73
-5.1
8.31
-26.11
71.92
6.39
-3.41
-10.83
-35.47
-7.45
-70.91
-78.93
9.79
23.48
35.41
-9.98
-12.13
-7.11
-0.93
-18.12
14.73
10.25
-60.51
-7.63
-52.65
42.22
39.74
36.47
57.66
7.77
-42.64
-7.07
-1.1
-28.41
-66.33
11.95
35.05
52.63
0.56
-12.32
9.68
-63.83
-7.84
21.13
16.23
49.6
49.92
0.1
-19.94
-97.41
-16.65
33.1
-51.75
-5.3
-14.93
-7.15
-37.52
11.72
117.6
-74.35
-62.01
2.27
-8.88
7.26
-0.08
24.29
0.17
-7.27
79.94
1.63
12.67
5.58
14.82
-19.15
43.11
89.35
-4.15
-88.49
13.23
-15.51
53.98
-22.22
-81.02
-4.94
16.05
-9.03
13.27
-66.55
143.42
-42.29
-9.87
32.38
102.9
-11.51
13.77
19.4
44.96
-1.06
-12.88
28.79
-37.61
7.61
266.26
-20.34
9.24
-5.56
-51.34
-4.84
109.3
14.91
7.25
-6.33
21.16
10.11
6
-42.49
-5.81
-33.57
1.29
-4.84
-80.3
17.04
-17.35
45.36
35.4
-37.2
72.12
5.23
29.29
-7.01
-55.9
42.93
-31.73
-6.54
9.54
-15.2
10.12
17.34
6.72
3.83
11.21
85.45
-5.61
-9.13
2.48
16.99
-10.76
73.46
-4.82
3.59
-10.05
7.3
9.12
66.78
99.59
7.67
42.95
-28.83
0.75
-6.23
-9.12
-41.51
83.93
64.04
4.8
5.91
-12.07
8.34
-73.59
-8.16
52.93
-28.79
-32.99
11.19
-9.21
11.88
-22.81
-2.29
25.76
52.39
-28.45
7.5
7.4
-4.92
45.53
-98.95
-49.83
-38.26
-9.13
34.55
15.41
-3.07
-37.25
-5.26
0.82
-27.18
-0.92
100.56
33
-7.57
-2.06
-20.19
-49.19
-6.53
5.93
39.35
-81.76
27.5
-12.88
26.79
15.37
119.44
6.7
-11.24
9.94
15.15
86.32
16.29
40.74
17.04
4.34
3.19
16.18
-2.21
-7.41
0.17
-9.1
16.31
20.75
98.96
28.81
9.05
-49.21
63.73
-8.75
53.58
-51.43
18.23
-115.36
6.62
-86.99
17.74
26.88
-43.01
-78.76
1.14
-31.87
2.93
66.04
-0.65
32.05
-19.19
29.54
13.78
-3.86
-1.97
141.26
-9.37
-25.86
11.37
-9.84
132.71
1.69
3.47
29.64
35.7
-17.4
57.97
21.6
-2.77
8.31
-19.94
-6.44
33.03
96.1
-7.8
-20.33
48.22
-10.49
116.09
26.47
-75.93
-12.49
13.66
6.21
-19.05
5.13
17.4
-1.16
9.43
-17.18
-0.29
-4.2
11.58
16.2
10.6
10.76
-63.91
36.29
1.96
38.29
89.38
-1.23
5.41
0.71
143.58
6.13
-31.31
50.85
36.79
-2.98
-1.99
-23.38
1.84
14.97
-2.96
8.99
-9.17
3.65
16.47
-20.56
136.44
-9.89
-2.5
35.5
6.01
-38.8
-225.64
-17.3
19.43
115.24
0.83
-5.35
31.58
-6.23
32.09
24.23
-174.16
-21.84
12.51
7.24
-20.13
1.41
30.72
9.86
6.83
-37.62
49.2
2.51
-1.45
20.08
-7.64
13.55
-40.71
10.77
43.3
-22.75
-12.83
-8.3
-4.03
9.12
-3.61
-0.57
-12.46
34.53
-20.13
2.83
-28.47
-25.71
12.42
39.67
-16.77
-58.72
10.01
-0.94
-6.29
86.45
-6.83
2.72
13.52
59.35
14.66
20.74
-15.23
-28.64
-27.22
-41.71
-9.72
-72.35
0.42
-11.54
-4.81
82.02
-4.5
3.48
39.38
13.71
-9.02
10.75
-60.63
25.79
62
-14.36
-39.71
0.78
-8.5
74.05
9.77
11.31
-10.96
6.04
19.47
-5.18
17.67
7.15
-11.64
108.45
-65.34
-95.32
25.72
0.31
-8.2
19.89
-2.43
-8.83
-146.11
5.47
144.32
-80.79
12.14
4.52
-11.98
19.65
-9.01
13.7
-16.73
3.22
33.61
-13.62
6.58
-1.39
-27.12
7.8
-50.75
-2.75
3.45
99.26
-22.51
-7.24
-0.3
-8.15
2.76
2.11
-9.17
-1.3
-9.71
115.92
63.73
26.12
-59.36
5.59
77.47
-15.45
-36.52
-14.72
-15.79
42.55
-26.04
-1.54
27.62
7.91
-2.65
55.99
21.57
30.24
62.89
-7.71
-7.29
23.15
53.56
11.53
-43.53
44.65
27.58
1.02
-7.57
98.6
60.79
44.39
-9.24
48.53
-22.64
5.45
-5.25
-32.97
76.14
7.37
32.72
-14.82
17.36
-11.68
4.08
0.66
311.65
16.97
30.38
28.28
-3.15
2.71
7.85
4.71
-88.28
61.77
27.28
-23.71
2.91
80.29
-1.33
-56.85
-25.29
-2.27
-93.34
3.89
6.71
4.78
45.8
1.83
156.05
63.34
8.63
-54.05
-26.34
-6.44
118.73
29.48
-2.25
74.51
2.98
-2.99
52.78
-7.67
16.91
1.94
-21.38
-3.6
-50.64
-20.47
10.24
4.72
49.04
-12.41
-2.9
-202.5
32.09
-7.18
-72.96
-60.74
-4.6
-44.36
-98.11
7.35
-4.75
11.25
5.11
-67.7
5.44
17.29
-41.66
79.69
-75.1
24.83
7.31
1.31
-9.91
42.66
-5.41
0.63
-8.88
-67.24
28.64
-8.15
-24.06
-19.47
-14.69
-15.17
-9.91
-69.9
6.74
42.4
-51.81
38.56
-32.16
42.49
-3.32
21.62
-103.8
-31.2
19.97
-1.69
-4.16
4.58
-16.94
-87.1
5.39
-7.7
-4.78
121.81
-30.25
133.39
-26.17
2.13
-107.78
-5.73
209.13
-10.1
-3.44
0.37
46.79
56.11
-5.7
72.59
-10.28
24.67
-3.49
-17.09
2.86
39.18
77.14
18.75
0.1
69.5
1.69
11.51
4.77
46.38
33.41
17.27
-44.76
-94.52
-16.36
-110.13
-3.03
-5.35
2.57
68.7
5.8
-22.81
4.81
19.49
-7.91
61.05
34.14
1.63
0.77
-206.76
-9.58
3.43
0.48
-0.49
-1.02
16.33
-5.51
-34.49
-7.88
-27.6
76.99
104.18
-4.55
-30.88
13.35
-172.88
-98
-3.57
-2.82
64.24
-123.15
-8.55
1.97
-37.37
-26.79
17.15
2.52
-10.59
-1.05
7.16
9.3
50.55
11.35
68.34
48.8
-5.67
-7.53
-44.73
50.82
-62.43
-15.25
-4.54
-9.6
-55.93
-3.99
54.32
19.43
7.42
30.66
66.66
4.2
48.1
-11.03
20.26
12.21
73.27
5.33
-97.52
31.46
4.76
8.18
-0.61
-8.94
-4.96
8.11
32.5
-28.09
-7.12
8.51
12.22
-21.82
-104.04
64.66
8.71
