-56.16
35.72
-0.5
55.45
-6.11
-31.25
83.73
-26.72
66.84
11.38
-4.43
11.74
-9.87
-8.28
-38.18
-89.49
11.1
-47.1
49.35
-2.63
-3.36
-12.98
34.64
-74.55
-18.34
-0.17
-5.6
-16.06
12.3
24.48
47.64
-8.78
0.6
-9.86
5.92
165.33
7.63
-5.81
-35.93
9.92
38.34
70.84
12.59
-55.72
-0.67
-163.23
-0.8
-27.49
-11.62
-25.27
-47.43
-73.31
-7.73
28.55
37
16.41
27.38
-65.95
63.98
2.86
65.96
-6.67
-33.98
9.57
20.2
5.99
9.09
-5.53
56.55
82.38
25.65
9.92
28.75
44.16
55.22
33.11
12.2
-44.19
4.23
-2.11
-30.32
-34.71
0.97
-7.94
-1.33
29.67
-23.27
-6.11
-32.4
52.43
-99.96
19.63
-34.76
7.99
-138.37
-38.8
-0.79
-29.31
-5.75
-2.12
-69.95
-2.25
-46.85
9.02
-9.38
-5.36
11.64
8.01
-1.44
29.47
253.15
5.41
30.16
25.64
5.39
104.53
-93.01
-14.89
23.35
140.58
-52.56
-6.34
52.86
-11.55
-26.62
-3.94
67.15
-4.27
6.65
1.22
-8.64
40.04
-6.6
40.56
-1.39
11.59
8.23
-6.3
79.19
0.69
-40.03
0.19
-2.45
8.74
76.23
8.98
-17.61
16.03
81.72
46.21
-50.47
11.4
0.22
-25.04
-9.41
-7.27
16.66
-3.09
17.91
109.43
15.29
-9.92
-107.66
-9.52
-39.77
10.26
12.38
-6.47
-59.6
-25.85
-1.56
25.27
-1.66
70.14
11.9
-50.34
-31.27
-26.92
-70.59
10.44
370.98
22.95
-111.06
33.77
-8.48
35.11
-52.09
11.26
57.34
8.02
-73.53
20.5
20.72
66.28
-1.27
10.39
-27.17
-14.81
102.49
4.79
66.22
91.07
14.07
43.9
3.47
-16.96
15.84
5.25
7.48
-91.79
-38.99
-38.76
-0.31
-11.73
12.89
2.51
-37.54
-6.97
7.63
6.06
-7.11
-66.88
-5.56
-96.61
70.45
10.71
-20.13
24.82
78.82
32.32
-14.88
12.85
21.35
7.23
-67.62
38.72
6.61
-9.26
25.09
2.11
8.19
-12.54
-154.69
-35.71
21.67
122.5
-80.94
-145.26
14.59
23.57
-117.4
14.2
-6.13
-141.24
75.36
-2.31
-6.66
24.53
-17.35
-14.78
-11.49
-2.06
-53.38
16.04
6.91
-63.11
-139.05
11.33
81.66
35.06
13.1
-1.12
-8.16
7.38
6.48
-49.78
-1.63
-0.26
52.85
295.31
-10.59
5.03
-38.45
-14.37
5.67
-6.35
11.68
6.2
-53.29
-5.25
32.7
-6.33
26.85
10.35
-0.68
8.49
27.25
4.17
17.21
8.25
13.11
12.56
-63.07
-4.81
-26.83
1.57
-14.27
29.56
38.52
112.71
-8.54
46.56
-48.18
-134.92
45.31
1.3
5.62
9.86
9.37
1.57
-60.44
-27.9
24.61
-32.69
10.38
3.42
-16.21
40.86
-71.1
-40.1
-4.65
13.36
46.81
-26.93
6.35
47.71
10.8
11.74
-2.51
-4.12
-25.11
-1.74
-1.54
2.52
-10.04
-83.79
-13.01
9.57
4.82
13.17
-2.45
-5.67
2.24
7.01
30.38
-14
-242.27
9.17
6.26
-2.6
75.16
9.31
-2.76
6.46
-11.46
22.25
71.98
-8.14
7.13
-35.68
3.05
-19.75
-67.83
13.64
6.09
-59.53
56.43
25.18
-1.01
-32.06
-2.92
-27.94
-2.72
-3.87
-120.75
16.93
115.91
-24.23
-7.78
-27.25
-92.59
37.12
-14.58
-9.89
-4.08
111.01
4.82
9.54
-279.81
-0.09
-13.07
13.85
23.42
72.26
-9.78
-13
-12.32
18.59
-4.91
8.26
43.46
18.15
2.92
27.66
48.76
-0.79
-136.68
-4.33
-39.25
75.12
-3.87
20.58
-10.35
1.69
6.66
-10.28
4.13
7.69
-4.91
76.71
40.56
-2.11
3.51
-8.52
43.87
9.35
-8.25
48.16
-45.77
35.42
6.56
19.66
-1.94
11.09
-32.35
-11.31
39.84
-26.07
-101.87
7.77
-54.63
6.29
11.81
9.38
-52.85
-10.15
-34.93
-5.92
-46.95
-6.51
57.29
10.79
16.79
-11.02
-44.53
-65.62
-25.47
84.05
-44.29
15.91
12.07
6.81
33.63
9.66
-36.45
23.75
-56.72
108.13
34.45
13.04
13.46
-116.16
-94.32
8.1
-10.23
-42.02
-5.88
7.96
5.65
2.45
8.51
-24.43
-32.43
4.26
0.97
-9.08
-24.93
7.86
5.63
31.73
-8.68
-342.3
13.63
-7.18
64.04
12.43
-9.77
-20.99
-8.12
-11.58
-39.24
43.87
-74.58
-1.72
-14.24
63.39
10.87
44.5
-21.78
-11.59
12.84
3.66
-29.58
-4.13
-42.26
37.84
-34
-179.5
4.56
-20.93
-26.45
-14.06
39.26
23.95
138.14
5.33
15.23
17.2
1.2
-12.81
48.68
10.45
-3.73
6.81
2.33
25.24
106.15
27.01
-118.64
-1.74
73.6
-62.19
27.07
60.08
-30.5
9.43
-41.3
-17.58
14.91
-35.75
-9.8
-30.21
-5.64
-0.99
-37.58
0.8
10.11
3.92
10.24
-8.68
78.58
-23.02
-7.64
-5.88
-3.26
-33.98
14.96
19.45
1.28
16.03
47.79
31.56
-5.9
-1.28
-6.45
34.17
-53.87
-4.12
11.44
-6.75
-2.15
29.85
-12.87
-4.82
-13.42
46.8
81.05
9.13
-27.2
3.25
-68.65
-4.62
19.64
51.46
11.48
4.67
38.27
-6.33
-2.71
76.45
46.47
7.51
127.3
-2.26
32.83
8.28
-7.28
5.47
61.35
-4.81
22.75
5.24
-8.91
14.62
2.34
111.75
-4.32
-6.97
-82.56
-45.25
3.92
-7.12
4.65
-100.74
13.24
89.95
-41.27
-0.87
14.48
-109.42
-14.81
29.77
-8.72
6.4
-3.6
2.02
-12.01
-47.74
-40.38
12.33
-40.8
40.35
-9.37
247.56
8.01
1.23
3.19
29.42
-5.61
4.94
-22.88
-1.1
9.28
-92.74
17.42
55.2
9.52
4.54
-68.88
-55.08
24.39
-7.22
-42.54
15.94
163.79
77.04
0.95
96.21
-55.56
41.06
-12.13
7.52
1.02
38.12
1.37
-69.25
26.76
0.64
-115.4
3.17
8.41
-133.54
-160.03
2.13
11.2
-4.7
4.36
0.56
1.51
-81.71
58.24
10.44
36.94
56.34
25.32
31.02
27.98
-37.36
5.12
-15.95
-150.21
5.55
33.97
-0.17
-21.81
5.43
42.46
21.28
62.46
-15.66
-76.1
64.78
10.48
124.01
231.99
48.07
9.86
-44.31
7.39
6.33
91.63
4.95
-0.65
-5.29
-3.81
25.5
-7.82
24.75
1.08
2.77
42.06
5.64
4.62
-31.55
14.12
-8.31
-5.47
59.51
-105.51
-2.37
-50.8
9.52
4.35
-55.14
5.49
37.83
54.78
40
-7.34
57.93
-5.62
3.06
-103.36
-22.95
-8.85
-25.84
-36.33
3.51
-192.31
36
-43.23
11.74
-37.14
16.69
12.54
6.33
38.44
-88.41
-320.68
8.11
-37.19
1.91
5.46
29.53
-34.97
32.11
2.04
-11.36
-5.66
-12.3
97.56
7.08
47.15
-9.9
67.64
-8.84
67.51
-15.03
-10.44
-33.02
-11.19
20.42
12.04
5.72
6.2
-11.61
8.38
-30.37
-3.83
-38.48
94.08
29.37
5.23
31.87
5.01
4.49
-222.75
-1.07
24.45
-8.57
9.05
11.85
6.12
-4.9
15.03
-5.44
-18.07
-6.52
-9.11
-109.81
14.94
-81.64
50.53
14.03
-55.03
1.32
6.23
43.22
-35.97
-27.33
-18.72
2.63
-57.45
3.41
-43.16
0.73
60.13
12.27
-54
-3.26
104.46
-16.12
-70.35
34.77
53.81
15.2
3.6
82.93
47.8
-16.39
25.67
-12.33
12.75
10.87
-47.71
-71.43
28.28
75.87
10.1
-3.16
16.75
26.25
-9.29
11.26
-23.71
-7.22
57.4
50.49
-80.19
10.29
-10.53
-2.47
94.06
-30.92
11.33
-50.73
11.22
-3.98
5.75
-36.99
21.07
-1.13
-139.55
-22.23
-8.35
-10.8
-20.02
-1.37
56.7
66.91
55.22
-20.76
-18.29
36.15
-24.54
22.44
-12.27
30.16
-139.75
5.09
-182.53
-21.06
-88.75
9.4
-0.53
-142.76
117.88
-3.57
50.74
42.32
-5.83
-13.21
8.75
21.32
-31.86
12.67
-142.47
-58.52
1.95
13.08
-111.48
0.46
3.5
1.46
9.42
-17.02
40.33
19.33
52.18
105.91
4.25
-135.69
-57.74
25.05
42.29
16.54
-3.04
92.7
-7.13
2.75
-38.04
-46.71
105.49
9.04
64.2
99.21
39.47
-41.7
13.5
-18.92
75.36
-4.39
-12.03
3.56
41.71
21.5
-23.14
25.3
23.05
-7.5
-30.98
-71.72
-40.38
-8.8
30.1
-76.11
9.02
37.46
71.22
34.18
40.64
24.38
55.01
7.69
112.21
77.97
9.3
7.43
0.33
31.61
-14.61
-1.7
-38.95
-6.84
17.04
11.01
-5.32
-56.6
10.8
10.02
13.4
24.01
7.82
-11.65
6.81
16.43
12.2
-58.01
-30.91
120.77
-41.64
-53.71
-27.6
13.87
2.04
-31.88
-22.02
-21.42
73.15
-82.32
-6.92
-106.52
-9.67
-12.79
