-24.62
74.91
7.72
-14.2
-4.01
12.35
-31.45
67.73
6.68
-11.12
56.52
-74.01
11.69
94.32
-15.83
13.15
-5.89
59.06
-13.14
5.81
-5.69
-83.63
88.98
-9.56
9.18
34.02
115.39
16.48
12.74
-20.25
44.07
16.19
19.24
19.28
-63.38
-9.75
36.53
17.74
-8.7
-17.28
-81.82
113.6
78.59
33.87
-6.97
21.97
21.24
1.72
-4.82
10.18
-45.49
-8.75
233.1
0.39
1.67
10.92
61.38
78.82
-13.48
1.4
-170.12
71.38
25.92
-5.72
7.75
-1.34
-6.27
32.49
-0.09
36.62
-75.85
-26.09
-8.49
60.73
-5.9
94.03
-7.99
-36.78
-0.67
99.93
-4.49
5.3
-9.42
-13.66
24.37
45.31
-54.51
-5.07
3.18
-19.4
124.14
-52.11
-2.29
-21.74
-9.51
-37.51
63.91
26.19
3.63
-11.99
-18.3
-18.08
13.45
20.46
2.49
42.13
28.65
-142.3
8.94
5.47
0.55
5.66
-15.81
-2.62
-15.88
-10.59
-22.17
10.19
-6.2
38.11
-39.01
-38.73
13.29
-7.2
23.39
38.96
-197.29
5.18
-9.79
-94.77
-0.13
29.79
-8.92
0.25
-2.11
18.94
5.33
10.29
-55.09
-4.5
-35.84
-8.38
-52.98
0.54
177.04
-68.34
0.83
-48.94
9.05
14.08
-5.07
-1.93
5.93
16.04
-7.42
-50.09
-6.67
-63.7
-13.56
-10.24
-3.19
159.95
-8.57
-0.38
5.94
23.8
31.63
28.55
-0.68
15.76
68.18
50.13
-5.84
-102.82
13.95
9.4
34.72
-21.86
94.35
0.65
38.44
-87.28
-4.2
6.48
-13.29
90.34
-14.84
23.69
46.24
-46.83
-105.85
-36.39
-13.86
-24.99
1.16
-0.28
158.83
32.67
-3.47
19
-29.3
31.03
26.11
6.28
-18.03
30.49
-14.54
50.17
-2.35
-143.7
-77.19
68.4
-17.16
-52.73
38.67
13.16
5.89
-7.76
6.47
-103.91
35.47
9.57
16.34
21.01
-33.27
-38.21
-49.14
-10.46
0.55
-96.97
7.35
-38.98
48.93
-3.91
-15.46
11.13
22.11
-23.19
-3.41
3.74
12.1
8.29
11.02
-21.02
-8.11
4.86
45
5.63
-8.73
4.59
21.04
43.37
-24.18
-53.7
-8.73
-9.27
34.23
98.85
55.67
82.49
-9.27
2.35
61.61
2.95
26.75
-67.9
40.09
-6.79
13.27
-72.8
2.37
-32.53
-56.24
19.02
-9.69
-5.5
-41.55
60.32
-21.31
16.45
-70.96
14.46
77.84
-2.54
71.41
4.85
12.15
1.59
10.27
-199.01
-7.33
1.8
0.27
6.12
-48.79
-4.13
14.34
-11.64
6.71
46.54
6.98
-118.12
-11.2
9.87
-6.07
-16.78
8.56
-8.09
-9.34
-4.94
-54.45
29.84
-13.1
-7.56
-51.19
121.25
25.59
1.78
-16.1
49.19
11.16
-30.16
46.94
-17.66
0.22
65.39
-0.43
-79.95
55.3
30.02
3.49
31.26
5.56
82.11
-6.86
-65.41
-73.85
-42.69
13.05
-38.67
-6.92
12.46
-70.26
-5.37
-43.69
64.69
159.54
2.06
-30.04
39.49
4.01
54.74
3.3
31.17
-19.14
4.68
-9.63
-1.27
-6.34
42.91
-87.42
5.01
4.39
67.86
-9.18
-13.55
14.95
-115.7
2.98
7.56
-11.39
17.61
-3.07
0.88
18.22
-110.82
7.13
-6.38
16.57
-15.72
7.73
-0.17
20.69
22.35
-24.81
-31.3
-43.49
39.31
55.27
55.25
12.44
36.47
4.47
-2.44
-9.72
-3.63
41.44
-13.47
-31.14
2.3
8.7
-12.29
7.02
-11.4
33.39
-90.68
-19.15
33.01
5.88
-6.14
18.56
-8.03
-13.29
73.24
-10.17
19.59
-7.77
-15.99
-14.1
66.55
10.71
0.9
-15.82
123.41
-90.72
13.8
49.54
17.56
-6.31
20.29
8.88
46.09
-98.47
44
-95.95
-12.09
-0.51
-32.77
25.84
8.95
-43.61
13.42
-17.64
27.47
21.2
77.34
-76.7
-9.86
13.19
54.98
35.04
12.37
8.08
4.74
56.68
-33.83
-40.5
10.02
-1.83
4.37
6.49
-15.58
-48.32
-16.79
-52.22
-108.53
70.32
3.74
7.04
18.9
5.4
48.31
3.51
11.69
-54.77
7.38
-18.04
-8.94
39.63
1.81
-0.81
6.36
8.61
0.26
0.48
26.94
14.03
-194.55
-10.6
13.13
-201.8
-52.97
-66.94
55.79
28
5.41
10.38
-23.84
78.35
-84.59
14.58
3.36
21.9
-123.99
-6.08
-6.73
-1.36
76.29
-10.1
0.56
170.37
20.57
6.45
13.66
7.17
-12.17
65.17
-4.13
23.09
-7.51
2.57
37.85
82.63
-3.32
-61.78
12.39
-18.98
106.44
24.13
-70.85
-0.76
11.43
80.99
-16.39
84.31
-10.49
1.88
1.51
68.78
10.73
-15.64
1
8.2
1.41
-136.19
8.72
26.61
14.1
8.17
-134.53
28.61
-3.27
30.86
-6.96
49.81
-4.82
25.6
-36.07
112.11
-32.3
-0.58
6.59
6.03
-82.43
42.12
-11.2
2.83
-32.02
-4.91
1.91
3.93
39.17
-8.13
-7.43
111.58
-42.92
23.85
67.33
2.25
-35.94
-97.02
18.44
-0.89
-69
34.52
64.85
11.66
-37.68
-10.79
59.64
40.82
-8.1
-13.29
-0.45
-57.18
-10.35
-34.41
9.89
-105.08
-24.56
-4.01
3.17
16.14
-20.56
-18.61
9.13
-6.19
-5.77
-6.16
-59.87
9.01
-26.6
2.03
-7.17
1.21
-9.18
35.17
18.13
-9.65
3.37
27.45
1.27
35.79
-4.67
-43.65
-105.72
-41.98
33.85
-37.51
-5.23
-38.01
-7.55
-1.94
-6.75
38.84
7.25
-8.14
-67.3
62.35
8.62
-60.4
20.13
14.29
4.83
3.43
1.08
-50.84
19.61
78.83
7.79
2.98
-7.71
15.58
57.4
-3.95
40.39
-240.88
-6.41
-2.27
9.76
-8.11
-6.54
56.87
-27.85
4.42
-7.1
-42.04
39.12
-142.04
5.34
17.46
81.73
81.78
-136.83
-8.25
-9.41
86.23
-362.99
-50.87
-7.42
-6.72
113.88
-3.75
0.03
-5.41
-23.79
52.29
-5.23
-10.24
93.44
62.97
-30
-20.71
10.85
5.36
-25.55
-26.53
-6.19
-5.11
-7.07
-9.45
-106.61
-50.7
-5.5
-82.63
8.93
3.06
10.66
-31.93
62.57
3.27
-8.68
-33.28
49.63
18.31
10.61
21.6
46.47
4.6
-11.16
2.11
46.83
-1.63
-1.32
7.82
87.44
8.13
42.54
-5.26
15.05
-6.54
85.18
21.62
3.69
-20.13
-33.97
-15.2
-1.46
-20.77
-5.74
25.74
55.89
-6.45
-36.86
10.35
-23
29.97
-7.36
19.63
17.32
55.14
-0.74
73.9
-35.02
-5.53
72.16
15.45
6.89
32
15.68
-23.17
12.86
-7.17
-1.56
-236.65
-7.18
19.73
31
-3.85
-17.77
-15.88
55.49
-11.58
77.55
19.77
103.91
-17.51
-0.08
41.13
5.4
-10.8
27.69
-6.4
-144.9
-3.17
52.99
36.22
123.18
-39.95
-43.01
25.95
63.22
-52.88
30.53
4.45
-4.25
-6.51
-10.32
117.96
2.97
29.35
-27.18
-28.47
3.59
-14.81
20.82
20.18
12.92
77.37
-8.6
8.32
123.57
7.64
-25.99
7
36.57
1.52
8.28
-4.8
4.72
-8.02
-12.01
14.99
24.98
14.74
-68.36
-7.19
0.21
10.48
12.5
21.8
-2.83
32.72
12.62
4.35
-11.58
-61.03
19.85
-43.23
-0.58
15.54
89.84
-26.26
-4.37
-14.26
-62.18
90.69
-6.92
43.8
-31.53
6.31
-27.82
-9.72
-1.89
18.48
-18.72
-5.55
-36.28
0.11
-10.19
27.72
8.62
44.5
-20.2
10.45
-16.68
-44.47
-3.38
14.54
40.47
-8.64
-19.45
-84.42
-20.7
12.61
-5.07
-12.2
0.06
3.23
-96.17
-12.44
-7.87
0
44.58
-7.54
52.46
-5.57
-64.67
-34.47
-170.6
93.81
16.19
-10.64
66.62
-25.5
-0.64
3.96
10.23
-10.47
-80.38
-10.21
10.76
-28.38
16.02
-33.77
38.65
14.17
-62.14
-4.3
-6.18
-13.74
11.75
-4.43
4.18
-1.87
-16.9
109.37
90.49
-15.27
-42.16
-1.96
8.23
154.08
-2.37
-20.9
135.71
-1.87
-12.95
9.56
-20.5
62.66
36.48
-40.43
-22.15
16.29
-6.03
41.21
4.42
40.6
-2.39
-11.73
9.35
8.98
-15.87
46.86
-20.97
-44.78
-4.2
-9.83
15.03
-212.73
-54.3
27.91
11.03
-0
-12.78
0.21
-27.53
-21.78
-131.74
4.53
-58.14
-48.06
5.68
-66.71
-20.17
-6.19
9.7
10.36
-10.83
30.46
87.29
3.26
100.87
-25.19
18.79
-13.01
-49.59
-18.07
-14.84
-160.18
5.07
42.69
41.52
-15.78
-42.68
15.46
-4.19
8.45
12.02
1.55
-4.9
-3.43
-36.8
0.1
-2.23
22.63
-54.72
52.55
51.47
-35.58
50.92
2.57
109
69.3
2.08
-24.97
-110.9
1.4
-1.93
25.67
15.34
-18.14
-13.48
-31.7
60.61
-47.34
-10.19
-75.53
14.53
-92.12
-7.7
32.72
-68.88
