-18.48
13.19
-19.17
-135.17
14.06
-10.49
25.31
-28.82
-2.76
4.42
197.77
20.28
1.5
-2.21
-9.16
7.28
4.92
-38.38
7.8
-23.86
1.02
-8.93
12.66
9.26
-36.37
-75.39
-9.57
-0.17
-46.03
15.04
-4.3
16.35
19.03
76.1
7.59
14.29
-9.13
-50.61
-30.9
-9.75
75.39
49.07
239.75
50.18
18.26
0.47
-64.28
172.18
32.81
57.78
-9.02
7.47
55.46
18.64
-4.56
53.81
47.15
-69.21
-1.48
-49.9
-4.04
60.07
21.57
82.39
73.9
37.98
-10.21
-69.31
54.29
-16.61
-14.16
-4.12
-5.63
-72.62
53.08
-11.64
-9.02
103.94
-3.46
106.35
39.29
3.53
7.86
-4.7
13.24
-7.11
-79.41
66.73
23.64
15.2
17.62
39.64
-5.95
8.31
47.49
-299.9
-2.39
78.79
-49.71
-75.03
37.76
7.46
-13.77
57.81
8.95
-12.11
-5.23
-32.45
-66.27
-9.68
-138.56
2.06
-54.9
-46.63
10.86
14.62
-66.92
-9.28
-32.97
8.66
-15.32
33.31
3.33
-19.63
7.89
-43.82
-32.38
-47.73
52.63
-12.28
49.23
-46.63
94.77
3.89
-84.6
-56.16
46.29
99.86
-4.1
9.25
4.82
-82.9
-16.32
1.51
5.56
-60.49
31.88
-67.51
7.57
-24.54
67.66
14.44
-1.82
11.77
6.57
9.6
8.32
2.21
-2.79
16.3
-29.33
-4.81
-8.84
-2.17
23.46
-49.51
15.26
-19.94
9.66
10.37
5.44
-2.72
-83.28
-0.86
9.6
1.19
-76.92
91.73
3.55
17.19
-49.45
3.97
6.48
11.48
164.81
2.67
21.44
-54.1
27.9
-226.54
-18.19
-119.39
52.7
-127.25
-17.47
23.47
13.03
-33.74
-119.22
6.95
29.2
-1.61
54.44
198.21
-9.22
7.87
-78.59
-10.2
6.9
-216.9
17.88
-9.91
-12.97
5.47
-6.12
-0.19
-10.03
32.16
-17.78
50.65
15.94
-6.27
-33.55
6.96
71.32
36
15.59
-23.7
-3.89
-6.59
38.09
-7.98
-10.3
33.35
47.53
9.06
38.59
-34.01
7.47
-32.07
-15.25
1.35
-4.32
94.8
-16.23
219.49
-70.11
8.81
21
-17.44
-12.09
83.07
3.33
-54.03
13.03
6.22
-9.92
-23.5
-11.02
30.67
-12.5
40.35
-10.55
-21.89
-7.97
-3.47
38.35
60.28
2.02
13.76
-16.7
11.17
31.9
-22.42
-19.27
37.19
68.08
-14.68
-18.74
18.95
137.35
8.94
-87.54
-13.29
-5.33
-72.69
-44.88
36.57
-0.19
-5.1
-14.01
-47.97
35.1
-4.02
13.95
9.65
10.55
11.73
12.88
4.69
-98.05
28.92
5.93
12.35
53.21
11.36
33.69
117.45
3.95
13.28
13.67
12.3
6.92
10.23
-2.24
-132.25
-1.1
42.2
42.82
40.87
86.96
-14.36
-3.12
-24.27
23.9
-35.37
-40.37
80.2
25.22
2.26
5.98
5.53
-3.84
11.57
-8.89
-5.9
48.57
91.14
122.33
36.98
12.63
-2.21
15.4
-28.59
-83.09
18.37
4.45
3.88
-2.8
-6.28
34.38
-105.79
-2.55
56.14
-26.1
-2.02
32.73
-56.37
-3.02
113.7
10.02
-1.36
6.17
225.33
10.84
0.47
-97.76
-0.51
12.07
-6.77
46.56
6.67
-19.59
95.97
-8.82
-1.49
0.44
9.65
16.03
0.46
-36.11
-5.96
-109.86
-15.01
-5.45
11.09
-84.01
-62.58
5.22
1.14
-56.68
-12.88
25.88
8.8
91.06
33.7
-53.52
45.15
-10.55
19.3
54.04
9.63
4.51
12.14
70.83
-121.28
4.87
-15.62
-74.34
15.01
-14.85
-117.29
104.19
-56.63
-3.53
0.6
8.95
-7.69
106.49
-11.05
69.35
15.23
43.79
4.49
-9.03
-11.84
12.44
-8.79
-11.69
31.63
-10.9
29.12
2.63
-183.91
70
-3.48
12.41
-8.94
-28.14
8.42
-1.64
11.06
-26.59
2.12
-12.27
-44.93
-10.2
-56.67
-3.98
54.44
-73.68
-10.6
27.66
119.41
-6
3.44
-6.91
0.7
102.31
3.72
-5.02
8.03
39.52
-42.81
38.96
2.88
78.1
70.16
3.79
-9.89
29.39
-99.68
-16.92
2.53
-1.17
-8.32
-3.67
-36.98
-2.43
-5.36
-16.75
-13.07
-2.69
1.15
33.63
131.52
3.17
-5.57
54.9
89.36
14.04
-1.6
-2.25
9.43
-41.57
-7.51
70.71
-5.86
-11.49
8.78
19.91
-31.36
40.43
-19.97
35.04
9.59
-6.39
-42.44
-1.81
-82.77
22.99
-13.63
-27.74
-5.53
5.17
-57.55
85.19
-34.69
-131.38
-87.99
-2.13
51.4
7.05
-17.82
-77.44
71.85
1.95
1.12
-2.61
84.74
34.21
-5.07
-16.57
-39
13.64
-1.95
-5.72
65.11
-52.03
3.67
7.32
11.18
-56.5
13.32
1.25
-28.46
5.11
-11.62
-17.16
7.64
18.5
-137.19
-0.01
-7.07
3.73
49.09
-56.78
-3.04
-22.88
5.28
7.29
-113.43
-16.6
-40.86
-10.78
60.62
12.44
10.31
-359.76
49.06
60.61
-10.08
-16.38
11.53
-14.95
28.65
15.91
-3.65
14.2
-25.21
39.93
-5.02
-12.29
-25.82
32.9
-17.74
-5.34
-18.2
2.4
67.98
-54.74
-28.96
17.81
2.48
71.44
12.05
2.66
22.71
34.83
-24.53
-83.48
-51.09
12.66
-8.54
61.9
-6.25
5.79
-50.23
-4.28
34.21
-0.58
1.42
-14.89
47.13
7.67
-36.89
-5.34
16.59
-163.23
-0.22
-17.41
-46.26
15.96
-15.44
-33.82
25.12
74.32
3.37
-10.1
37.63
59.87
-23.66
-1.52
57.35
-85.53
16.83
-5.64
0.73
42.36
35.75
6.3
68.13
5.63
-9.7
121.88
0.27
13.01
39.18
-52.27
11.18
-9.53
-3.08
28.24
-11.4
49.12
31.44
1.75
63.65
0.66
21.23
96.74
100.19
-11.83
-123.66
-2.73
-5.27
13.62
-6.54
45.26
-66.44
1.92
-35.79
92.33
7.39
22.01
53.05
-0.98
-16.31
-9.23
228.36
108.89
106.2
98.34
8.74
8.34
6.56
-31.16
-1.13
77.75
-9.2
-59.66
2.2
53.58
1.75
45.54
39.32
23.51
7.88
-13.23
15.98
15.81
18.13
5.97
8.03
-14.82
-13.93
7.9
-124.47
-16.98
6.09
12.55
113.86
2.39
15
9.6
0.53
8.01
-23.9
-40.43
13.19
-81.64
-13.96
4.8
-7.04
-51.78
9.29
-5.64
154.31
-38.56
1.53
-7.95
-53.77
4.05
5.86
12.35
7.19
-38.46
7.22
8.19
52.24
-21.73
12.05
-37.24
-3.64
41.97
7.79
-1.72
32.52
-1.52
-11.62
-142.47
-13.47
-137.75
8.68
50.35
-76.88
77.37
-44.76
-9.87
-6.87
45.68
10.89
-6.2
33.91
34.02
-5.18
40.26
-13.82
2.12
-17.53
60.44
-5.96
56.37
58.68
54.78
11.47
59.28
13.45
0.31
-1.35
40.36
51.92
-64.33
10.57
-31.56
-1.9
-8.45
9.5
10.74
-3.08
-53.55
-28.97
35.62
-6.58
0.91
-46.75
54.95
-27.01
-7.95
103.66
90.72
-17.96
34.67
18.58
-9.07
102.12
-70.84
-9.87
-29.03
30.48
17.83
12.65
-6
-92.18
-19.83
0.67
35.17
5.64
-54.23
-11.35
-88.74
-117.41
-45.78
-40.38
-116.27
0.35
28.65
-1.16
5.01
-6.46
4.46
-107.93
-1.33
70.66
11.9
-1.91
66.21
-14.56
-8.69
29.29
-9
-28.55
-48.98
36.24
11.84
9
7.06
35.98
30.01
10.35
172.75
146.6
66.47
-81.75
115.54
72.44
-14.38
-4.79
12.21
-76.91
54.79
-288.94
-25.61
-5.76
10.96
0.61
28.63
101.93
9.74
-12.02
-27.98
-4.85
-7.33
-114.46
-2.45
8.69
9.74
8.58
-73.5
45.31
-218.3
3.64
6.14
7.05
-53.59
8.37
-5.51
-15.39
-24.01
-7.92
0.78
-6.69
83.95
-36.78
0.27
-39.39
21.67
11.26
2.63
-95.32
7.07
3.73
-38.58
6.33
-10.22
-87.01
17.28
33.11
-4.97
27.85
-8.96
1.9
6.99
7.57
-61.13
-2.98
-25.22
10.04
37.41
34.28
-6.35
8.73
62.33
6.63
91.47
22.73
-24.75
3.49
363.39
-25.58
8.47
-35.54
32.78
-7.12
-18.27
109.29
48.78
31.87
54.9
-18.85
-6.7
21.86
0.43
-33.2
-46.87
-69.16
12.77
45.65
4.5
-7.92
-104.08
-8.79
9.43
-11.2
5.53
80.36
-5.85
-1.17
-12.11
-11.2
-10.04
-47.63
22.65
18.6
-23.92
13.78
9.7
102.08
-32.61
-12.35
-6.21
-62.37
24.03
23.65
3.01
1.48
8.76
-4.94
-22.7
78.37
31.88
-32.66
6.55
-44.33
-11.27
6.6
-4.81
15.56
76.14
-44.16
-59.62
-24.33
-9.4
2.95
-174.13
101.76
138.93
-7.58
-35.91
-107.95
-47.19
0.97
-7.25
-90.1
5.52
7.16
12.41
-48.31
5.19
-7.74
106.98
-6.11
11.53
54.16
85.43
48.31
-109
-82.68
-33.17
8.99
5.95
-37.1
2.94
-10.54
