38.73
-1.05
163.75
17.11
-17.89
73.76
4.87
29.8
-3.16
73.71
-20.17
-3.01
-55.27
14.77
59.85
-15.36
-9.41
69
-7.75
8.06
12.84
-32.65
2.94
-29.23
6.5
-4.73
-4.15
-10.59
-0.24
-13.3
-21.33
-61.47
4.23
-24.66
-1.97
128.96
-9.55
1.55
-4.2
52.59
-2.87
-15.29
-7.04
56.6
-101.55
9.39
9.11
-152.04
-56.25
48.89
10.42
104.58
-56.93
-43.96
53.88
-35.39
-2.99
14.05
14.02
33.36
6.31
83.59
69.49
-33.75
-37.16
-57.8
14.24
32.15
20.83
-36.82
-4.35
83.11
-114.26
-54.9
16.69
3.44
96.44
37.44
6.14
-5.87
16.94
177.51
9
-111.67
8.89
55.94
34.19
21.8
9.79
-148.81
-46.91
-74.91
16.19
9.85
0.54
-70.63
47.26
6.41
-16.26
4.78
-40.73
29.47
8.68
85.33
-11.15
-10.37
-14.68
-9.34
-186.31
-58.42
12.86
8.59
-31.73
-89.27
-24.86
-3.14
-138.74
-40.63
124.47
15.47
-3.98
-206.3
9.19
-54.03
-1.95
-34.01
-15.82
3.47
3.64
-42.33
8.72
-35.24
-11.34
4.16
-52.73
-8.8
-6.47
3.92
-49.34
-14.86
-2.99
-46.54
-10.55
-50.53
-62.37
50.24
-27.4
-5.79
-22.94
-144.93
-138.91
-11.14
50.56
-87.01
-6.08
-6.5
9.84
59.18
-81.19
-2.3
16.95
8.33
-1.26
-11.44
3.36
10.06
10.75
-21.64
35.6
-42.1
42.38
32.96
5.97
100.17
-30.17
-31.01
-5.1
-3.56
-17.23
-10.7
5.19
-23.96
72.49
34.93
3.34
5.4
-72.1
-118.09
8.64
-4.95
-167.02
-9.9
-5.19
25.19
-73.91
-17.3
-0.21
20.93
-8.14
4.57
68.08
116.15
-79.13
-111.36
-91.53
5.89
34.75
100.63
7.99
-12.89
-166.56
46.8
-6.17
-2.77
2.65
-83.66
-56.42
17.34
-43.87
157.19
134.14
-13.25
-15.16
11.45
21.26
-7.9
9.87
-22
-72.22
-9.48
-4.17
-8.82
30.18
7.69
-9.22
7.64
82.9
12.33
3.06
-133.54
23.46
84.01
65.74
-28.27
9.82
-10.14
6.01
2.81
-1.76
-8.73
0.08
-2.27
-4.16
-12.26
57.98
-58.76
9.78
-26.8
0.93
-5.54
28.11
-66.03
-72.81
10.59
-92.25
-23.17
-3.3
-31.4
32.48
12.16
46.13
-17.77
-0.39
6.17
8.36
-5.28
4.24
35.49
4.54
-144.62
-21.22
25.47
-9.49
12.52
78.02
35.11
-77.75
2.32
33.89
-26.88
-48.63
15.81
45.66
-5.54
-20.68
39.1
-23.1
-195.82
94.76
51.63
36.04
-21.02
-11.33
58.7
17.34
0.56
-7.66
-87.61
70.55
-4.43
8.64
49.09
-7.61
24.78
-14.59
10.41
95.25
-2.86
63.74
-14.31
4.6
-16.81
-8.81
7.31
5.48
-5.88
-13.97
-6.16
-4.62
-3.44
73.56
-3.22
-13.91
-41.79
55.98
-107.25
3.01
52.89
-7.25
89.15
4.13
7.77
-64.52
3.46
-10.41
10.22
106.73
25.27
12.5
-3.1
-13.38
12.13
10.3
2.42
68.62
39.31
5.64
80.63
-42.55
46.89
-18.52
76.53
-13.12
134.38
32.09
-16.2
87.24
3.55
17.79
57.3
-69.6
9.65
-27.25
8.83
-51.02
-47.34
-14.49
59.05
2.36
15.43
-45.15
8.22
6.58
-13.99
17.96
-61.84
72.74
8.05
-10.33
3.32
-29.57
-6.85
-54.29
-149.38
-124.2
23.18
11.73
67.41
31.09
8.14
-75.4
14.35
112.6
21.7
-5.93
-2.07
-1.13
-14.56
44.91
-4.53
-35.28
-27.15
4.82
-16.76
3.75
-49.49
37.39
38.92
6.98
43.16
-4.65
45.51
-32.96
-136.23
-39.92
-4.43
-78.7
10.27
56.15
-42.27
24.34
5
-10.14
113.71
-1.17
-15.8
9.41
-7.93
62.47
-6.22
22.87
71.06
-8.03
-18.77
7.22
0.28
-6.42
4.18
-9.26
29.42
-452.46
-9.55
2.85
-9.15
10.71
-4.08
-10.4
-37.92
-10.93
-13.45
1.46
25.05
11.08
-106.06
-12.7
20.05
-8.27
-40.62
44.07
-42.31
-1.64
-50.38
24.95
-83.57
-28.25
37.16
7.6
29.89
50.54
2.56
-86.36
-55.46
-1.04
0.34
12.84
47.69
-6.94
0.42
8.51
-0.51
-14.72
3.83
-8.74
-21.07
12.24
7.01
-35.82
-13.64
11.25
49.98
-28.53
-14.37
94.9
5.49
-0.54
-90.15
-24.63
9.52
16.08
-15.92
-7.05
28.31
8.38
58.61
4.67
-8.73
-8.72
-5.3
-4.87
90.41
16.01
6.64
11.03
-78.57
-56.23
20.09
29.52
29.82
-1.96
11.67
109.05
-11.36
-36.31
12.85
-12.89
-20.7
17.22
43.75
2.86
-12.07
7
26.39
32.37
-3.73
-6.27
9.16
-72.26
22.58
12.58
48.46
-30.05
156.73
13.05
-6.65
-10.99
-6.87
-10.11
13.54
-0.52
9.51
-66.53
54.27
36.2
-25.15
-93.57
-27.03
-3.18
-11.26
140.07
-2.09
55.14
35.61
24.64
12.59
4.08
4.44
11.96
6.3
-6.16
-20.86
24.32
27.46
3.21
-11.54
-35.44
6.76
3.77
28.16
5.77
-48.74
1.73
-9.75
-13.47
11.01
100.05
-10.45
13.21
108.06
-0.46
32.64
-7.16
-85.78
13.18
43.74
11.08
2.14
16.74
86.01
-8.55
-48.33
10.07
26.13
-3.97
19.1
-69.41
0.17
5.46
37.48
66.39
17.26
-25.76
68.21
-6.82
86.88
96.15
24.47
-72.69
0.86
-9.41
-14.11
6.26
8.4
-8.62
-4.7
10.06
24.38
-11.3
-9.27
-41.12
12.21
-7.59
-9.83
27.27
-1.12
33.33
9.96
23.01
5.64
-10.28
-5.37
45.54
10.05
6.84
18.82
-0.79
-12.48
-2.35
23.89
31.7
-11.03
26.67
-48.59
-1.07
23.01
15.63
-29.4
-11.62
-54.78
109.02
-13.76
-13.1
5.35
5.16
-13.04
-19.51
4.03
19.48
-8.04
-12.37
-38.11
2.93
44.24
-6.11
-53.43
-2.55
-35.4
49.85
-5.65
13.29
1.71
67.06
8.54
-24.95
11.88
-3.41
-67.22
6.59
43.93
82.54
36.71
32.85
-14.12
16.41
11.36
73.07
5.25
-80.24
9.33
23.64
10.86
54.07
-7.12
-7.05
-39.98
11.89
50.41
10.89
-26.19
-8.5
-15.38
16.34
12.22
-17.12
47.16
-171.67
-8
-1.24
14.66
19.88
39.87
-2.99
-14.32
-31.47
8.11
12.94
-1.33
-8.05
-295.38
12.37
-2.77
-21.19
2.08
19.46
-35.43
3.86
-7.21
-8.16
53.91
-129.19
-12.42
-83
-12.63
-2.69
-109.97
54.03
50.32
9.32
3.19
-9.21
-22.6
19.2
133.56
-9.36
-9
-10.74
14.51
-38.27
-5.2
9.19
66.84
36.61
69.67
0.35
-105.67
-4.55
-10.28
9.76
-4.78
5.26
-1.55
-8.13
-75.77
-27.76
53.68
8.92
-9.29
12.97
-43.12
7.37
12.2
18.76
14.92
-98.54
73.6
-12.14
102.55
30.3
-71.76
32.42
109.84
38.34
48.3
-11.47
-4.85
-8.92
-5.74
-8.61
-64.99
16.93
-6.76
28.1
-79.9
-3.75
-12.49
-27.36
5.65
-8.57
62.07
-59.08
35.64
12.87
-3.76
14.63
82.89
-34.24
26.36
-9.53
28.08
1.04
-74.98
-45.48
14.4
-35.87
3.38
-54.12
-4.96
136.33
3.05
103.48
21.29
6.12
-7.79
-4.6
-11.49
6.83
-7.31
110.97
40.28
95.02
-54.78
-147.96
4.35
-11.69
85.99
41.84
-45.93
-110.42
5.74
11.89
-73.66
-14.42
-31.62
8.01
-43.51
-11.15
57.91
-37.32
-16.22
7.14
22.13
-34.05
26.88
-25.6
-57.89
-5.98
-114.62
123.19
-34.84
-10.8
-48.8
17.68
106.59
7.17
-61.16
-10.11
-4.33
45.36
2.09
60.66
11.88
-20.09
-31.98
-8.6
-8.75
3.41
-8.52
-6.53
80.64
11.8
-62.33
1.15
-50.86
17.59
8
-61
-15.54
29.46
-55.34
-125.37
-22.46
52.38
8.3
101.25
3.21
22.52
-28.94
-15.4
24.6
-1.83
-5.99
52.27
-22.38
12.3
-13.1
-33.69
9.2
7.85
-9.5
7.53
11.27
-10.97
7.28
-50.51
15.33
-97.27
34.85
14.68
70.92
-25.06
-7.6
-90.99
-70.14
32.95
13.9
-24.13
-10.87
-29.62
15.81
-96.94
101.15
-3.32
-156.91
10.97
-1.8
21.25
-9.26
8.48
81.66
11.66
-16.22
4.77
-36.41
-50.48
49.33
149.67
-87.05
-0.85
127.65
-251.7
8.68
6.15
12.39
41.94
-27.92
-13.35
-34.3
45.98
40.75
-10.95
-83.6
1.72
-55.09
67.61
-2.14
-31.17
54.75
2.25
7.22
75.13
115.65
3.26
-70.53
-11.59
-10.05
167.17
88.78
-78.96
-48
-48.05
16.05
62.81
35.39
12.38
16.68
-34.67
-0.57
83.04
-6.78
-51.42
79.12
-9
-9.45
129.03
58.33
7.59
14.1
38.73
7.86
-10.99
-13.74
-80.92
13.07
65.32
-46.1
