7.15
-1.18
31.17
4.79
15.3
-12.95
-15.68
-4
38.08
-5.38
10.63
0.29
26.33
57.42
43.86
27.11
38.88
-26.23
26.86
-8.72
3.75
-13.92
-0.72
11.97
8.64
13.73
-145.1
2.21
-0.54
41.07
8.98
-11.52
53.07
-66.78
-0.34
-9.5
50.02
62.08
0.5
6.49
-15.2
64.64
-23.05
5.03
22.42
3.46
15.65
-35.56
-4.16
9.96
-29.36
58.28
-0.85
3.1
53.98
4.78
-2.73
-7.39
21.41
-6.13
-9.92
-54.03
99.97
-106.81
-11.18
72.39
11.48
34.18
-2.93
-4.64
2.76
6.1
13.41
-9.28
-0.45
-18.11
-108.07
11.23
-32.39
-35.24
89.53
35.81
-1.06
68.88
119.64
-2.56
-36.16
-48.32
-2.9
-10.24
28.99
-155.23
-75.59
-10.91
-12.03
153.61
35.63
-1.25
157.07
-12.23
-44.48
-15.46
-2.4
7.08
6.83
124.95
-13.22
-69.69
10.06
-6.8
98.62
-34.86
-1.37
22.81
8.11
-63.91
-14.88
14.16
8.19
14.81
-17.77
-2.09
-27.73
-9.28
-27.63
-18.21
-11.94
38.13
45.43
-19.26
-58.79
4.02
66.93
10.31
-14.96
0.29
23.07
5.06
-35.54
-7.28
-29.29
4.17
-26.65
3.6
22.17
15.71
135
6.77
-85.37
37.07
14.02
5.43
-18.94
-39.67
-114.72
4.19
106.39
17.28
12.76
8.28
6.88
27.7
-70.15
-67.26
19.68
29.25
-45.08
6.53
-3.91
96.75
-5.46
4.35
6.69
-22.24
43.91
-129.61
35.21
-12.04
7.74
49.56
7.19
-34.76
-30.99
-13.25
73.93
10.19
-7.82
3.04
69.08
23.73
-9.44
-22.89
1.39
26.05
-110.52
-1.43
-84.47
-4.22
-7.35
-12.97
-38.86
-0.36
-7.79
-25.84
41.92
61.22
0.03
-50.08
-6.37
-12.39
8.37
3.26
12.05
-7.85
16.75
1.4
9.98
112.98
-9.06
4.84
15.09
53.59
-3.88
-17.71
6.58
-13.54
-172.82
-4.33
-4.65
23.97
42.1
-5.27
6.02
-14.54
-9.59
-55.79
-9.55
2.54
53.02
14.44
-8.86
96.05
-61.13
1.59
-51.78
-38.39
0.24
18.48
2.2
-104.03
86.72
36.02
53.21
-180.85
-98.48
23.44
103.96
-15.09
-10.45
-50.4
56.5
0.71
-6.72
42.07
22.6
-5.91
37.42
50.23
19.02
-16.48
-14.79
-9.37
11.33
-4.79
-9.24
97.92
77.83
-7.05
38.59
-4.66
1.78
33.02
-6.18
-101.37
52.41
-20.6
11.81
13.46
-29.79
19.43
-29.49
-5.89
13.2
-11.61
3.04
-10.32
-21.9
13.67
11.95
-5.44
46.12
-15.17
-49.68
-41.97
-74.63
-25.31
-6.17
-3.12
5.66
-0.45
40.99
-4.83
21.95
-11.64
36.61
39.11
-29.15
38.86
-23.54
-19.28
57.75
-6.16
-1.64
41.67
-7.15
-46.64
30.91
84.5
21.15
-9.33
59.17
-3.89
-82.19
1.18
-5.53
-10.26
54
3.64
-6.68
101.84
132.93
22.8
53.45
-10.24
4.23
-8.88
10.99
-30.23
-124.98
24.29
-13.59
-8.15
12.79
4.21
0.88
66.75
-10.91
-26.12
71.85
33.04
-49.76
4.18
-3.29
11.02
93.09
2.65
36.45
-4.96
-20.62
-79.64
-18.23
34.59
-29.61
26.51
-3.39
-3.11
10.74
56.85
103.98
-12.51
38.93
-25.53
20.03
-8.41
13.59
-185.02
-5.64
0.78
-13.81
-14.33
-18.23
7.68
48.18
40.47
5.07
33.98
-1.8
13.56
104.03
-24.32
-11.17
13.57
-82.48
6.63
45
-4.98
-12.5
-69.4
45.93
90.35
-12.81
9.41
11.53
-99.53
1.74
-14.71
-0.61
-7.71
-32.56
45.36
1.62
131.08
1.4
8.35
-52.5
46.23
1.57
-50.84
5.54
-1.99
58.76
-44.39
-76.74
-5
118.92
45.35
-4.15
-14.77
-1.66
-16.25
51.07
10.26
11.38
-11.14
-6.81
-59.68
21.08
20.08
-44.73
7.74
1.18
2.68
-11.59
-227.88
-63.06
-3.06
117.32
14.98
-238.08
10.27
76.94
85.85
-44.3
-16.59
59.38
21.8
13.42
-4.21
11.16
62.42
-45.9
58.54
-11.16
31.48
90.62
13.09
-36.28
-11.96
-2.37
-2.19
13.89
-47.3
124.06
27.6
-13.68
-2.65
81.85
-2.11
16.49
12.54
20.08
-53.93
-9.6
45.38
5.98
24.7
10.79
-12.87
-1.28
10.23
-12.01
8.25
-50.36
6.66
-6.75
-10.45
31.65
-12.26
131.8
-5.88
49.6
-17.8
43.44
8.85
-40.37
119.41
12.26
46.18
-11.63
31.01
15.06
-63.54
-49.7
18
60.12
-28.4
11.64
-5.92
-11.87
-35.71
-3.51
12.84
17.61
97.78
47.37
-69.08
85.82
58.37
-4.03
195.59
2.47
32.13
10.03
7.04
24.45
14.05
9.16
-0.57
56.53
-16.72
8.71
9.19
13.44
2.69
-49.1
-10.37
3.65
-24.52
5.94
130.72
13.13
5.29
11.03
2.88
-3
-41.95
29.56
-0.84
32.08
18.87
76.11
-10.25
-9.08
-38.16
10.68
0.17
35.37
1.32
19.45
23.83
-9.48
-36.09
23.47
-6.39
-15.88
-22.58
-12.94
-152.84
-102.62
-6.27
-3.32
101.44
-61.29
-34.46
73.22
9.98
7.97
-73.71
2.05
7.06
38.5
71.95
-5.92
-10.05
11.55
8.77
-8.47
4.15
-12.41
26.56
17.33
12.64
-20.51
0.65
-5.85
34.98
61.11
-10.76
-1.46
133.08
-5.37
3.2
29.11
12.76
-2.08
10.32
-7.38
1.89
0.7
0.87
-0.03
62.75
8.31
1.27
8.15
7.24
78.12
4.25
-8.31
62.11
-13.61
1.41
5.59
31.71
-115.46
37.08
-102.96
2.19
-36.64
-168.65
-8.1
-2.86
-71.22
95.99
36.92
-22.41
40.4
11.68
-3.33
-0.14
50.71
36.68
10.49
-10.03
69.88
19.94
5.08
11.06
-54.57
-10.16
-14.63
-7.7
26.38
-26.37
-38.05
-9.62
38.38
3.73
21.92
5.37
-6.13
-102.54
-28.31
68.07
-25.86
80.71
30.59
-105.81
-6.54
5.14
-2.25
9.51
-17.42
-45.05
-49.75
20.51
13.22
4.39
60.15
-120.96
-11.22
-8.22
-60.54
9.79
9.45
-10.9
11.83
-14.9
-8.54
23.41
-79.5
-58.52
-12.61
8.5
-3.21
-68.08
25.14
-53.28
-76.02
-3.81
13.2
-16.09
7.03
27.64
5.61
-40.89
-108.06
-12.99
-1.96
-5.96
-4.58
-6.14
-67.96
34.01
86.54
-5.06
-19.79
37.42
4.97
-0.11
-186.03
56.74
162.11
4.84
-2.57
-1.35
8.09
-116.37
-76.09
-2.26
-51.84
-27.48
-3.19
-10.23
-19.37
-5.21
-13.5
8.87
35.57
3.75
-8.39
7.01
3.16
-4.68
-8.05
-21.68
-67.61
-3.15
-97.04
-56.95
-8.6
3.31
5.8
-14.74
-9.98
-43.02
-3.86
-25.95
-8.62
12.79
14.86
7.79
9.92
7.62
-65.37
83.36
7.82
1.24
65.92
-7.94
-3.2
0.19
-85.77
-7.95
112.97
-19.24
-8
126.48
-27.99
11.17
10.17
5.82
-1.21
72.46
12.05
101.14
-103.51
-0.32
-11.05
8.86
-0.93
-88.47
9.55
9.82
-48.21
-0.14
-1.05
88.26
-12.51
-21.54
-94.49
8.59
-134.14
-3.62
-5.83
-39.67
-2.49
9.02
3.6
23.04
-10.05
3.82
7.66
18
5.41
-74.98
-34.67
-3.87
2.54
120.72
1.21
-96.26
8.58
-11.55
0.36
33.06
-8.59
12.49
-8.65
6.29
-10.98
-10.1
31.73
-16.59
0.37
-25
-47.11
6.14
-45.33
-43.29
-8.6
12.3
-31.88
13.38
105.02
41.55
-111.86
60.81
80.11
-13.3
-64.13
-5.6
4.88
37.17
-5.93
8.4
-131.46
8.13
111.24
95.67
-72.26
29.26
2.52
-61.74
10.87
-46.8
-14.44
19.44
-41.39
44.15
-18.5
5.59
70.89
6.98
2.29
2.49
62.31
-127.77
-50.93
60.92
4.5
99.09
1.14
102.05
-7.18
25.79
102.54
10.66
5.27
23.91
-107.18
-187.71
6.39
9.17
11.58
-11.46
-103.79
43.75
-0.98
-71.22
-134.32
7.11
-5.35
-3.36
-9.23
-11.43
-12.35
-5.06
-1.03
-18.74
-50.45
10.37
10.31
-2.19
5.88
-5.9
-13.65
-46.13
-8.8
20.55
89.44
-2.9
-11.48
-14.18
-14.06
-59.17
5.19
18.56
41.63
-4.25
127.8
-103.35
33.19
6.2
54.83
67.3
15.73
57.86
8.08
1.86
-16.99
6.83
27.19
-23.43
0.98
65.45
-55.86
1.43
67.37
19.03
19.9
-11.7
-10.76
6.1
-2.87
65.14
2.32
-7.42
-45.47
-35.16
-30.15
3.23
-293.94
13.91
54.4
-7.49
-2.19
-8.94
-16.68
-88.36
-10.14
-4.68
10.37
17.54
-34.66
-34.94
-20.24
69.52
-19.8
-6.01
8.17
0.79
31.67
-20.9
-95.23
-10.45
-15.6
5.13
-6.08
12.53
45.07
-1.03
-7.36
55.82
-1.05
-6.97
7.05
-218.06
19.04
-12.51
-11.08
-6.41
2.29
-39.55
