7.25
-99.56
33.88
-9.3
-80.82
63.58
-86.03
12.42
7.03
14.48
-57.56
-8.11
11.2
0.63
10.69
8.44
15.7
-8.18
9.63
6.63
-20.84
-0.89
2.7
-2.88
-9.33
-67.26
1.17
-8.93
-14.03
13.13
43.5
-7.06
-1.41
2.21
12.87
-19.77
23.68
-79.67
-15
12.07
-100.56
-13.69
-18.95
59.54
120.64
28.52
9.42
10.92
24.56
-8.27
-15.83
-32.52
-3.37
-78.15
-38.19
5.37
-12.85
40.72
-11.61
1.34
41.02
32.65
29.73
14.02
-45.6
-45.92
-27.38
1.99
7.68
15.8
-18.41
11.16
-12.4
4
62.58
-12.43
4.6
-9.53
-2.81
42.45
76.24
9.42
93.33
8.03
-23.28
4.31
-15.84
-75.51
-72.9
-84
3
-44.78
86.88
-12
87.04
-5.82
36.25
-14.96
-0.97
-10.72
2.04
-9.04
35.64
-12.53
-15.1
-9.25
-2.38
-51.93
-34.78
-1.91
17.7
26.68
-207.14
-44.37
-50.13
2.87
-10.62
-66.88
-24.74
78.6
98.86
-7.71
6.63
-19.8
10.15
90.34
0.81
-103.31
28.51
-34.38
5.12
6.61
-116.78
-74.42
-15.25
-78.58
-12.52
25.14
-2.28
-15.27
2.08
-3.62
-37.43
-11.46
-0.62
-129.09
-84.62
4.3
18.64
-2.04
-6.39
4.36
-24.47
75.77
-7.14
-11.16
92.92
115.45
-14.88
-18.78
60.98
11.52
1.83
-10.7
12.22
-13.32
-5.32
-6.36
18.22
-56.84
-1.81
-7.7
62.83
-8.6
71.73
8.54
-30.06
68.81
-12.03
-5.64
-7.55
-34.59
4.72
0.96
30.99
5.32
6.44
-7.93
-156.41
-0.67
-43.75
2.73
8.87
10.17
-5.52
-4.25
-90.18
4.25
0.1
13.34
-159.96
-8.2
-28.58
-7.09
-50.93
-13.65
-20.37
26.54
-6.69
18.19
-28.34
-11.46
-6.4
-20.88
166.83
-2.25
-21.38
-123.44
-14.87
1.92
-113.06
-9.83
-0.22
3.32
-3.32
44.94
27.06
-16.08
1.99
12.29
112.23
-9.01
4.15
18.98
-95
1.55
54.46
-10.82
10.48
1.81
4.48
-9.24
6.88
-9.59
-4.62
-13.38
-18.08
46.9
-60.53
-23.67
88.89
9.31
-11.38
-11.59
0.64
29.73
-44.2
1.31
52.65
0.15
3.12
-21.44
13.99
25.87
-1.52
-59.42
-13.13
-3.44
-8.99
-6.08
192.69
-6.13
-6.09
-89.47
-47.23
-72.13
197.32
84.22
9.01
-48.78
87.89
15.11
-73.98
11.39
-1.43
15.23
-12.11
-19.96
-9.68
15.97
-51.59
-8.93
51.12
-31.73
5.72
5.47
12.36
-55.4
-13.71
-66.73
-2.64
21.92
-21.35
-3.66
-13.07
8.95
-47.09
84.44
74.22
-104.93
-60.24
3.96
4.86
1.77
-155.35
-1.07
-27.27
1.54
115.94
23.25
-15.97
3.85
0.8
-80.4
-11.86
-7.57
-6.37
-7.61
-17.28
40.22
-32.08
-28.34
-35.91
24.26
26.32
-1.59
-0.34
-42.33
8.94
-7.37
-58.99
-4.89
8.99
-12.65
-12.92
-19.08
15.11
-30.55
-38.68
21.55
-89.4
-7.55
-48.08
-2.19
30.3
-154.36
-107.82
66.53
-15.81
-73.55
-4.38
-33.01
51.23
-1.35
2.77
25.91
-4.27
30.96
2.79
11.66
-34.63
2
10.59
-12.73
78.04
60.32
6.34
8.3
163.97
7.66
40.94
-28.31
-40.92
8.42
9.32
-8.1
-4.53
-11.21
-6.92
26.05
11.29
-3.97
114.79
-3.65
-66.83
-11.57
-7.95
0.56
-29.28
-6.04
-43.77
-9.15
-9.52
28.38
-10.16
30.34
56.46
2.88
-10.74
-21.69
66.24
31.1
18.59
10.07
79.67
-14.19
-6.46
24.09
8.39
8.77
32.32
16.73
12.28
-250.17
4.51
-7.28
39.2
93.33
16.63
41.44
-95.99
30.06
-45.61
2.38
7.03
-60.9
26.77
-19.79
26.03
108.56
-21.86
9.6
-52.51
11.79
51.97
-0.66
44.34
-5.45
-26.31
5.93
1.88
-8.25
8.1
-18.42
-0.76
-10.67
-198.79
11.69
30.91
-121.29
-11.87
-10.87
5.36
27.85
-124.79
-21.51
-5.71
-5.55
-26.61
-57.72
11.62
-11.33
47.47
51.29
77.7
-78.83
7.77
-17.23
60.78
-122.25
162.51
24.45
83.16
-0.15
67.66
0.1
40.63
7.58
29.04
-19.68
-103.84
2.43
0.38
1.84
-2.49
44.75
78.54
-163.76
3.46
19.35
52.41
65.71
-22.3
-10.19
7.26
150.04
-39.15
-5.61
19.52
11.6
-8.64
-46.5
-9.52
-24.54
21.08
33.43
26.2
135.4
53.44
-79.82
-2.15
-78.85
29.49
57.7
-2.91
12.31
10.92
-11.29
-0.83
-114.28
-6.77
-10.72
18.58
-12.79
71.84
-12
-5.63
-46.15
-104.46
-52.69
13.21
-2.04
7.42
8.88
-104.66
-4.49
-10.98
0.28
47.9
90.87
54.49
6.17
2.9
9.01
14.95
4.58
23.54
13.1
-13.05
1.51
10.06
17.51
13.29
-19.55
-2.69
16.49
5.34
120
-12.8
15.4
-76.13
56.07
-9.25
16.08
-9.15
44.22
27.22
7.64
-41.64
0.09
-37.58
4.12
16.26
10.68
24.37
-12.92
10.89
8.02
7.16
48.82
13.87
-177.47
-80.49
-24.45
-65.18
46.41
-38.26
-16.17
30.89
-34.05
4.32
-4.71
-7.74
-162.42
-8.45
-0.65
-113.91
72.91
57.58
3.74
1.67
5.36
12.22
-2.63
-45.14
29.95
17.57
14.84
-1.12
57.21
50.71
8.88
0.82
6.95
37.51
81.4
11.81
126.66
-0.4
-14.64
18.11
-0.86
-54.23
-15.3
-18.09
15.05
22.97
-49.32
18.22
-8.71
11.87
-43.85
-5.25
-45.32
-67.32
-11.46
19.83
-3.93
-6.06
-9.53
26.78
20.64
67.3
-11.73
-11.84
-67.99
4.82
-9.94
56.32
-73.92
7.22
25.02
-31.33
38.49
-79.05
-107.47
-10.32
-90.32
-64.57
-3.76
4.32
-20.8
-21.23
-5.22
85.02
-8.15
18.22
43.52
-10.07
25.58
-28.93
-39.04
5.97
-13.06
-1.47
12.03
24.61
-54
-21.93
-5.79
11.38
-14.26
-27.83
17.68
50.43
20.25
11.37
-57.06
7.39
8.23
24.42
72.89
11.05
14.19
-68.06
-3.7
5.44
31.54
-143.73
-3.75
16.25
19.65
16.77
7.99
116.01
51.31
4.37
-34.56
7.07
-32.1
5.43
7.02
22.61
-43.88
53.85
-20.41
5.33
10.63
-1.49
13.97
-2.78
-2.02
54.84
5.93
-22.27
-12.87
64.86
-23.17
-96.81
-6.36
-8.66
5.39
-9.84
35.94
-8.74
37.53
33.12
7.82
-10.71
-25.27
26.02
40.13
14.13
-102.69
-5.45
13.88
-11.21
-56.51
170.12
91.8
38.98
-113.14
4.54
100.9
-61.39
-53.15
43.76
132.41
23.69
-67.17
92.42
-5.62
71.71
14.82
2.4
-41.53
-30.79
-5.54
105.03
-4.87
-40.26
-25.2
5.77
-2.87
-15.79
-5.25
-7.1
6.24
-8.5
43.6
2.97
25.41
-2.32
3.8
3.04
58.99
-11.63
7.42
-184.67
-26.19
-2.99
-1.05
1.78
-9.01
69.82
-103.94
-6.59
-82.42
-38.38
-6.28
117.72
43.91
37.8
10.47
-47.59
-19.27
-5.22
-8.65
-17.48
-47.45
80.55
34.03
6.94
-12.96
-35.94
-15.2
58.05
-34.02
38.56
-9.08
9.83
1.92
-8.7
-3.99
-0.29
63.91
-2.09
-5.26
-10.95
29.48
-33.52
56.53
-17.45
-139.49
-2.52
-50.55
-9.15
9.21
24.92
-7.47
-14.91
-12.35
3.1
33.24
16.11
-62.85
-73.59
30.08
10.12
-71.58
-5.96
76.62
-10.97
5.53
98.26
8.93
15.62
-67.66
-94.95
-121.73
123.53
153.38
-6.94
0.89
-21.22
-11.35
-13.83
-34.38
-36.68
-0.52
-40.55
15.59
11.29
36.18
-134.96
-6.42
74.76
0.44
65.23
-3.21
-10.11
16.77
-65
11.1
-12.75
19.88
79.67
33.57
55.82
-90.12
-8.71
-6.82
-3.04
-32.57
-196.61
13.14
24.82
3.12
14.6
-23.86
-108.49
-21.32
3.35
-0.18
12.93
16.2
60.05
-21.46
-39.1
50.18
-6.53
11.09
36.85
-50.76
-40.45
-4.84
-12.78
-62.83
-202.34
27.1
2.73
-12.46
9.7
88.75
-44.92
-90.93
-177.18
-3.52
-11.04
-40.4
35.21
-13.19
15.2
-24.73
15.26
7.51
-1.25
29.98
49.07
57.18
23.29
-7.62
-2.03
128.82
-18.12
153.31
-8.45
-10.18
4.09
1.05
-10.55
-37.52
-5.63
36.65
-26.19
0.43
4.35
-16.27
14.07
60.51
-32.08
11.42
-77.25
8.44
63.83
0.38
-9.52
-83.23
-5.37
19.59
7.31
-3.27
19.74
-21.5
93.6
27.97
24.58
-11.68
21.31
120.09
6.94
-30.15
-28.15
11.4
123.28
0.13
9.27
-18.3
5.03
-2.37
6.54
-46.97
-0
0.04
48.02
38.01
-53.31
6.6
7.6
48.18
-15.93
-13.53
106.37
-63.63
10
24.78
64.65
10.25
-7.7
-101.95
48.7
-7.5
-14.33
-22.73
