9.8
-15.13
4.46
-21.49
9.81
8.03
26.83
-53.13
-3.3
95.26
-39.3
-0.34
-37.3
-47.89
13.26
5.35
-20.39
7.08
-49.69
-0.43
9.05
47.87
-38.79
-7.64
-1.55
60.54
55.94
88.45
-0.87
-8.93
83.43
-9.85
25.49
101.34
111.63
-2.76
-22.67
9.14
58.39
-72.39
-49.73
9.19
-1.01
16.85
19.86
54.61
-0.05
31.32
7.98
-6.91
26.77
-27.46
11.45
-157.19
-15.63
48.58
5.16
12.86
-5.51
-2.53
-72.93
71.96
-2.67
6.93
-39.91
37.97
3.9
6.33
-7.89
-11.41
1.71
7.56
-0.52
-11.3
-70.24
-5.58
-45.99
-16.58
0.71
-2.18
34.41
8.3
17.08
-21.6
-54.98
-43.58
40.57
6.64
41.23
-7.34
29.63
101.02
9.22
-3.85
-15.43
-5.01
69.25
-14.1
-15.28
39.56
-39.5
-9.6
8.14
-33.82
-11.47
87.71
52.74
11.12
83.21
-98.44
-8.4
-66.08
-18.12
-5.28
-40.19
53.64
-106.77
-20.37
-21.63
28.59
103.77
-5.72
-5.5
-32.95
66.15
-142.64
27.65
-1.44
-25.41
6.53
28.59
-11.99
4.23
7.94
-1.84
-0.59
9.96
-48.68
-3.61
23.48
11.9
-14.7
-45.75
2.95
51.69
-25.9
-9.68
-4.27
-5.76
21.42
4.1
-4.96
-66.61
-7.17
-176.13
-64.27
1.29
-3.53
28.34
-17.23
-36.53
109.21
53.58
-13.74
-8.5
-50.52
1.01
50.37
-49.28
13.5
2.92
3.17
122.08
9.03
2.33
-43.44
24.8
-0.76
1.15
-171.12
-16.51
9.77
-25.83
39.16
26.5
-113.63
6.37
54.59
-9.23
-9.52
16.71
9.87
129.43
-10.61
34.56
6.6
-11.64
-17.74
-40.62
-3.7
-33.07
23.93
138.08
-2.22
-38.9
-0.44
9.16
-32.95
12.7
-0.06
-5.69
57.96
98.88
20.42
4.02
-44.91
27.14
-78.35
0.45
0.89
7.79
57.21
10.7
18.48
-165.39
13.03
13.05
91.38
-5
42.52
13.01
127.68
0.44
0.36
13.35
6.47
122.73
5.04
-7.53
26.32
26.05
27.71
35.89
-3.41
-8.83
-14.45
90.61
0.34
4.31
-3.9
-13.19
2.58
-12.54
-0.83
2.7
10.41
-12.81
-6.3
-18.66
-15.43
-23.32
38.34
71.18
15.02
3.03
75.96
0.58
28.74
-45.13
6.08
-67.14
-18.84
4.43
12.25
40.27
-33.68
59.13
-154.63
-251.84
5.94
-73.18
-148.03
25.31
164.53
-4.17
16.65
-21.83
-8.3
13.32
-34.09
-10.61
-0.52
-2.97
20.91
1.58
17.99
23.39
137.97
-156
29.52
-79.19
-3.28
25.46
5.64
-69.06
-21.96
-7.11
-47.33
10.32
1.07
129.73
54.51
-3.22
-66.31
22.23
22.92
-4
72.92
38.45
24.44
48.01
9.79
133.4
81.46
32.38
-227.81
30.41
33.32
17.84
-5.96
71.9
-8.85
-16.55
-18.68
66.49
-91.25
34.02
-24.9
-8.64
98.83
-33.41
7.29
-78.34
-1.85
-105.98
3.36
85.37
-6.73
17.95
3.71
25.15
8.16
30.9
-7.29
-8.78
-84.09
7.6
-3.38
10.57
-50.66
33.03
-13.41
20.36
83.36
6.88
-0.58
-16.06
-5
62.85
25.35
11.16
47.51
-19.93
118.89
-63.19
-17.32
-10.28
135.01
-12.29
22.81
-11.58
47.9
-48.6
7.05
63.67
16.4
1.46
-61.5
2.7
-2.58
-39.72
-28.53
-54.54
10.16
11.64
9.75
67.55
-15.07
-1.7
-13.69
5.56
6.02
-24.29
10.02
87.35
-43.15
54.4
11.92
4.99
31.13
-25.66
-12.18
-51.6
139.52
146.42
33.5
-425.1
-1.14
-16.04
7.21
-3.02
-35.33
-7.48
-5.21
83.39
18.57
11.16
25.37
-163.26
-10.06
28.54
-21.49
56.88
42.48
-2.37
-29.12
-88.56
-45.51
19.67
-31.5
9.54
11.65
2.95
4.48
-41.01
-4.08
1.45
-6.77
-68.26
-83.01
-6.38
12.48
-85.09
15.84
77.97
5.71
-2.89
10.64
-10.75
137.09
11.27
79.31
10.84
-31.1
23
8.79
-6.82
-70.61
67.31
-64.74
13.81
-4.91
0.17
28.82
7.27
6.22
295.85
-11.22
31.57
4.99
9.22
-5.67
-36.4
10.65
-4.45
7.98
35.9
38.06
43.02
-1.98
-23.7
-1.17
-13.57
-8.09
54.91
7.94
36.78
75.19
-25.12
-93
40.13
6.37
-11.51
1.88
-69.48
24.02
14.43
-1.66
65.65
8.98
-9.27
12.23
-39.21
-3.92
-5.8
12.82
40.85
-96.72
-7.76
-246.12
-34.2
-15.88
6.02
-17.12
-10.36
47.54
-53.41
2.63
61.11
-57.56
-37.27
19.23
12.11
48.78
-1.75
13.6
-36.24
-68.46
-35.56
90.24
2.43
-6.24
75.18
44.97
-15.64
-18.27
-2.24
-16.8
4.82
46.47
17.76
-19.91
-5.27
-64.7
6.05
24.9
95.62
-167.96
-71.2
-50.49
64.3
28.26
-10.4
8.18
-7.17
-11.73
63.49
-9.29
-41.54
59.4
88.73
-144.21
6.63
-36.02
-8.9
-109.48
100.7
15.43
-13.73
49.13
-2.42
60.59
-115.84
2.05
-35.41
2.63
-5.4
34.17
0.36
1.07
-49.09
-28.71
28.42
-0.21
45
-4.12
11.68
7.21
-5.45
-1.59
36.49
7.95
-58.21
8.22
9.17
8.33
39.76
42.44
0.58
6.31
-3.43
2.23
-7.86
-9.82
-5.98
-3
62.7
-46.06
2.63
4.89
-8.41
-3.35
8.52
-43.7
-95.73
9.79
10.3
18.26
-95.29
-2.18
5.59
6.29
21.25
11.44
6.12
-10.81
8.73
10.55
-18.3
-15.8
-4.96
-2.44
4.2
2.82
20.71
169.26
46.38
-50.22
29.25
13.37
-19.65
-14.35
-0.85
2.06
35.88
6.29
27.82
-6.73
-42.48
10.34
11.03
-190.24
-15.94
33.24
-13.52
88.86
0.81
-93.06
5.89
5.28
-2.3
-6.32
-37.23
70.72
-3.78
-26.96
11.68
-1.25
-41.07
1.78
21.55
-52.64
42.37
-5.53
-12.22
6.3
38.89
-2.53
-1.84
-9.26
-12.41
-226.64
-14.91
-4.91
-12.73
52.32
39.76
37.33
58.46
50.26
24.05
-23.87
6.23
-33.01
27.39
-12.1
-44.1
21.5
90.88
32.29
4.55
-5.75
15.44
-11.7
49
10.11
10.51
21.67
-148.91
-32.64
-51.12
-3.55
6.21
1.9
48.97
-20.77
25.16
-26.96
21.12
26.83
-4.8
71.28
4.79
61.09
-11.58
39.01
-2.68
-6.17
7.19
-100.67
-29.94
10.47
23.32
-66.59
-1.98
6.36
-7.63
4.62
-25.5
-69.87
27.26
10.2
74.23
29.3
35.93
5.96
-41.71
137.28
17.64
11.1
-25.2
-2.29
-4.67
40.74
-27.26
0.76
35.05
132.17
4.06
-7.32
47.3
-72.59
-57.81
-33.38
37.69
-6.03
54.25
55.45
130.6
-5.01
-92.34
44.07
-67.74
-6.93
-3.15
69.81
-4.67
125.42
32.16
7.36
4.71
-15.89
-36.55
56.65
-12.27
-9.84
-16.57
34.79
-32.05
-56.98
18.18
-19.53
-6.11
-36.22
-8.43
74.91
37.8
6.91
-27.91
-11.68
-274.15
17.33
147.59
120.71
-8.78
6.1
124.17
-101.4
-12.66
57.65
37.86
26.5
-9.58
-6.73
-0.73
29.33
34.58
-4.68
-98.38
14.84
-16.25
-54.04
17.47
-11.19
-10.15
-7.8
1.63
-14.23
-56.76
-43.41
3.81
-28.89
-8.54
4.24
17.23
-7.74
-10.93
46.78
75.5
19.08
6.64
-10.11
-19.87
22.85
13.62
-7.51
20.11
45.88
-2.26
-71.25
-6.05
14.25
-132.02
98.97
0.16
-134.16
-33.56
13.42
4.58
-4.28
-1.1
-93.95
98.82
-7.89
-38.3
1.66
53.34
-7.87
54.33
52.35
19.95
157.6
17.88
-16.28
17.73
-8.99
-10.76
10.72
7.57
21.12
25.03
-3.88
10.73
15.4
-46.26
47.55
72.24
6.26
-83.6
74.81
-14.82
1.84
-19.18
8.88
-102.86
4.45
1.12
26.4
15.6
4.93
-86.39
1.5
9.81
-65.17
90.41
-22.16
-26.47
-12.47
-8.26
-13.51
27.54
1.11
-2.8
-7.91
-18.81
-8.64
5.84
146.02
58.99
6.27
-0.13
-4.26
-3.18
26.27
-2.66
8.31
2.14
36.96
-33.34
44.95
83.65
1.42
59.3
-10.33
33.23
-36.57
-26.27
7.93
-3.03
-4.99
22.72
-7.29
250.05
29.93
50.74
-28.09
74.36
8.87
-82.63
13.31
8
-0.98
5.62
10.71
-2.78
60.89
-20.86
-0.79
-43.31
3.51
-8.29
-24.9
6.83
21.05
8.74
-27.77
84.53
-8.09
-77.65
-14.17
30.38
-9.46
-18.7
33.15
5.52
55.31
-53.9
-14.11
-30.57
3.71
-8.54
41.11
-4.11
2.51
-7.18
10.41
29.83
3.58
-1.86
-9.76
-0.82
-180.01
42.78
-26.1
-82.29
-6.27
8.19
0.66
6.27
-17.38
-25.02
-15.94
-86.27
-3.31
-21.59
0.68
2.07
-77.09
46.98
11.56
161.22
7.89
75.85
-51.96
