14.79
-35.48
-7.32
-0.11
33.16
-20.71
-75.77
4.94
-14.41
-15.89
60.72
-47.11
18.4
115.96
9.47
83.59
12.32
-13.2
1.13
-22.46
133.64
-31.83
29.97
67.5
-83.67
23
4.6
19.8
-58.15
47.26
2.09
2.46
-30.34
19.3
89.52
-109.51
46.41
85.72
75.91
-1.08
34.67
-232.37
-2.24
-12.74
-52.47
-6.05
10.25
-8.15
2.26
-72.31
6.55
-10.53
0.53
4.84
45.15
19.53
14.27
-22.24
-14.3
35.33
-35.93
-1.94
-9.68
7.1
-101.98
-148.29
5.72
2.23
1.1
6.02
11.86
20.79
2.71
-59.99
89.46
3.98
-61.16
70.78
-9.36
70.22
-29.74
-114.98
35.66
-2.98
-0.77
-50.97
-8.03
9.1
13.29
17.74
-27.31
-26.11
-2.93
6.08
8.86
35.56
-18.21
-59.33
-44.87
-45.86
16.47
-6.16
31.72
42.6
126.35
1.99
-62.44
-2.23
-3.24
18.07
-5.86
-7.83
47.69
38.65
18.53
-29.03
-2.59
36.72
-165.45
11.08
-9.3
-82.11
9.89
-17.05
93.49
5.57
-43.01
10.14
45.66
0.12
137.3
-22.44
1.54
-7.31
12.16
-6.53
22.09
185.63
-22.34
98.39
-17.3
52.73
18.93
-15.58
-107.61
6.39
-37.95
7.41
72.17
6.81
3.45
11.33
22.43
-69.4
57.54
-14.04
9.19
88.34
-3.97
-15.93
76.52
-114.35
71.6
4.82
21.36
-48.68
-8.07
14.66
-67.82
12.53
9.04
-13.51
-9.98
19.84
31.59
1.42
4.15
60.07
-294.16
6.3
-7.98
-62.13
9.1
6.24
-32.74
-2.16
2.29
1.93
-105.08
45.82
40.41
48.46
-125.88
22.35
-35.46
36.01
1.21
-7.49
54.81
70.86
-3.96
-99.53
12.63
-25.56
5.32
4.29
11.03
28.26
0.98
5.65
44.73
-12.06
-8.6
0.12
-123.8
14.87
-5.01
3.42
-8.3
-12.82
1.43
-40.15
-11.75
5.26
18.81
217.71
-6.76
-1.13
-38.31
38.34
-14.66
-44.32
3.6
77.72
-3.92
25.25
9.41
30.37
-32.16
1.8
-105.21
21.86
58.82
-71.83
2.93
55.36
-18.4
127.08
7.57
34.51
-38.35
18.12
-28.81
-7.27
68.7
-56.4
-19.67
-25.99
15.99
-20.81
14.15
13.77
14.77
44.73
-88.8
84.34
-12.72
-22.17
-67.12
94.71
37.89
9.35
11.17
36.25
7.73
36.94
4.98
28.44
-63.94
13.41
55.72
82.78
8.26
-84.89
46.49
17.43
-83.42
-123.52
0.72
26.84
3.83
10.18
26.78
-13.27
-168.1
62.62
18.92
1.36
-23.28
54.92
81.46
8.85
11.81
-6.9
-2.27
1.8
5.72
-8.6
56.75
1.12
10.16
5.73
-8.73
23.44
-12.17
28.87
13.32
86.73
0.97
-11.55
-130.2
-1.12
8.7
8.94
45.29
49.19
47
7.61
-234.99
-4.71
6.07
27.38
-33.05
-16.44
-3.64
46.8
-1.62
5.3
7.16
-6.73
-9.22
-58.13
-6.34
68.29
-2.15
-1.6
-33.91
-18.33
11.41
-94.48
-16.84
-62.86
11.91
-2.22
24.13
19.1
27.62
78.63
-6.63
-75.32
-21.63
-28.5
-21.84
8.08
11.52
-7.58
-87.31
-125.96
47.62
-56.29
-25.55
42.91
7.75
-52.96
-59.16
-38.64
-8.44
39.05
-24.06
7.34
-11.8
8.27
-13.24
-5.65
-7.36
-34.59
2.14
-21.38
7.88
59.66
-10.1
-10.4
88.69
21.79
42.71
-26.85
5.13
-1.67
-4.42
6.42
-17.52
13.92
-3.37
12.2
-182.3
63.92
3.03
-14.33
-2.2
-1.31
4.12
-7.59
-10.53
-11.88
-70.3
-4.85
14.62
11.92
82.88
1
-9.7
3.2
60.2
-8.13
-11.43
-34.59
-16.73
-42.78
-92.31
-24.11
24.61
84.98
12.65
15.17
-7.4
-3.23
-7.7
7.31
0.37
2.92
22.04
-12.32
-61.47
11.79
17.25
-0.1
-144.97
-105.06
8.63
6.38
30.12
-48.44
-37.16
-9.28
68.15
-2.54
8.79
32.51
56.42
-3.13
10.11
17.58
-12.96
-26.14
11.84
7.35
31.1
-4.1
4.24
0.92
30.55
-5.76
0.65
-8.48
-0.32
-3.36
150.07
52.8
-3.53
-21.29
-11.22
23.22
-20.41
53.01
52.41
56.37
-7.38
-5.39
24.73
176.58
22.16
91.38
-4.22
7.79
40.06
-7.45
-1.36
-80.84
-6.26
-21.06
-7.34
13.95
-50.26
35.34
-17.62
-111.76
15.36
3.29
-13.32
-0.04
-27.63
12.62
16.28
0.7
66.98
120.29
-4.94
10.21
38.26
-48.87
-59.08
47.46
-2.28
-122.12
1.87
17.83
-11.26
6.2
9.88
38.93
26.76
-5.98
11.76
4.01
6.92
-42.31
16.69
13.97
19.52
-3.03
-157.39
-53.88
-12.08
-79.01
-18.6
-6.46
40.73
-40.28
16.07
-8.8
-6.18
46.6
66.88
20.07
36.56
-7.7
1.55
52.85
50.68
139.79
-16.33
0.11
-1.62
-79.55
-16.75
-114.08
-40.48
3.97
27.02
-2.46
-178.94
16.99
32.42
51.32
-127.58
-3.14
16.83
12.13
6.32
85.53
85.65
-6.1
-54.09
10.59
28.2
-27.84
-7.29
16.47
12.36
-2.51
29.37
-72.5
70.81
-33
32.25
7.03
3.26
7.14
14.16
-28.81
-11.88
3.1
8.49
13.47
8.93
-459.02
6.58
10.88
47.15
-1.59
21.99
11.06
-12.5
-10.73
1.45
-63.82
36.49
73.06
-19.29
-14.26
-10.79
-35.89
-0.41
51.26
-72.03
42.62
-29.42
71.55
-10.57
35.8
-90.26
-11.95
-26.25
-2.57
10.48
76.04
-2.32
19.69
14.57
15.29
-1.29
-11.59
13.46
-2.51
0.7
61.2
-3.79
39.19
-61.87
-0.48
13.27
-3.73
-122.91
30.79
-13.09
-32.05
5.29
-37.04
16.07
9.64
63.95
-76.04
5.75
-2.9
-9.71
76.31
5.48
11.94
22.62
15.07
-112.13
12.72
-0.7
14.41
-13.4
-122.8
-1.15
29.28
1.36
-32.66
-11.58
9.41
-20.77
1.47
-4.25
31.59
-8.71
-32.16
-14.57
-25.28
105.53
8.3
15.08
-11.55
2.57
2.15
-1.48
24.47
4.6
-28.55
-37.39
-101.69
-1.83
-16.87
-7.9
11.99
24.24
-35.34
-1.7
-7.22
11.01
-226.7
-12.65
5.42
-3.39
1.03
6.58
41.02
42.19
-51.57
-37.16
-5.56
-20.58
-10.6
-43.7
-9.47
-9.36
-35.4
4.49
-5.99
-13.53
-5.65
109.97
-0.53
15.83
118.5
9.81
-9.08
-11.46
-3.55
-47.04
-12.26
98.57
-24.11
-7.9
37.02
65.95
-3.89
-32.77
7.23
-32.28
-5.84
3.36
-96.28
26.72
-15.18
-1.18
-151.86
-45.65
-7.68
-12.23
50.59
-23.05
7.53
20.28
34.18
-33.94
-27.56
12.08
-94.8
-95.06
-4.88
-19.63
-0.44
-119.13
15.52
-9.32
13.12
14.3
35.97
-10.79
-5.94
-10.69
-42.01
31.3
43.72
1.33
-8.8
-219.5
59.3
15.6
42.97
101.97
-39.03
-20.3
3.31
-34.69
14.96
-13.17
-11.5
-45.39
2.42
22.98
-205.64
22.75
-3.08
37.21
-0.13
-11.15
2.66
-63.5
14.45
-10.52
11.36
-28.21
-56.83
-0.6
0.32
-62.94
-34.02
0.56
26.19
18.14
36.94
9.24
165.41
-6.41
-9.07
-23.04
-138.95
47.6
-120.4
-53.06
-27.22
11.1
10.32
31.39
-23.68
-11.63
-10.43
-7.55
58.21
-0.18
-33.24
-3.53
-6.66
37.13
-54.23
-0.82
34.17
-9.45
66.51
14.05
-13.63
9.65
45.37
-7.94
-19.29
84.27
-8.9
1.91
5.85
51.67
-11.25
2.18
-7.55
-9.86
9.5
108.29
-5.02
7.89
-20.09
-174.78
5.15
-48.86
-31.28
32.13
28.64
-40.88
193.96
-8.01
-43.53
-65.63
40.64
11.86
-20.66
13.86
-6.3
-3.11
-33.85
71.35
13.78
90.41
-36.35
-9.45
34.6
1.59
6.44
-3.93
108.21
29.27
-0.55
30.55
-10.81
6.34
125.41
-6.25
22.41
39.46
-55.55
-19.96
-10.43
199.44
44.12
-2.17
59.67
5.64
5.8
28.91
1.59
60.88
-5.82
11.73
-48.67
-60.91
84.67
-4.85
-265.36
-75.58
-135.6
14.42
-3.45
2.25
-64.25
98.67
-85.19
8.21
-73.99
12.52
-26.61
15.44
7.84
24.54
-8.71
10.61
64.33
188.28
-58.81
4.49
1.43
-6.93
9.5
-88.43
1.06
-23.81
-6.85
6.23
7.81
42.04
-87.36
-7.85
-4.39
-10.06
-3.39
-5.73
-39.55
-119.34
0.02
-17.09
6.62
-32.05
-30.89
22.31
11.22
2.06
41.72
17.28
-61.23
58.79
31.58
-5.09
13
-1.35
8.51
-25.48
-11.31
-1.46
-6.71
37.34
-3.98
14.1
-11.09
-7.16
3.63
56.94
3.76
-65.85
2.79
44.57
-109.49
21.28
11.86
-3.7
-74.47
-73.8
0.46
69.79
0.67
12.45
4.14
-17.66
13.39
-5.41
-17.64
-5.62
8.29
-3.77
15.4
-14
-39.87
-29.82
-5.36
19.31
9.69
