1.25
18.6
-0.07
-8.74
-60.93
31.22
-9.49
-49.81
-7.06
-14.16
18.79
-41.19
-76.36
70.53
-10.44
-215.52
-8.47
1.51
0.36
-113.02
7.51
6.69
14.32
11.98
5.44
0.63
-1.13
104.06
0.21
35.87
2.07
-25.3
53.69
115.01
4.4
16.85
-1.57
-313.4
80.85
47.55
3.61
9.93
-20.96
-188.52
-15.34
22.19
-70.44
0.03
66.85
-1.5
-13.37
-0.47
-13.66
-17.18
59.41
0.78
-9.28
22.35
-121.03
29.64
-10.78
-16.1
7.65
-116.7
-26.94
-90.74
-46.46
-3.72
29.76
46.06
-6.76
8.75
-1.82
-19.53
-115.93
47.67
5.33
20.58
-12.61
-1.79
15.88
-197.84
-20.99
-12.4
59.61
-3.04
-63.94
-14.26
110.46
-19.86
34.35
-13.37
62.4
160.85
7.58
25.56
68.59
67.65
6.95
-15.63
1.12
120.99
20.01
80.26
-51.48
22.8
3.95
75.73
3.8
1.81
-6.53
16.77
-54.56
25.9
-39.86
15.17
21.89
-2.86
-24.65
-28.65
-1.63
-29.36
-57.66
-9.18
13
74.61
-25.85
-16.2
-33.34
-64.77
223.75
-25.47
1.62
8.57
7.12
-121.4
-13.78
-2.99
6.83
8.87
-18.82
-0.75
85.8
21.36
-47.52
-211.74
23.55
-2.7
-56.85
-9.25
-3.67
-0.93
-8.39
-35.47
46.09
36.6
-300.65
7.53
45.04
-1.88
9.63
82.78
-6.67
121.26
-2.56
10.66
5.88
8.46
-34.32
-76.76
7.85
275.48
48.88
4.57
-41.06
2.54
12.14
-3.91
14.43
-11.61
-1.17
50.49
6.32
125.14
57.98
24.6
13.9
-2.28
5.66
178.21
55.09
-53.56
28.51
-8.49
7.37
55.97
-18.94
26.54
52.45
24.72
15.06
-19.05
111.3
-48.53
-8.76
-274.89
-15.73
159.45
52.39
-20.69
-14.21
66.1
47.02
13.35
67.18
-6.62
-7.34
-13.67
-0.72
-2.56
27.75
1.81
-8.42
136.08
6.25
42.95
-7.45
-158.28
11.5
-31.53
9.88
-6.41
4.09
-29.23
8.97
-6.05
-6.02
-74.38
-0.62
6.53
15.51
7.24
38.85
-46.22
-1.64
97.37
10.07
6
2.74
-4.21
7.34
13.94
23.98
-117.4
1.82
-66.06
-2.82
-49.63
3.98
-33.66
50.77
-96.18
-2.54
20.07
77.16
17.6
11.86
-2.35
10.12
9.81
12.32
-4.43
2.52
-56.13
-9.54
-11.93
-31.98
-82.1
-11.79
3.28
35.77
-0.61
-6.31
5.52
17.09
-2.55
45.37
-96.68
0.82
49.87
-33.43
-2.3
3.83
-1.95
-4.7
-16.95
-23.85
7.61
43.18
76.29
63.14
8.92
12.06
-55.38
65.88
1.78
-3.13
-214.02
-12.23
48.28
34.18
56.32
33.29
-11.54
5.6
-106.42
66.19
65.96
60.09
67.34
-33.32
56.28
-3.05
-77.47
-22.83
12.4
18.99
68.38
6.07
-10.37
41.3
-181.54
7.67
21.45
-10.46
-32.99
7.95
14.39
97.55
-22.41
-42.26
-21.38
-57.6
-131.91
-6.88
11.31
55.04
27.35
-14.98
-39.42
-19.63
-31.31
-29.61
-8.48
4.43
-60.11
90.37
-280.01
-146.15
-97.98
-14.84
47.65
-36.66
-87.73
14.06
-151.71
-8.57
-11.41
0.91
9.81
10.61
43.78
-26.07
15.86
-161.72
-10.55
2.54
-131.29
23.2
26.02
-17.23
-7.72
-1.56
-11.27
6.91
-0.78
-184.38
30.78
-54.5
36.72
0.42
5.96
24.91
-45.44
38.08
4.37
22.04
-47.31
-13.54
-18.51
6.84
7.78
70.92
7.04
-51.31
-24.55
-12.56
-8.11
-4.07
-7.38
143.39
11.6
4.07
39.47
-15.8
6.81
33.08
4.2
-9.39
-0.78
37.84
-28.42
24.95
40.03
49.3
-9.26
10.93
-12.64
-100.61
13.52
11.53
21.12
-11.76
27.55
19.26
74.29
-2.76
-10.62
-70.77
9.41
32.97
-33.75
-2.16
10.47
57.78
25.06
-2.67
-69.27
1.7
-56.58
-28.32
48.77
-35.72
10.2
-46.19
102.98
-31.37
65.52
11.94
8.7
3.5
-33.62
5.2
-42
-9.25
4.66
20.98
39.15
5.49
-39.78
-10.38
-52.44
-0.06
16.73
-12.16
-20.69
-131.45
-34.66
-0.4
8.14
-65.14
-1.69
-2.51
-70.53
61.4
12.74
-12.28
0.27
-12.83
-10.84
-12.88
-3.48
-18.77
4.06
-27.96
-3.03
-1.77
13.94
-1.04
65.91
188.81
44.05
86.72
35.48
37.96
-147.9
-2.22
-93.35
-26.17
-25.56
-134.34
3.95
10.4
12.42
-6.24
-123.86
0.38
-42.29
-8.17
36.61
82.57
-38.05
-3.65
-36.07
-4.59
1.78
-25.59
-0.12
-15.31
-11.93
-5.91
-10.27
34.96
1.53
-11.21
8.16
-4.43
70.1
-52.77
22.57
-95.06
29.9
-68.63
-3.93
-11.98
0.31
6.33
-69.09
-0.29
-75.67
4.56
16.72
-4.76
-82.55
-44.47
-84.03
-25.64
37.32
53.24
-64.2
8.37
-50.69
-12.53
-12.22
7.65
-59.99
0.43
3.36
9.71
11.98
10.78
-22.28
-33.66
-12.18
64.81
126.98
46.17
-1.61
-21.08
-52.13
-4.3
-12.02
1.75
22.96
-18.42
-0.33
3.77
-11.48
-20.46
96.63
-1.68
2.93
93.52
76.45
61.75
-21.01
42.78
-5.07
5.16
-9.7
49.65
-6.12
-4.19
7.95
-61.41
-7.33
-83.79
-8.17
129.39
4.97
50.31
-1.17
-9.19
-16.27
-14.93
-2.11
-42.65
-3.65
6.85
68.99
-0.33
-39.73
-8.57
-39.49
-16.73
-8.72
45.15
21.88
-14.44
12.87
60.73
22.42
-11.82
-3.82
55.19
36.16
-20.65
2.45
-88.66
10.65
-1.51
19.8
1.63
-7.91
-8.13
2
-11.21
-48.66
29.87
-0.23
-13.12
77.4
8.24
-104.89
-28.61
85.81
50.55
7.91
-21.81
-1.81
13.56
36.54
13.22
-7.22
-118.76
38.14
-12.7
-11.38
3.69
-59.05
-10.56
42.5
-71.52
-127.35
11.99
13.5
5.09
5.27
-8.98
6.56
-8.55
12.74
4.18
-6.09
-91
-112.59
7.54
91.54
-6.22
-231.21
5.6
-49.93
148.61
-99.96
-67.75
53.8
43.01
-8.48
113.39
2.93
-7.71
-5.87
-23.19
0.76
-9.43
-18.68
72.71
-23.45
-7.4
10.3
13.7
110.44
-19.91
-12.23
-3.05
-109.16
-5.66
6.53
-17.9
4.78
1.35
-56.82
-5.81
-7.85
5.22
3.96
-8.19
-1.01
-40.58
-164.94
-0.45
23.52
50.9
23.33
-14
-45.8
-14.7
16.78
35.87
-5.17
53.64
-94.26
-203.87
89.87
37.3
-1.05
-34.16
-42.91
4.5
-79.82
-5.65
1.62
20.99
85.52
8.18
38.72
-0.71
70.97
21.81
9.3
-80.9
7.37
-9.79
-56.18
9.71
-42.15
-9.02
-55.89
36.23
-8.91
30.15
-9.66
43.36
22.22
4.44
-21.94
37.89
42.01
27.01
11.52
-323.22
-26.3
49.83
24.37
5.53
35.47
-109.2
-41.17
-4.04
37.37
-29.48
-40.56
13.45
44.96
-105.17
31.69
12.33
-16.65
119.69
0.77
9.45
-48.58
-2.34
20.49
-79.61
-8.68
-12.2
-4.21
54.14
14.46
-16.64
68.93
-62.63
-5.05
14.85
-0.36
-33.22
-85.65
8.79
-9.78
-28.43
7.54
-10.36
-3.98
-125.44
28.33
-6.85
78.49
-0.85
42.43
-8.94
7.71
46.14
-118.94
-26.24
-13.98
-32.36
-23.75
35.85
63.65
48.57
36.89
-222.98
6.36
13.91
5.95
-20.33
30.88
28.11
4.42
12.09
-6.34
107.48
-87.5
2.85
0.07
21.46
-90.65
11.34
18.82
11.1
-5.36
-8.05
-18.82
43.98
-1.56
4.81
-6.91
-9.14
-14.49
39.42
-53.38
2.83
8.55
-9.01
3.12
32.54
-10.29
-33.83
-35.27
74.92
49.91
-90.23
5.4
-27.16
108.86
-69.1
15.03
-8.38
13.24
45.33
6.06
3.19
89.44
-160.8
30.82
-138.71
-6.95
-30.66
24.46
-57.13
55.08
5.83
4.02
9.29
-62.9
4.07
-25.42
-6.89
-35.29
-43.61
-9.77
23.89
27.47
36.32
47.71
-2.51
-22.17
-8.05
23.82
-6.73
16.27
-13.56
-3.03
7.71
42.6
96.25
-69.63
11.85
-117.9
-126.48
106.55
11.47
-45.31
53.41
-10.91
38.11
51.74
-1.44
1.2
79.38
72.15
-38.14
-6.71
36.03
-30.22
17.37
-43.71
-6.6
-136.37
4.15
19.44
51.47
10.52
-24.58
73.06
13.23
4.42
-9.31
-0.51
8.53
17.28
39.41
9.79
-21.55
34.34
-1.41
-70.62
39.77
-73.48
-40.28
-16.68
-41.29
-3.87
-2.62
13.21
0.84
-35.22
-61.73
6.37
-22.35
-11.88
3.87
-0.76
-2.21
9.84
3.38
15.3
10.79
-90.93
15.97
-17.87
-36.07
-89.88
-64.2
4.43
-25.26
-60.74
-3.77
-17.47
-29.01
4.72
70.45
10.19
-30.96
105.83
42.84
3.79
-14.38
41.65
28.78
-12.52
30.97
14.63
5.74
2.45
-32.12
-21.8
-39.17
21.54
52.96
35.45
-11.03
9.21
