-166.42
17.95
-13.25
-125.57
-60.46
59.26
3.6
41.97
8.83
4.68
-7.39
-30.87
20.68
0.49
-22.21
-5.02
69.74
9.8
12.15
-10.45
-61.75
-35.45
98.04
10.81
6.49
-0.8
-6.23
-4.83
48.73
-7.16
-12.94
21.68
41.67
-9.16
-47.58
-67.61
-113.65
45.62
-115.48
-13.57
-6.9
-13.79
-18.26
-34.04
-5.25
-4.34
39.3
52.29
17.36
-6.07
125.64
-75.41
-95.68
-9.11
-28.69
15.71
18.79
-37.65
-3.63
-23.16
-72.64
12.32
3.03
-7.61
-10.07
-12.29
14.02
-4.49
13.92
81.08
-80.13
-26.35
-11.18
101.17
-13.18
-1.5
-67.19
11.02
-3.41
2.62
-31.84
11.26
-65.24
-31
10.62
-29.95
-12.2
-6.78
52.88
-74.04
11.79
-4
1.35
148.42
85.17
-5.39
-33.71
-1.08
6.43
7.68
11.56
-12.11
3.06
-82.01
5.3
2.21
10.19
-43.6
70.4
-189.18
-4.54
7.12
-30.04
-13.17
116.06
-15.82
26.92
-6.82
-94.46
25.12
-0.91
-63.37
9.81
-13.15
28.92
4.56
-1.08
5.3
-6.33
14.02
-25.48
3.31
7.38
6.98
14.26
-9.39
2.25
8.19
6.74
33.72
22.66
5.61
-1.42
45.03
-40.16
10.97
82.41
45.47
0.16
28.87
3.55
31.19
11.64
-190.94
-5.01
-145
-119.22
138.56
7.82
-5.33
-40.78
31.91
-60.23
0.25
-19.57
-23.16
5.92
28.11
26.01
-7.11
-37.87
5.1
-103.14
-76.91
-8.31
-12.37
-102.71
13.43
-7.95
-7.33
-24.49
-38.1
-18.33
11.95
-2.71
10.79
-4.31
55.05
-43.83
-1.42
-39.22
-3.83
3.91
-93.61
-18.38
59.62
109.02
-6.65
7.62
62.56
43.56
48.82
-5.04
4.38
-11
94.49
14.06
31.99
6.15
-185.72
-109.16
-74.49
-76.35
-42.51
141.84
95.66
-33.44
-16.89
-17.14
24.2
47.28
52.05
3.7
139.65
-10.55
51.88
-23.13
164.6
5.78
-57.01
7.4
1.93
-8.81
-7.32
-7.82
10.73
-81.8
-8.24
21.73
-11.19
-4.15
-3.71
-44.54
5.33
57.09
4.79
-27.06
-8.33
-1.57
-22.6
-24.32
-83.34
-9.59
-15.46
5.6
-8.31
-3.21
-73.15
2.24
-8.17
15.71
96.4
-40.04
17.04
-2.63
121.19
29.66
30.93
-9.74
-47.05
209.18
31.57
102.87
-4.53
66.96
3.11
2.34
7.24
-7.54
1.08
-73.93
-16.47
-115.2
47.2
-9.42
-7.04
-9.97
0.89
-14.99
-1.87
-15.66
-15.16
-25.15
6.62
-27.02
9.41
-24.48
133.18
-109.08
4.98
-6.15
-12.83
-13.18
8.18
-14.84
26.19
-9.29
-11.04
-65.41
-2.82
-40.23
-4.03
29.15
-28.19
-4.69
6.97
7.24
16.72
-0.73
-141.09
-1.58
-6.89
-57.77
13.29
1.7
-197.28
-8.52
2.99
14.34
22.94
11.79
41.44
-3.09
22.42
-5.54
-42.12
-15.3
-69.24
7.48
-42
-6.44
-33.74
8.6
14.08
-13.83
10.55
-7.91
-12.87
-3.54
7.67
-7.15
51.01
-231.53
5.64
-7.6
-54.95
-32.2
4.84
71.97
29.45
-115.54
14.26
-14.03
-17.48
-2.35
-13.77
-34.93
-357.85
-4.66
32.06
-90.52
5.78
71.09
7.62
-41.92
6.2
0.11
25.93
-8.51
-45.19
14.02
19.95
68.11
43.38
10.77
37.01
72.79
8.21
-15.99
23.61
17.59
10.73
-25.75
-72.29
21
-19.42
4.46
-3.15
-10.89
-72.17
10.7
70.58
0.74
5.67
-54.05
72.63
-16.93
-11.71
13.65
-13.59
-9.28
19.37
0.94
6.51
-9.31
10.65
11.89
-32.86
85.05
43.79
63.52
40.53
-30.96
76.06
14.35
-62.7
1.85
46.18
-36.51
156.06
-150.64
48.1
0.27
-64.09
-11.41
50.8
-9.5
-6.46
47.04
12.66
83.65
28.06
-37.24
12.98
0.29
4.31
-17.82
38.79
-13.16
54.96
-7.89
122.89
-28.98
10.11
-9.18
-39.26
-17.72
-28.33
18.42
-31.29
2.46
-91.41
-1.86
1.82
-4.63
14.54
34.31
177.57
6.53
-14.42
-105.07
-24.1
-4.69
-48.09
79.56
-11.85
53.3
-43.17
-12.08
38.26
104.58
-91.44
5.9
-0.43
35.96
-7.25
-99.63
43.31
29.58
-15.52
-9.77
-143.3
-27.24
-12.38
-32.17
-11.54
-20.7
10.11
37.68
-3.18
42.49
27
9.69
-6.03
-5.84
102.49
-32.48
-16.89
-99.91
-37.6
-8.2
8.09
7.16
47.55
-21.05
-7.27
30.98
16.82
6.34
0.08
152.72
-10.65
-33.27
-13.75
10.8
33.07
0.01
11.85
-52.59
-8.68
-50.87
-95.88
-31.22
-26.17
115.21
-36.29
-101.15
0.4
-35.36
-105.92
14.23
-8.76
22.25
110.45
62.87
8.47
-10.54
4.84
-88.66
-4.91
12.83
-5.15
25.88
23.01
-59.13
9.43
90.35
-8.13
-13.94
173.1
39.41
53.99
7.68
112.71
6.09
40.77
-11
-2.05
15.81
82.17
37.61
-21.47
9.4
33.96
14.35
0.76
27.38
262.84
-2.66
-6.54
17.51
-1.16
-16.13
-4.29
-35.94
-22.74
-59.99
53.9
-3.75
-14.01
-36.16
13.83
8.23
-148.56
-9.41
114.65
-22.54
66.52
-18.07
-3.21
-25.12
-26.55
-2.86
29.26
3.25
-1.67
5.4
71.66
-128.21
5.16
1.46
1.01
-0.91
0.77
-39.44
-5.58
-1.42
8.26
30.94
5.4
-31.29
72.97
-43.46
-18.19
-95.06
5.11
4.77
1.13
-9.61
79.08
-9.62
-14.13
-8.48
43.25
3.06
1.15
-75.86
21.44
21.66
163.4
-16.52
-55.42
25.1
-59.5
-23.05
66.85
-19.58
-16.8
-78.11
97.34
-30.41
-33.28
-2.15
-29.45
-23.63
-10.99
-12.95
13.06
-6.58
-2.11
15.59
-17.01
58.7
8.61
-93.23
-0.24
-61.29
-24.71
3.05
-11.61
2.26
10.98
-189.16
-106.27
-7.83
-4.48
-60.7
32.93
15.71
12.17
-0.89
-36
-78.71
-7.16
-10.24
-100.64
0.13
9.99
7.96
-5.05
-23.85
-84.69
6.95
-19.36
-104.16
10.56
-46.05
-50.95
0.18
-15.42
-14.09
-44.71
14.49
-4.96
-15.09
3.26
-5.45
-58.07
55.69
17.36
3.28
-2.46
-5.48
-19.48
80.07
-7.64
-20.59
65.54
3.26
171.74
-8.27
9.09
0.82
8.89
-26.97
-5.97
10.53
11.61
-7.73
-10.21
13.76
-9.47
-40.21
30.54
-17.09
-9.78
-2.68
-13.47
7.27
-3.5
1.9
-41.68
35.58
-8.5
23.71
-7.12
-20.44
7.76
-89.77
-11.86
-6.47
-30.09
14.88
-11.06
58.41
37.36
64.68
-10.1
8.05
-7.89
10.18
-18.06
15.41
-7.29
51.92
-9.08
2.83
36.92
35.58
8.11
19
25.09
1.56
-3.22
6.81
42.67
61.65
-64.58
-172.26
13.88
-11.04
2.76
31.22
30.37
-8.89
70
9.93
-4.17
54.47
33.51
121.7
116.03
-14.95
-43.93
17.43
92.4
10.41
99.99
-54.56
65.17
9.58
1.79
73.34
0.02
35.04
-84.75
-7.02
-71.34
8.23
14.75
-91.71
-0.96
20.12
83.5
-2.11
-64.99
-7.2
-13
-58.18
-42.19
12.32
-35.57
2.1
10.11
-185.27
56.8
62.44
30
-1.58
28.24
7.01
-12.44
-28.55
-2.61
11.21
-10.17
10.93
-89.96
123.46
-59.37
9.72
1.39
3.86
8.08
2.39
31.46
21.53
7.11
10.68
49.32
8.27
-8.28
8.09
4.63
-20.32
86.07
11.86
22.14
17.14
-40.19
7.96
-12.68
5.5
-0.01
10.96
-11.55
60.53
10.71
6.61
-3.04
86.17
3.96
2.65
-42.08
58.82
61.94
11.32
-22.91
109.21
14.22
17.19
-9.27
7.79
8.67
-46.67
-40.88
90.69
-55.43
-4.1
-6.71
58.81
-1.72
8.86
5.52
4.09
2.82
41.87
3.58
-224.46
46.01
-164.68
-23.49
-3.52
-3.61
25.94
-7.29
-71.3
10.76
-34.36
-5.47
68.58
-47.66
-21.82
-75.32
-28.94
-9.68
-53.27
-94.78
-0.83
-29.73
-29.15
50.21
-4.14
9.17
-0.05
3.34
-7.04
7.13
-31.54
-49.7
12.13
37.62
-120.66
60.98
46.6
12.28
2.35
47.98
5.75
-110.53
-5.16
137.22
-67.5
-50.87
23.83
-19.04
2.61
-73.72
-8.35
89.72
33.38
50.25
5.25
46.7
52.19
56.3
-2.84
2.58
-9.64
115.72
8.36
25.9
-21.46
11.46
-6.55
4.97
-5.75
-38.45
9.97
-39.88
0.99
41.46
-32
-7.69
65.68
51.85
3.38
7.39
-6.36
1.38
-9.98
-34.33
27.49
-105.07
-9.51
-5.96
61.49
20.18
44.89
-7.41
-21.39
-5.25
-1.1
22.28
43.64
-27.1
-53.42
-64.81
4.11
6.91
9.1
47.51
49.73
66.59
17.15
-10.89
53.74
-7.07
-11.65
-3.39
10.57
26.25
-28.36
29.45
-11.45
-8.71
-2.91
9.4
-1.43
-38.64
8.69
121.18
11
24.4
