-54.11
19.61
69.49
-143.24
56.02
9.84
-17.68
23.92
8.57
10.41
35.61
-6.14
13.09
-11.78
-2.4
-29.82
10.07
79.62
-2.29
-30.07
2.86
0.11
22.2
2.07
-92.78
14.09
45.57
-44.83
40.22
25.92
-4.71
15.58
81.03
13.82
5.47
28.44
-29.52
-15.03
9.82
13.43
8.57
-5.11
-9.08
166.4
-0.45
-19.31
-78.28
-5.1
34.06
-39.39
-32.63
49.71
3.79
46.59
11.17
-14.84
4.86
-73.07
43.65
9.12
-9.72
-4.19
61
-5.79
-55.62
8.93
-0.9
-17.01
-25.88
62.13
7.85
9.08
-0.97
-25.68
-71.94
-109.22
-42.56
7.71
-2.18
17.94
29.77
-9.95
44.34
75.6
-186.77
-61.08
9.12
-41.25
-9.11
59.42
-7.02
-7.34
64.28
-2.74
8.44
-48.77
23.25
9.02
83.77
5.4
41.52
-44.64
43.03
-2.58
67.54
1.67
-74.07
7.66
-97.5
2.07
-12.7
-62.74
1.96
-88.84
84.84
21.74
10.84
82.63
-1.1
10.23
15.06
14.84
29.69
38.6
52.47
-7.65
-36.55
37.97
1.49
-54.55
-7.7
-35.82
15.72
64.91
43.85
100.02
-9.65
6.36
-8.63
41.21
67.7
-2.88
-6.06
-6.84
-23.63
-27.74
25.25
18.03
16.93
1.46
-18.71
52.54
-2.2
13.07
5.03
-42.7
-9.4
73.01
4.48
84.6
3.85
15.66
92.32
-10.51
-4.54
18.37
-0.39
6.13
42.08
-52.76
-6.09
-0.86
66.22
11.23
10.39
-12.55
5.76
9.81
-27.71
8.41
28.56
-13.32
63.64
-34.86
-30.41
18.75
-4.98
54.87
7.95
-2.04
-3.29
-2.94
-115.46
24.4
356.53
11.53
-64.04
-2.68
41.24
-4.77
1.91
-7.19
0.28
-51.53
-11.56
1.88
55.6
49.33
-3.45
28.77
-10.43
48.01
-2.99
-48
42.03
-3.63
15.82
-8.92
-8.22
21
-23.97
3.47
-12.14
-20.87
-10.26
7.14
25.5
-12.78
-14.69
43.79
-1.99
6.98
-131.6
28.51
-3.84
17.78
-117.47
0.39
-0.69
10.28
-0.51
34.08
-10.25
-2.86
93.72
-0.05
-4.65
86.95
-24.51
13.91
-3.6
22.43
13.59
54.14
46.18
1.14
10.93
-9.25
-18.73
6.25
1.02
-10.18
7.94
42.75
-9.59
77.93
108.77
101
-6.18
-12.21
-187.53
46.05
17.23
11.91
-81.89
-26.9
-10.18
6.92
20.19
28.96
-10.35
4.85
36.35
-0.47
21.05
18.46
72.87
-85.21
-12.6
34.96
-16.24
23.54
-11.97
-87.16
5.54
-95.98
6.41
-22.14
17.33
16.59
46.66
-86.03
63.32
-11.8
-20.79
-8.13
-13.35
41.27
-23.39
-85.02
-46.28
24.71
-157.72
11.33
-25.63
15.34
44.83
12.43
26.96
8.19
-1.13
7.32
-34.84
9.91
-37.78
23.44
-60.19
-11.66
3.29
-6.32
-35.09
-7
-51.16
67.95
5.33
-76.1
10.17
1.97
-0.16
-13.65
-2.65
-9.55
0.24
-12.86
69.98
-12.46
-108.89
63.49
-6.39
-22.87
-4.83
46.77
9.26
-2.03
-14.84
-24.78
-5.57
-39.56
20.05
-69.2
-104.05
0.24
-35.39
63.35
24.04
57.46
6.51
-5.37
-7.07
-21.16
6.32
16.63
-47.89
9.7
35.92
88.56
-3.87
-29.46
-6.75
-82.37
-16.55
57.62
-116.19
-0.52
-11.87
14.38
6.84
97.91
27.82
-8.37
0.74
-4.27
40.09
-5.09
-34.55
-11.08
72.98
82.18
23.99
21.54
54.82
-6.36
11.91
-21.06
-4.88
-9.85
32.57
9.39
-46.39
-3.81
7.87
-230.06
9.06
-8.83
-8.49
24.48
53.5
-19.82
0.37
-8.21
6.69
-187.95
66.7
0.11
33.54
6.39
-3.2
-24.72
-17.9
114.71
-4.12
49.29
13.11
31.15
94.4
-21.44
8.72
21.21
-51.36
5.45
-82.07
4.31
27.07
-2.88
-5.92
-73.61
55.92
-4.01
4.36
-23.28
-11.27
6.81
4.71
9.15
-19.76
-2.81
29.78
24.79
20.97
12.12
-101.46
42.64
-2.7
-1.6
-3.64
6.63
-12.99
0.19
-70.11
61.61
28.93
-2.38
43.75
8.71
40.59
-9.51
-77.34
50.27
32.49
0.33
-4.22
0.94
-201.38
33.63
8.26
-35.34
-93.51
29.32
-2.93
-31.91
8.15
-35.75
55.71
37.11
-46.79
15.21
-6.06
129.94
-17.67
-85.08
38.52
-49.99
67.46
98.52
-21.21
79.15
-6.94
1.27
-53.57
44.22
82.32
-53.02
7.71
-6.61
-58.7
-14.69
16.21
-12.74
-21.78
37.16
88.49
-6.64
-42.05
-9.08
-5.87
27.36
66.06
13.76
-60.47
-41.97
-143.69
-13.62
5.34
10.04
-76.45
-12.3
-76.6
2.41
-9.01
-18.85
1.86
66.39
-14.39
-4.48
1.13
-10.57
-7.42
24.28
17.53
7.22
0.52
39.08
-61.26
11.87
-30.07
-3.01
-12.08
-38.29
75.46
-22.84
-78.84
-2.5
-2.4
-100.61
-77.48
-8.33
-84.5
2.81
58.94
-7.92
-130.52
-16.22
4.88
-7.8
6.73
-18.35
-27.41
-64.58
0.6
23.26
-147.25
-4.85
63.01
-14.82
50.66
21.84
20.68
-7.25
101.12
17.67
-1.49
-4.61
-99.52
42.79
-114.43
4.21
9.57
-8.71
12.47
-25.1
-99.2
186.88
-11.32
-74.18
215.99
-11.23
-16.29
11.57
0.61
-11.91
15.95
25.93
20.23
30.69
29.26
23.18
-23.6
-14.68
79.5
12.74
9.4
9.24
3.85
9
-5.53
109.13
-10.31
18.68
-6.95
-31.39
9.06
5.1
-16.49
-66.7
16.94
-19.59
41.38
4.8
-87.56
-17.02
-24.48
-1.85
-32.77
4.85
-122.97
32.89
82.76
-80.54
-11.58
1.73
27.84
9.59
-25.3
-35.77
-61.61
-12.76
11.27
60.79
7.5
2
-68.91
49.67
-28.46
95.21
23.97
57.85
-15.61
-14.19
10.83
55.69
13.89
-15.39
-17.51
9.6
-15.82
-19.53
42.43
4.27
-54.48
-6.25
-11.18
-24.97
68.71
-12.48
0.25
-4.94
-9.72
172.9
-0.12
-3.92
-29.92
42.63
-91.21
18.11
11.1
12.15
-3.3
4.09
113.69
-8.33
-43.24
58.06
56.13
3.75
18.59
3.24
26.78
-44.51
-55.25
9.29
10.72
9.94
4.53
-65.08
-144.41
-109.36
-0.36
12.15
50.67
-14.52
16.52
10.71
10.92
-32.91
58.61
25.07
0.11
-4.82
203.06
-11.05
1.36
7.68
-12.32
-29.39
-7.83
1.16
7.62
-39.99
-46.12
35.78
71
9.71
-19.28
-18.88
48.1
4.11
-53.25
-136.21
5.29
58.9
-3.61
8.57
-2.82
-5.03
74.81
20.37
-10.84
-10.91
-33.81
2.42
-39.9
-68.91
6.36
-2.79
-38.84
6.3
-63.26
-48.98
-7.53
1.97
-12.78
-9.17
4.56
-4.29
-1.5
22.63
5.86
-30.42
56.77
94.74
12.23
-24.92
5.33
-14.39
-11.32
-8.6
14.9
3.03
55.85
30.98
-0.83
18.41
-19.63
33.27
14.41
-40.1
-15.31
-15.63
-65.6
-65.4
-28.05
-11.76
58.77
-24.84
3.01
-14.03
18.31
-17.21
-8.04
-30.87
24.23
-62.86
40.97
-47.72
36.28
-13.34
-6.8
-17.46
50.38
12.33
19.99
-24.24
3.68
-114.55
49.31
-38.45
9.62
-41.32
10.68
-34.24
2.3
-6.87
16.11
-15.65
16.13
29.76
2.93
-175.73
7.92
-73.1
-93.42
-2.86
41.45
-11.58
-146.77
10.14
7.48
17.12
-11.87
-19.49
-16.71
73.66
-14.5
-26.24
22.47
-6.51
5.36
8.27
-136.61
-1.46
-8.6
-49.19
-47.83
47.1
-9.44
-10.36
13.46
101.45
-53.08
-64.43
-8.36
35.31
-9.49
95.53
-6.66
-14.38
-78.16
-66.99
-5.12
12.58
0.59
48.74
29.04
-4.82
-5.25
-17.99
1.81
25.81
-12.18
-14.96
-12.26
11.25
8.01
-26.24
-43.67
67.73
-7.78
-49.15
12.08
-10.57
8.74
38.46
0.6
-41.43
-3.91
38.42
-8.09
-5.09
-8.1
6.16
48.35
25.91
135.28
-11.85
7.98
-20.63
8.42
12.36
-81.67
-72.74
57.53
-5.83
22.31
-67.4
8.13
-3.12
-32.04
-68.67
1
8.44
40.78
-3.58
18.18
9.51
-11.37
-33.03
-16.39
3.87
10.19
0.43
-6.64
8.98
87.04
0.83
151.13
-11.2
8.71
0.02
-65.08
13.83
15.93
107.04
-63.08
12.13
-70.44
9.03
38.56
-120.98
11.74
-38.04
-11.6
-0.79
-68.88
6.8
-8.02
-8.1
-5.33
109.71
21.9
4.97
-50.39
-64.54
-9.41
-22.21
-0.64
-16.45
9.23
58.5
-6.98
67.92
-50.6
67.54
86.66
11.54
-25.24
0.25
-70.02
-13.3
2.52
4.04
30.97
-12.74
17.34
13.55
-18.56
-34.85
-20.28
-50.68
-4.33
4.61
11.3
4.68
-59.06
2.3
-116.56
-22.38
-57.02
4.52
17.43
-27.81
41.66
-6.67
9.1
33.54
8.36
12.03
-11.82
51.03
61.04
-37.37
-0.32
-1.85
-30.58
16.36
