27.29
4.54
52.87
-14.8
7.77
-9.62
8.99
-17.49
-0.74
60.75
7.85
42.21
1.67
23.01
107.22
13.87
-4.15
81.44
3.54
9.25
-3.29
-8.88
-83.19
0.3
63.63
-9.28
-4.34
22.04
89.81
-180.87
-105.03
7.47
-14.5
-54.26
50.91
-4.92
-49.03
-54.92
-23.41
-14.02
143.91
-45.62
6.8
-5.59
-2.03
2.67
-32.64
-7.27
31.08
14.87
10.25
9.66
1.91
-7.37
-12.79
-22.69
2.6
45.24
34.55
18.09
11.12
7.96
133.73
10.76
-40.68
26.38
-39.64
85.88
-9.23
-6.1
14.96
49.69
-16.74
-65.37
104.39
30.15
-11.36
95
-28.67
-68.28
-3.8
-95.76
-11.8
7.3
6.16
70.12
9.5
-10.05
-0.4
7.81
14.97
2.5
-27.85
-23.16
-12.56
5.46
35.08
6.29
-8.47
-105.2
-5.46
60.95
146.7
3.54
23.25
-92.21
16.46
4.65
-68.55
-18.11
-11.73
75.16
-10.29
-16.15
-2.45
8.81
11.95
11.73
-18.66
19.87
1.7
3.32
52.88
28.65
-16.16
0.44
6.58
85.86
0.92
-79.63
8.08
10.3
-7.07
35.19
12.54
-154.78
-10.27
4.25
-5.11
15.17
-2.68
11.66
-40.26
-3.27
-10.59
109.9
15.02
4.23
-4.35
58.89
-5.56
55.89
12.32
3.83
-34.41
33.07
-18.52
66.61
29.18
-13.45
40.58
8.92
-18.61
79.23
4.08
18.72
1.62
258.45
3.15
23.2
1.4
-10.25
-22.3
0.75
-2.85
-65.45
-46.45
14.82
16.3
-32.33
19.9
6.38
-2.34
-78.26
55.66
-45.22
4.71
-0.33
13.67
-116.45
6.49
-4.42
10.4
-77.25
-7.25
5.24
23.48
21.8
4.84
28.34
-4.07
-86.16
-61.45
19.33
-78.92
115.07
11.74
135.15
99.42
-10.64
13.52
-7.79
20.24
54.11
31.81
-2.72
45.07
-33
36.73
-138.64
-27.37
26.19
115.39
-65.53
-12.61
40.57
50.88
-9.93
18.25
-0.91
91.33
-1.69
-23.07
-114.36
8.37
-1.53
-34.57
37.87
0.29
-10.07
-182.23
5.67
113
-10.09
9.78
-10.3
-34.24
31.08
-28.32
-3.25
127.68
-29.29
-58.68
-9.29
61.68
-218.9
21.52
-14.22
28.67
-1.47
-0.66
-46.46
-2.77
-2.34
-9.37
2.72
-104.58
-10.37
60.21
2.35
13.11
9.31
-13.35
54
3.25
-27.25
-55.64
-15.48
-12.59
1.86
56.89
-7.34
58.54
40.32
2.3
25.43
5.92
30.45
-13.76
-29.02
-32.67
-35.05
10.85
-60.07
-0.52
-38.68
47.86
8.74
-35.98
126.73
-8.65
42.26
-18.02
40.23
2.14
-11.86
-8.09
36.58
13.26
50.36
-9.7
-49.7
-36.3
-63.62
11.92
-20.79
-11.15
-7.62
-9.61
10.81
-6.92
-8.66
-30.04
8.15
-5.69
43.12
55.77
-0.38
-11.41
3.41
-75.14
-146.37
72.13
68.91
-224.52
-7.81
134.62
46.81
21.85
1.35
-6.81
9.68
-0.66
-81.3
-0.32
-1.64
147.27
-66.38
9.81
-1.54
25.94
8.9
-5.2
6.87
56.64
12.36
24.15
-10.33
-10.25
98.79
69.57
6.05
-71.74
10.38
35.55
0.47
-24.27
-54.55
-6.33
-9.81
8.39
-1.02
-58.14
37.96
56.17
12.88
-6.01
-11.59
22.66
-9.67
37.3
43.75
49.1
-36.78
-2.53
15.98
-9.83
-261.41
-43.92
-48.94
-16.19
-20.87
-14.26
5.19
-9.31
-33.45
-100.11
5.1
-2.51
-0.04
-4.64
17.64
12.91
1.88
8.61
-0.45
30.28
7.97
-9.53
3.86
10.04
-9.36
-75.8
5.88
-2.43
-14.31
-6.74
-4.79
-4.83
7.19
-4.75
13.58
-40.6
14.09
153.14
-3.55
-53.15
144.56
2.41
-29.33
13.99
-4.97
27.54
4.26
13.92
13.8
-10.83
20.91
12.03
36.29
-7.21
11.18
-68.16
8.73
0.83
1.84
76.72
-17.54
16.61
248.02
-1.26
-5.5
-46.38
6.28
31.5
101.39
23.94
12.31
-2.05
-9.69
-29.45
-15.26
2.59
-10.83
-9.17
5.09
31.84
-63.38
-10.43
25.77
17.75
20.67
8.57
19.34
105.89
9.9
19.23
-6.85
8.93
11.28
-18.37
43.53
-5.13
1.95
9.33
2.06
0.07
-14.02
19.48
-109.79
74.54
23.68
-4.97
32.35
3.93
-21.51
8
-11.01
21.29
0.13
-94.47
-2.54
-41.33
4.34
28.53
-9.37
1.21
41.14
12.64
27.78
32.39
-29.62
-16.82
-11.09
-13.32
9.18
0.29
2.19
-98.08
13.88
-1.88
56.27
-149.69
-3.67
1.93
7.4
78.61
28.67
5.15
-17.8
-141.28
-6.96
-7.03
14.89
-12.23
1.36
154.3
-10.03
-3.77
14.23
-109.84
-48.07
96.01
4.96
7.82
8.43
-4.95
-65.96
-89.01
-6.97
3.65
3.48
21.08
38.69
5.71
262.85
85.04
27.43
-4.53
-8.82
61.69
3.95
-3.27
85.82
8.21
9.46
-9.98
50.72
-39.71
-24.02
-25.59
38.69
-13.92
-6.88
-172.17
-42.4
-7.88
-123.17
-27.28
4.46
11.31
8.04
-11.33
-25.46
10.35
20.1
-7.21
-56.92
20.5
54.02
-17.43
-9.49
11.18
-183.08
-3.42
-23.54
-15.87
2.73
-12.51
-3.44
5.97
25.52
-78.31
-6.82
2.37
51.24
-0.37
4.89
-22.99
73.4
86.7
13.66
-5.5
3.07
31.46
-7.98
-25.18
-14.07
-14.43
66.72
-27.46
-13.43
-45.29
-16.21
0.08
30.49
-3.79
45.32
94.9
6.05
59.01
140.93
-49.07
53.21
-9.62
10.17
0.4
10.5
-10.47
83.7
-6.95
-3.18
-4.48
-67.05
3.99
-4.29
-137.58
-0.03
-10.24
73.1
8.75
30.76
5.99
18.5
-1.49
132.97
29.92
-62.66
-4.91
8.03
4.1
-11.73
-23.91
27.43
63.38
-12.57
-4.47
-50.73
-17.9
-21.95
-3.34
17.13
69.89
-0.19
1.9
65.95
21.04
10.32
-2.92
58.05
-6.35
6.38
9.64
-69.1
-23.9
-6.35
28.39
2.59
-50.93
-7.09
-1.72
8.05
17.12
-31.26
6.64
-9.39
-15.13
12.22
34.65
21.24
1.24
13.61
-23.76
-9.78
42
-87
-6.05
0.45
-16.54
12.7
68.05
-16.12
81.38
65.41
-101.21
-6.71
8.73
59.37
83.64
6.33
14.52
12.81
15.91
10.13
8.98
-11.1
-6.74
-1.19
17.47
33.77
-22.81
-38.87
-8.05
-7.73
-8.27
-62.64
-0.39
-8.38
-136.83
-40.64
15.77
3.76
62.59
7.96
10.16
-2.78
-49.23
-5.52
-129.4
-8.27
-0.91
-0.37
5.76
1.97
-0.03
1.38
-198.8
-6.5
5.36
-120.74
-10.42
4.36
13.84
47.27
-83.63
28.07
-21.6
92.89
29.31
-88.41
16.17
6.7
-169.64
-14.51
-11.4
0.49
-12.64
9.63
-3.77
-28.18
-6.07
83.99
-2.07
6.55
-1.67
14.66
23.16
105.93
-3.5
-81.21
9.6
102.25
5.02
-25.79
-5.68
142.5
-9.82
40.66
-23.04
2.79
8
25.54
55.65
78.34
0.38
-68.66
16.15
0.08
7.65
3.91
95.43
-6.53
4.05
-13.54
6.5
16.61
30.81
-297.65
9.07
-8
-12.14
-3.45
17.28
-7.23
-9.84
10.13
-11.73
-34.61
5.5
4.25
12.75
17.12
6.22
-15.49
-10.54
15.7
34.91
12.57
-34.63
7.47
14.49
6.96
-42.15
11.86
-34.1
1.41
-77.64
-128.62
-12.46
13.71
-39.73
3.21
-15.84
-7.45
-16.29
43.24
-15.46
26.21
35.34
-57.93
37.68
46.34
34.67
11.23
8.03
-34.98
-1.11
6.1
39.86
-33.84
0.97
4.25
9.23
52.05
-2.85
46.35
35.34
0.88
-19.19
33.89
4.93
3.26
11.62
6.63
-80.71
1.98
5.04
12.56
-7.14
-14.14
14.7
8.21
96.9
2.62
-6.28
29.84
13.93
-5.46
8.77
35.33
81.09
103.84
48.6
51.04
28.37
11.74
-0.04
1.01
-43.05
6.88
20.17
-5.93
11.44
9.53
-125.9
-3.48
-112.89
-22.37
32.73
-12.12
8.49
60.22
48.88
-11.34
-96.38
-2.63
53.47
-67.36
20.09
171.34
2.73
8.77
20.93
29.84
-6.74
47.89
13.43
29.26
-20.7
5.69
-15.27
-47.81
-5.76
-10.97
-8.18
-8.19
-8.84
59.65
-10.69
3.06
33.52
10.94
1.51
14.37
4.65
-6.73
-3.29
-8.23
68.66
25.94
-8.02
-61.5
70.63
11.36
-13.58
-44.9
13.5
-10.64
-49.92
-4.4
2.54
71.26
10.03
-27.29
-30.08
-2.52
109.07
-4.84
27.27
-56.84
63.77
4.76
2.71
28.98
-19.22
-16.42
-36.23
8.13
75.46
-46
4.18
-5.71
-14.17
68.11
6.67
-10.78
72.5
-9.79
-15.68
-24.13
-75.66
-4.02
-26.6
-33.92
-40.49
-2.06
-12.95
-17.22
-50.98
-10.68
6.28
6.21
9.34
-52.11
4.13
10.24
-6.36
-10.29
-50.22
-47.01
41.11
4.54
-36.87
-71.68
