73.08
-24.56
13.18
17.23
44.65
-50.9
0.7
10.96
-14.58
13.97
-6.55
9.95
40.6
7.89
-12.89
52.93
35.67
41.91
38.5
10.64
3.07
-5.99
-9.05
-24.71
4.52
97.36
100.58
-9.73
-328.04
-31.26
5.62
9.05
218.02
-49.06
-103.09
1.49
59.1
-0.53
-13.57
-3.75
-9.25
11.9
-8.35
-60.44
-16.35
6.51
46.9
32.41
22.52
1.98
-18.93
11.74
16.13
17.62
68.47
-41.01
-54.21
7.67
18.4
12.46
78.92
44.21
8.87
-9.8
-4.68
-123.74
-8.37
33.24
-7.12
-31.58
25.59
-70.09
-6.86
12.74
47.7
-19.25
-45.96
-61.42
30.93
115.74
-10.39
0.59
6.51
3.21
55.18
-123.29
33.56
-48.39
19.56
-19.77
-4.54
1.98
0.13
-129
-41.71
-51.18
6.24
-6.66
-9.17
-31.07
45.06
45.81
44.48
-25.05
6.91
-36.5
-220.27
-15.32
60.1
38.66
59.72
84.06
-77.79
-1.98
4.51
36.11
3.15
-48.55
7.47
-0.12
-16.95
-1.34
11.01
22.32
1.05
-4.42
-28.9
6.49
-0.97
-8.42
19.29
52.4
35.73
-81.85
55.54
-9
17.19
7.8
28.77
-2.82
-20.04
42.11
5.17
-44.55
0.87
2.87
13.5
-2.79
-40.71
12.79
2.61
-6.03
26.85
-48.45
38.19
-9.39
-65.23
7.57
-8.21
-12.91
-7.38
13.38
-7.83
36.88
-25.17
-3.13
38.82
10.72
0.7
-59.48
-17.58
-145.06
10.17
-78.27
-11.67
-25.39
21.77
-10.9
4.9
6.5
-15.01
57.64
-13.15
-11.87
8.93
10.5
1.42
10.51
78.79
-96.55
10.34
37.69
-17.54
6.83
3.4
-4.71
-27.28
-4.12
37.22
-22
3.79
-67.44
-15.35
-0.48
-86.54
-47.98
13.11
-1
-5.44
11.24
8.49
-0.94
14.66
17.2
-13.58
22.42
-1.97
-49.2
-114.58
-137.55
-10.69
10.65
-1.14
-219.58
-58.43
8.57
95.85
5.85
55.46
-42.71
66.41
29.27
8.29
-0.31
46.9
39.26
-4.13
-5.16
-12.64
-20.23
71.6
11
-9.06
0.25
58.68
2.62
-11.78
-3.16
14.66
60.48
4.66
-30.43
-20.66
-4.95
-61.72
1.82
93.6
58.6
52.63
-93.26
-1.63
-11.05
33.31
57.15
59.53
-3.2
36.04
8.16
8.05
0.42
8.59
-9.66
-0.65
-23.89
5.67
-51.52
-20.99
21.77
-23.38
-37.5
-5.96
-0.65
73.97
19.25
-7.64
-7.12
34.67
-21.41
53.14
-104.96
10.18
0.84
22.28
15.47
-33.25
10.31
0.53
-6.95
-7.64
-0.89
-8.46
9.34
10.3
-30.08
-0.77
-5.04
0.89
3.33
-9.69
-66.31
-91.63
11.39
44.38
-3.65
-30.91
1.36
-15.87
-177.66
30.46
3.99
-3.71
113.49
-67.98
13.9
-192.08
6.24
42.38
44.43
49.74
50.35
-6.84
1.64
-24.74
2.29
19.71
119.93
-11.41
54.46
25.81
9.45
-0.49
-0.77
-24.55
3.67
29.24
1.81
-72.04
-32.27
-43.03
9.76
30.58
-14.02
0.07
62.78
43.55
1.64
-99.94
27.06
-8.58
20.34
-16.63
-6.48
96.78
7.28
101.86
18.05
-85.6
91.39
13.04
59.99
-8.22
-9.19
42.49
6.4
-3.22
-90.82
12.76
48.07
-9.3
-8.28
0.4
-8.76
22.54
-0.72
-0.28
0.41
-231.63
54.1
44.66
-7.03
-125.59
9.6
14.93
11.57
1.44
101.99
14.29
-91.29
24.52
4.47
15.77
-6.12
-16.87
6.59
58.33
12.43
-18.43
9.39
-62.51
-31.54
-8.34
-28.67
-21.81
-16.23
31.92
15.12
-8.34
9.99
21.08
-6.2
84.35
-6.17
-20.71
-9.51
7.84
-13.08
-32.17
-6.38
-10.22
-44.56
113.62
7.61
8.73
7.12
75.86
90.93
12.25
-4
-41.65
-93.61
4.32
-14.06
11.88
-13.58
109.5
-17.16
-12.88
10.52
-17.91
-98.85
-0.73
-25.06
84.35
11.77
-2.33
-95.95
-4.91
-10
0.75
83.35
-10.74
1.67
4.48
-4.81
39.99
-38.45
-151.98
-2.66
10.34
3.18
-9.51
-3.42
55.21
-179.57
-1.84
-17.23
6.03
30.97
42.26
-19.16
1.62
-13.32
55.92
-54.86
-14.89
-32.02
12.18
45.5
-11.21
-11.52
6.64
-55.37
-6.12
-8.02
19.98
165.75
-8.24
-3.24
-116.65
-120.99
40.19
-38.02
98.51
-119.19
12.88
168.78
-6.68
-7.83
-4.01
-7.06
34.14
56.46
16.05
-36.42
75.57
7.94
8.58
3.3
-118.95
-32.66
-2.16
-1.36
35.8
-1.32
81.1
-79.42
3.35
29.18
0.73
-7.7
64.86
-15.19
-25.08
-142.25
26.78
-62.06
-36.92
12.69
37.74
-14.62
37.73
-8.18
15.24
-25.77
-30.95
57.55
8.21
-6.92
-74.39
85.41
-22.68
-15.9
4.95
7.96
26.2
4.67
59.98
3.09
-6.29
-2.86
-0.8
-13.94
-6.42
-77.94
14.99
56.75
-10.8
-3.23
-91.33
5.39
-28.62
-107.92
-24.47
36.88
-4.67
-72.02
2.03
194.31
17.86
-12.15
17.67
3.07
5.78
16.9
-20.22
72.98
58.52
50.99
-154.67
54.12
-35.22
12.4
2.89
-130.83
-2.28
9.87
90.81
-1.9
-12.19
56.61
20.97
84.68
-20.18
-3.53
6.43
21.24
-5.65
-48.2
0.66
8.15
-5.19
71.4
-28.92
46.35
-6.67
37.64
46.24
4.73
28.91
-11.9
-28.01
-1.12
-5.3
37.43
-63.42
-109.72
55.1
-35.98
-53.12
14
-21.59
61.12
-2.87
26.29
-39.29
19.37
121.2
-7.84
72.67
14.95
-2.46
-23.12
-138.49
14.69
2
2.71
-0.13
2.77
42.43
-0.52
-8.46
176.25
-30.52
6.17
-4.54
-5.68
-8.26
0.95
52.3
57.47
-14.01
29.66
6.65
-39.77
33.62
-5.36
-2.04
13.15
3
-52.59
2.13
-162.25
2.27
96.78
67.83
-36.52
50.85
-7.53
46.42
-25.07
3.5
0.35
39.96
59.35
-52.55
19.43
53.24
16.99
-12.1
-5.83
13.26
22.18
-28.52
-8.93
-7.48
-74.57
-1
35.65
-1.66
-10.32
62.81
4.75
-2.29
97.39
9.14
-13.61
-77.38
30.88
-0.57
-6.86
6.08
-31.94
-5.3
-3.69
0.76
3.77
37.28
-31.95
29.78
-10.97
42.44
44.67
-77.22
-133.87
-1.74
-12.49
-95.17
25.26
-30.64
2.3
1.69
-13.56
8.15
12.18
75.29
-31.91
-10.54
-22.52
-28.02
-6.63
4.2
-55.78
14.44
19.82
9.79
2.8
-13.57
4.74
4.94
11.15
-35.88
79.98
-13.25
-6.77
18.11
39.64
9.64
-27.65
1.84
-61.15
-22.29
-168.26
9.97
-63.05
43.8
74.68
-24.64
19.14
23.48
50.85
41.08
1.66
40.76
157.46
-5.92
-48.35
-44.5
-3.98
-30.18
32
-50.23
-47.27
-7.27
9.02
-5.49
-19.28
148.78
-10.95
9.72
21.82
-124.51
8.48
-98.01
9.56
-18.53
-62.09
6.56
8.56
-44.59
-12.23
5.78
60.13
5.67
-119.96
14.98
-6.85
-72.3
16.55
-14.44
-17.77
-107.47
11.56
-8.33
70.25
-58.67
29.86
-30.33
-1.19
67.51
-65.2
-71.88
-38.77
24.28
7.31
101.11
227.12
10.35
-4.83
15.28
24.37
-1.94
-15.45
115.72
-141.38
-18.7
4.7
-24.55
46.37
144.81
7.87
-15.48
106.45
51.68
-6
66.58
-8.87
49.67
-8.74
14.41
14.53
14.15
140.44
-11.6
11.42
21.37
11.65
5.63
14.32
11.92
-36.29
-40.97
-10.16
83.65
6.24
-40.46
-129.58
-2.36
-7.7
29.68
-29.19
-14.14
8.42
27.61
22.87
-53.87
47.5
7.23
11.86
5.32
-18.82
-146
-83.95
-59.86
35.67
11.17
8.92
-37.66
-62.98
13.09
-11.5
-0.61
17.23
59.62
76.59
7.82
6
54.66
2.96
4.43
-4.97
44.45
-11.28
54.67
13.01
28.57
26.26
4.84
-4.99
-21.64
2.3
26.56
46.16
-11.54
-5.5
-293.31
-108.22
-7.19
82.45
-84.56
7.06
-68.27
15.81
-1.98
-7.78
6.11
3.18
-64.87
-20.24
25.73
-2.3
9.31
1.73
-100.11
-107.63
10.06
-3.13
-23
-7.37
-54.7
-23.97
-21.9
-11.81
1.23
-12.09
-26.96
4.91
5.96
-1.36
-33.48
6.37
-148.55
-20.12
8.85
-60.94
-1.71
81.39
16.4
10.56
3.3
-7.44
-3.46
-4.88
11.62
-39
-1.18
-15
74.4
51.96
-14.96
-7.9
11.61
6.94
-2.13
-53.19
-9.28
55.45
2.88
-53.19
7.55
9.1
-5.34
3.14
59.97
42.24
-2.09
-34
-154.91
0.01
-44.9
31.61
-28.13
-12.71
4.12
6.75
2.56
-33.83
-39.38
10.71
39.51
-37.66
-0.5
-271.96
-10.04
-10.31
-13.28
11.46
2.15
2.34
28.69
16.17
2.23
-50.57
-5.53
5.89
-3.05
-169.4
-174.29
-7.98
-6.05
-45.66
5.04
14.35
75.3
35.97
