30.84
-26.13
-35.64
204.93
49.13
15.69
-4.63
62.15
-129.58
-1.78
3.28
16.52
-2.08
-5.7
-11.88
-10.35
2.3
37.05
9.95
-9.82
13.09
53.26
10.68
-11.93
12.74
-21.31
74.14
-12.48
7.56
-53.65
-4.5
-47.78
4.88
-5.74
-5.62
44.79
13.78
7.52
72.34
19.31
8.92
-1.46
-1.86
44.29
50.52
-71.94
86.9
-2.5
-11.27
-79.75
-11.75
8.56
6.81
-2.82
-16.73
0.05
-10.19
5.75
8.57
27.58
-74.91
0.62
-6.74
78.44
6.01
6.05
15.21
-29.08
-9.23
20.89
-21.02
15.42
0.25
27.67
-1.49
42
14.48
-31.3
-14.45
-35.05
-63.47
-10.35
79.93
-9.08
35.53
-54.83
-6.29
-17.62
-14.11
-5.77
28.8
8.41
-15.42
1.45
-8.88
4.39
-27.81
-18.93
53.49
66.06
-6.01
11.85
81.49
69.15
-3.3
10.48
-3.11
42.84
1.72
72.78
7.37
77.89
-11.47
7.52
24.83
1.88
19.32
32.39
-1.74
5.19
-30.14
2.84
2.88
-144.78
-7.92
94.69
-16.23
48.97
1.98
-15.92
-0.95
2.34
48.62
0.07
-15.86
36.02
-13.49
1.54
-0.14
-95.68
0.88
-3.87
1.83
-27.45
-11.25
-60.35
0.68
-1.29
-15.88
0.14
13.24
-5.82
15.71
-4.11
4.82
-36.37
-9.72
-25.13
145.71
10.19
10.3
61.22
-22.31
-66.25
5.56
81.66
-155.61
-12.25
3.32
-13.85
13.58
0.46
6.75
-135.3
-148.23
-10.53
174.53
-65.84
0.2
3.2
-141.87
5.79
-17.09
9.94
0.69
11.3
-199.35
5.55
7.79
-17.34
3.14
-117.71
-8.73
64.49
-24.08
11.35
-21.21
-19.76
75.39
-10.63
12.4
1.33
-22.89
-26.06
13.47
-5.78
-54.76
-12.64
35.98
24.1
-11.15
-103.12
-76.51
-10.21
5.09
-0.28
-37.87
-14.75
65.57
-0.95
-92.86
17.54
16.89
15.86
82.29
-4.47
-9.04
-45.27
8.57
-32.99
-52.2
-31.05
-72.69
-27.56
111.77
-13.22
23.05
20.35
32.18
2
9.75
79.88
-15.48
-0.42
-6.8
9.73
4.94
-8.83
1.53
-36.3
-121.47
-56.94
3.21
-35.66
-41.27
-11.74
41.73
-1.98
97.25
-50.82
-8.15
-9.78
-4.85
-0.11
5.09
7.93
55
-34.94
10.98
-32.96
12.11
4.68
-78.35
-49.27
-28.38
-21.57
6.96
2.33
-87.51
-13.47
-55.39
24.92
-5.33
64.11
46.71
14.79
-23.6
13.28
4.15
103.25
3.6
-6.22
15.79
25.95
63.57
-38.41
-36.49
-6.81
9.92
-121.41
-40.03
-5.57
5.49
7.74
-44.11
-45.68
7.91
0.36
-27.05
70.9
-28.57
20.62
-23.51
9.67
38.81
48.7
-101.64
-6.83
-2.74
12.12
18.11
63.99
20.19
-86.11
24.82
1.35
28.4
71.5
2.71
-8.12
-26.65
8.78
49.12
-6.12
1.46
55.91
-41.89
57.52
-9.72
-12.65
-3.79
-3.84
31.86
5.86
-13.21
22.02
-3.15
-66.59
-12.21
-16
-4.6
5.18
40.08
5.83
-63.57
13.16
17.58
-23.74
3.41
-12.8
-4.38
-7.47
14.53
32.98
9.5
-4.67
-2.22
-35.11
-7.76
-12.46
-40.61
43.64
10.5
-20.34
-2.49
-8.66
0.32
-35.45
3.38
-39.83
-2.31
-30.76
5.17
2.59
1.31
-19.97
37.81
-68.58
15.63
-37.98
71.78
-19.4
31.23
16.88
54.88
7.16
-33.19
-10.93
-15.97
1.43
-152.47
100.48
7.32
-35.98
11.54
-56.37
-74.22
-1.06
22.96
2.24
28.68
5.02
12.27
-43.87
51.62
-22.24
-54.05
-3.64
12.54
5.17
32.72
-116.34
-10.16
12.62
-8.97
-113.41
-1.17
-6.99
2.52
7.45
-85.7
157.33
-9.51
-4.49
-10.54
7.6
-2.37
16.67
87.37
123.18
-41.16
11.08
36.18
-46.03
47.3
3.15
9.84
-67.7
-37.77
-24.38
12.76
-3.12
62.48
10.63
5.33
6.75
-15.4
-55.44
-33.79
-55.19
2.11
1.91
12.87
-12.84
34.68
2.16
14.78
-17.29
-9.91
-8.74
-6.77
9.07
61.4
-134.75
12.47
-42.68
-10.24
-38.93
50.21
38.9
-1.47
28.76
-7.8
-35.62
-108.37
-107.3
5.53
-0.25
11.35
-27.93
-12.77
-80.33
-58.57
65.48
-28.48
13.94
10.9
57.32
43.78
7.02
5.64
38.29
11.21
-7
-50.77
-2.23
271.09
-7.06
-14.55
-21.59
49.36
76.09
4.67
-52.74
-109.55
33.34
10.45
9.81
-0.81
9.44
89.35
118.21
-7.46
26.87
-4.54
-18.04
-9.8
-201.6
-16.29
27.99
-43.15
-12.78
15.92
263.74
4.7
6.91
18.1
-180.78
-6.33
-9.75
8.27
18.78
7.75
43.46
-21.57
-32.57
27.04
2.04
44.37
22.74
37.32
38.55
70.27
45.71
-1.64
-20.84
-64.99
29.54
5.7
-4.81
7.73
57.48
-28.33
-0.44
-54.65
56.44
6.22
-4.82
19.78
-23.18
13.86
7.99
-6.95
7.68
-23.48
-3.93
87.56
-4.35
25.46
31.97
-39.43
4.68
9.62
209.38
-6.88
9.02
-8.06
-44.93
73.41
-5.19
-44.11
22.34
-66.72
16.69
18.21
71.26
30.61
0.62
12.23
3.69
114.39
96.44
-12.68
11.62
-27.7
-5.61
-6.84
31.69
-23.95
11.84
-172.55
2.13
-80.68
-0.86
13.83
-51.98
32.06
-59.1
-18.46
4.94
-9.54
46.68
-3.14
6.57
-25.02
2.23
-90.04
17.21
55.03
-45.84
7.81
39.14
9.17
4.09
11.85
-13.76
-55.8
-10.54
13.8
-2.58
36.76
-1.41
-111.5
-9.26
-97.27
-7.1
10.15
-224.25
-5.73
27.55
-4.99
-110.26
52.05
8.24
-6.66
-12.08
17.36
15.85
13.01
3.73
-11.9
-102.47
-51.84
42.16
-16
-1.65
-9.32
-1
-14.41
-24.24
4.4
-57.06
1.37
-14.08
92.74
-0.05
127.95
-165.53
-11.16
-26.72
-14.85
-4.64
3.99
8.66
-26.86
21.55
21.68
17.52
-14.88
86.83
-1.9
-12.19
-6.18
16.96
30.72
0.55
-10.61
9.63
-95.56
1.88
2.53
30.42
-28.49
-1.91
-22.88
-7.91
-84.85
16.11
35.5
10.45
38.3
8.41
10.32
13.27
-51.7
-135.48
-5.31
-18.03
8.29
108.8
282.86
16.53
2.11
7.66
22.32
9.92
4.22
29.16
-5.34
-7.73
-3.59
-21.06
-36.98
27.69
-2.17
12.89
5.28
40.12
18.28
7.74
-27.09
43.39
-69.87
30.75
-10.63
-9.74
3.29
-57.41
64.84
-71.39
4.21
-6.13
37.39
-12.53
11.06
-11.46
-9.32
39.41
70.75
-10.71
153.98
2.62
20.08
-4.97
-7.18
57.66
11.89
20.37
-140.02
10.53
-15.04
79.85
6.8
61.49
7.08
-20.89
23.22
37.77
-31.45
-15.53
20.88
23.29
-1.32
28.14
-38.93
-2.75
-5.11
47.82
43.96
3.17
-9.1
-9.53
35.36
72.72
-21.57
-39.7
-11.4
-25.63
-28.22
-120.42
-18.32
8.62
-78.69
-33.96
57.1
-3.86
13.21
-2.37
-21
15.01
-8.82
79.84
-19.4
18.88
5.18
-4.81
-9.78
7.91
5.33
-74.02
-14.69
-4.17
5.67
30.22
1.05
-3.18
-7.82
24.55
-16.13
-1.2
15.52
9.88
26.13
-3.96
-168.41
-4.83
9.59
12.79
-8.76
19.6
9.26
-23.43
-14.66
-4.52
-2.87
57.34
40.43
8.67
-80.83
-5.13
-5.46
-34.33
-5.05
7.82
-58.52
7.78
56.23
-116.44
48.6
9.35
-5.02
5.4
7.42
9.39
-6.43
4.98
31.64
-12.65
-0.04
-42.44
-76.57
24.48
99.85
-25.11
-0.75
49.96
-59.48
-7.92
22.49
-2
-70.66
-33.12
-130.09
8.03
-19.81
56.2
23.06
33.01
73.53
3.68
4.66
-75.64
13.69
-2.93
185.34
-12.29
-7.56
-8.6
-96.69
-7.42
-9.97
8.62
12.76
6.9
8
-9.55
12.43
-113.01
15.33
-18.81
-3.14
5.55
8.11
9.48
102.55
-27.44
-3.86
-4.09
4.45
-8.67
-0.11
-25.28
5.53
-29.63
-9.95
-8.11
18.18
-52.55
-7.43
34.17
-32.23
-33.73
11.44
54.33
-3.28
7.59
-16.29
13.73
22.78
-61.85
8.22
-4.31
13.11
9.03
10.13
-41.15
-39.39
-8.47
16.88
52.71
36.79
4.24
-4.4
-33.22
-32.64
16.93
19.69
20.71
7.12
21.97
7.28
3.01
-5.49
18.89
3.33
-7.2
5.44
14.95
13.22
11.61
-88.73
2.6
-26.23
41.32
-41.04
-62.74
-14.43
-6.88
-5.49
-9.65
-25.74
0.2
9.59
-5.95
-105.92
-18.55
-7.95
-8.36
-41.83
-3.65
-7.81
-27.68
12.31
4.52
3.31
3.45
-5.09
4.07
-0.38
49.13
7.69
7.21
-54.74
-3.27
4.76
78.15
-40.67
12.13
-71.54
-30.44
81.11
10.78
9.15
-4.48
-43.25
-2.87
-50.95
42.13
-6.8
39.83
-38.95
-13.86
-18.38
13.42
