-2.51
0.66
119.62
-3.76
66.15
10.38
34.3
25.19
-9.33
15.38
16.15
5.47
2.66
-2.73
-8.97
61.18
5.67
3.12
13.23
9.62
25.87
4.83
-81.61
-12.87
3.66
-2.58
-97.69
63.34
-14.67
14.8
-2.65
-6.9
-42.22
-125.63
8.03
64.27
-11.77
-13
-31.34
-67.18
19.33
42.76
6.61
-3.64
-5.44
9.98
11.47
38.52
-10.03
4.08
-15.84
-20.32
3.06
15.75
10.9
2.38
-3.11
-11.83
-8.2
-1.45
-42.16
24.01
-7.79
12.57
-53.79
36.94
-163.19
8.7
3.19
-26.19
2.74
-11.63
-127.62
19.96
33
11.79
7.34
8.82
-90.5
-3.23
58.09
-3.12
-7.62
69.86
-37.47
59.72
1.69
45.93
-6.5
11.66
58.71
-51.62
11.69
-36.33
0.62
-21.61
71.28
-77.6
18.8
14.93
-2.96
-3.21
11.09
5.04
28.28
-39.63
4.8
6.23
-1.19
-18.3
-26
-9.23
61.28
-15.93
93.2
-37.34
1.6
9.52
-188.45
-5.08
-14.44
13.74
-0.29
-211.13
-30.1
10.49
8.11
-35.71
12.05
11.71
-51.31
120.29
42.88
6.31
85.03
6.3
-57.8
2.78
-0.3
54.72
49.02
16.07
9.84
-18.45
87.76
31.18
-7.45
6.88
-81.08
6.58
-41.28
33.36
2.07
-107.33
2.32
4.05
15.34
-17.06
-113.82
-11.49
-16.58
-55.63
4.35
-44.87
56.28
30.91
-70.08
-7.31
7.96
33.06
-55.6
-40.97
25.49
-5.19
-51.8
5.02
-13.88
95.19
40.24
32.3
-6.34
-1.36
37.93
-88.53
1.47
-5.93
28.12
217.27
-200.22
62.72
12.43
7.76
-12
5.78
0.77
-5.1
-32.8
4.7
2.43
1.64
19.55
55.68
12.92
-14.88
-56.33
-8.82
1.49
79.23
-21.56
31.35
6.82
-3.88
33.26
-5.67
-21.95
37.61
-195.09
-16.93
-40.7
27.41
14.93
-98.04
-35.11
17.24
29.18
23.77
-11.83
-85.54
-71.33
-78.7
37.99
32.52
23.15
-7.07
0.31
-0.88
59.51
-45.6
96.15
53.35
-27.96
-15.37
7.47
-2.52
-69.31
-10.73
108.59
10.56
13.62
61.66
-4.67
-5.63
-4.63
96.19
22.87
103.51
42.85
84.53
-50.37
3.52
-9.24
-4.62
6.14
-90.6
-3.16
-5.73
-8.04
48.48
-20.82
27.37
-10.85
-45.15
-8.69
-92.64
2.45
22.76
-1.45
74.23
7.91
6.75
-10.18
85.28
4.27
0.27
3.47
77.04
9.75
-4.15
8.59
-58.8
14.47
12.73
-4.37
15.1
9.96
39.68
16.38
-12.08
-111.25
14.51
162.38
-26.8
7.28
-2.72
-6.17
-36.17
-54.1
11.15
6.56
-5.81
26.66
0.03
10.05
-14.51
52.26
5.77
3.8
-106.58
35.13
-4.18
-78.71
13.66
-0.96
-16.43
5.68
0.02
-67.92
8.66
98.33
16.91
-7.19
106.61
23.18
-31.3
-28.13
26.5
62.06
138.96
18.97
69.72
1.85
15.94
-2.99
-204.67
-10.22
83.83
0
-11.3
-1.48
-33.57
30.02
-30.96
-24.55
-21.08
-16.15
93.77
17.72
23.88
98.9
9.09
29.5
-11.02
-41.35
-72.52
40.37
10.22
-14.27
-3.84
11.31
-27.5
24.72
-67.28
-65.95
44.75
6.89
-3.38
124.47
10.01
-52.24
-7.44
30.39
67.88
41.42
49.23
10.6
-1.91
28.37
7.27
-18.87
-1.9
-51.55
-13.06
-7.89
-35.65
-37.2
11.67
-9.55
8.94
-11.04
-76.23
5.95
-10.85
89.14
7.91
36.27
-5.3
-11.99
11.34
87.42
-9.21
-10.93
-18.95
-47.09
20.25
-12.3
45.58
-11.84
-0.6
10.71
-12.83
-138.16
-21.98
10.71
24.8
2.14
45.58
59.98
28.71
-41.25
-9.97
8.05
-7.09
105.76
56.24
-41.64
-9.69
-2.54
56.26
44.5
13.03
27.58
-5.09
11.39
9.74
3.32
-21.25
1.75
-119.9
-90.2
-22.79
69.1
8.76
-67.1
87.57
44.33
52.46
5
42.64
0.86
-9.4
10.79
-33.85
12.86
-2.4
43.51
-0.88
-278.05
24.98
-10.53
19.11
2.31
-136.55
-8.22
12.67
-65.71
-163.91
-45.66
4.29
-35.41
-56.82
-0.04
-1.66
-10.43
37.67
15.93
9.31
-105.76
-81.43
3.4
60.79
-58.53
17.85
13.84
-24.54
61.41
7.42
-69.29
55.99
5.64
-109.16
3.21
-15.39
7.76
64.31
-11.92
-40
5.48
102.25
-27.35
3.08
-7.45
-7.37
-5.59
-6.66
33
19.01
-5.85
-74.1
46.88
5.06
-3.89
-45.9
-26.32
26.14
7.49
-77.63
-46.66
-23.95
78.33
34.84
11.59
51.41
52.02
19.92
-12.25
-25.73
10.91
-6.96
-62.68
-4.16
8.32
-73.33
-4.66
63.73
66.23
-3.02
-2.73
28.93
-9.79
33.54
52.21
110.15
17.84
20.39
-7.87
-2.54
15.27
2.25
-2.31
-3.02
51.86
-9.78
3.34
37.2
-226.46
-5.73
6.64
24.36
2.74
8.1
57.08
-0.23
95.97
6.31
17.99
-7.28
22.63
-17.26
4.84
76.29
-1.49
-30.82
-276.85
106.55
9.67
53.27
10.27
24.94
-1.28
5.97
9.15
-8.05
-9.74
-5.39
10.83
19.2
-12.07
-8.21
55.99
-3.76
46.12
8.26
45
-13.27
-1.09
41.56
19.73
-9.12
-5.41
-43.39
-4.99
-2.46
10.39
-3.11
-2.69
-7.15
-5.38
18.17
6.05
-69.87
4.62
-173.61
13.72
-20.59
-63.74
15.01
-34.31
11.17
-3.73
3.88
-4.79
-2.26
-45.68
31.72
6.62
104.09
-8.13
-86.67
68.69
66.57
19.37
-15.38
-5.92
9.15
-38.38
7.88
99.24
-4.05
-9.61
0.45
32.57
31.85
-8.21
8.34
-7.15
-5.15
-10.38
-47.29
-21.72
9.95
3.44
-40.72
28.46
-0.57
87.93
4.34
3.53
-13.77
39.64
3.37
18.59
-21.86
-88.56
-1.46
-5.04
-1.08
-0.24
24.68
-35.76
50.44
-6.6
59.51
52.61
56.47
-35.14
-52.95
-14.64
-3.35
47.29
27.94
24.78
50.49
9.95
-5.61
-13.72
-9.87
-95.14
-15.13
10.53
2.68
0.53
14.35
-99.26
35.91
9.56
-79.41
2.26
42.99
11.97
2.13
3.81
3.46
-115.97
-23.5
3.2
16.61
-33.08
2.51
-11.81
-3.18
-44.65
-4.29
6.37
51.88
-25.44
61.17
-9.4
-6.91
18.8
13.82
-44.23
6.01
-6.85
36.66
7.6
35.48
32.47
-118.05
23.85
9.86
-200.67
18.23
-0.17
-134.6
17.18
0.89
-18.1
3.85
-76.09
-55.6
5.05
4.06
-36.43
68.67
83.17
30.05
-9.23
-19.73
-56.14
-15.08
18.66
12.13
-18.26
148.28
21.1
7.06
5.14
36.28
-4.7
21.37
-99.05
30.95
6.75
-9.1
-46.76
-7.18
5.87
-20.55
20.58
-22.59
-29.3
-10.64
-95.7
-84.88
-41.05
-6.16
6.86
59.03
8.95
-9.68
-4.39
42.04
-12.14
-0.25
19.67
17.85
-112.17
-5.54
-13.19
6.39
72.82
25.94
-5.84
-195.94
15.82
-32.68
-8.65
-1.81
-14.72
195.16
-148.13
-57.28
6.8
-68.17
82.39
10.2
-41.86
-2.08
-11.39
-9.65
-42.38
13.41
11.59
13.14
30.63
-13.69
-1.55
-8.93
-11.07
0.25
6.2
-27.16
-38.78
-5.61
83.16
-1.41
-10.54
-15.4
15.31
42.44
-80.11
10
-8.9
-14.83
0.82
52.66
-3.29
18.68
1
-22.4
35.79
-16.51
0.61
0
15.66
2.08
9.01
-66.2
26.31
6.53
34.91
-109.47
12.54
-35.27
9.96
8.08
7.72
47.71
-11.42
-32.07
248.95
20.96
-50.8
-8.03
58.98
-13.28
100.46
-48.42
7.19
72.57
103.73
80.23
24.15
-7.79
-6.17
-41.05
7.19
8.04
-80.67
25.1
38.77
-51.87
33.65
22.54
41.41
10.49
5.33
48.41
-56.1
181.96
-63.93
5.67
-49.14
-38.82
69.25
-22.43
14.02
40.04
-14.15
-73.77
7.32
-5.13
-82.88
-108.27
10.64
-1.82
53.1
1.56
43.44
24.38
-20.63
-4.41
-6.54
22.82
3.49
34.27
107.54
-11.87
0.19
30.61
-11.2
52.08
56.43
-14.86
-5.67
-80.07
5.32
-52.7
38.17
2.56
14.75
35.09
9.77
51.01
9.36
7.42
4.72
-8.51
2.65
7.38
18.96
14.56
-168.65
-7.93
50.21
-31.66
-46.03
0.26
24.55
1.38
-31.94
-2.13
-13.24
-8.26
13.95
-35.91
54.73
13.55
-2.43
-4.42
-13.96
-18.99
0.99
-37.44
-50.58
11.22
49.55
49.95
5.43
56.4
-7.46
1.17
93.3
-4.64
-8.47
-1.44
-2.97
26.55
-29.22
-88.81
4.53
-115.53
18.98
36.93
-9.28
6.99
21.93
-40.6
37.75
3.28
-71.32
-2.94
-24.51
0.46
-18.79
64.25
28.95
16.09
7.56
18.93
-11.37
-5.12
4.17
-3.28
-17.63
-0.54
-25.24
10.34
31.42
-31.3
11.07
-2.48
-3.32
1.06
