-0.26
-0.31
2.86
-8.21
139.66
-25.84
13.45
-10.96
9.04
-0.34
61.8
101.4
-50.8
-89.86
-17.6
-0.55
66.84
8.5
53.51
65.64
105.7
6.97
76.77
-64.05
-13.66
-141.61
14.41
-74.53
7.24
5.58
3.3
21.98
6.72
-84.99
103.74
8.85
19.64
-2.29
-164.73
-10.14
-9.7
-8.22
-13.16
-7.65
12.55
-34.03
1.24
-34.42
-23.43
-102.54
-60.5
-91.11
-10.62
23.04
-82.24
8.07
15.47
-1.21
9.66
-98.56
-2.93
-0.84
19.71
12.74
40.21
0.77
18.98
8.87
3.41
134.75
-25.23
4.92
-9.01
-9.94
11.09
62.12
1.15
0.13
63.05
2.65
-23.53
8.14
-4.57
-40.94
24.8
39.67
-12.2
-11.77
126.02
17.25
16.87
48.29
26.74
35.22
-77.44
-24.6
-2.29
-49.33
-7.97
147.43
-22.61
-112.65
1.12
7.83
-0.84
1.79
18.18
70.19
9.74
-52.11
140.68
39.99
16.65
15.2
-14.6
-19.06
26.18
-17.23
-6.01
-5.37
73.26
-7.64
10.98
2.59
16.98
36.18
-30.65
1.96
-11.91
-62.34
-10.65
-32.73
-2.8
-3.97
13.6
-98.08
44.21
46.96
17.96
-34.21
78.03
10.46
5
32.57
60.02
-0.73
6.86
44.56
21.19
-6.31
30.7
-9.09
-327.53
7.71
15.79
41.62
-23.08
-32.7
-6.33
-3.65
-14.01
54.94
-8.18
-10.42
57.49
11.73
4.86
-3.5
-77.49
26.86
-41.98
21.86
73.78
-14.75
29.59
19.78
-47.25
14.61
-1.91
-56.04
3.25
-16.45
24.38
-237.51
-29.11
-19.02
29.11
-26.36
24.93
-7.26
18.77
-8.35
51.18
6.63
9.24
-13.16
22.92
51.79
-13.68
-8.39
33.64
13.93
-1.36
5.2
-119.75
-37.01
14.19
-63.38
3.25
54.67
-66.38
23.4
-35.8
10.77
5.05
16.19
-35.27
113.39
-5.37
-38.1
-15.85
-7.95
-168.73
15.39
-81.07
0.96
27.7
62.62
-64.32
-21.32
6.77
-3.54
64.65
-10.96
35.94
10.85
4.32
-14.56
3.27
-64.79
24.65
22.84
47.78
-9.62
15.44
-16.11
-15.12
35.14
70.92
49.02
10.75
-1.53
-10.42
-12.51
-34.75
18.12
75.77
65.65
23.77
-3.18
4.85
-118.17
5.68
2.91
60.18
-12.35
-7.65
-21.23
-1.65
-9.23
5.47
68.45
9.19
46.76
2.67
3.32
10.66
-48.6
84.6
55.48
-96.37
7.03
57.08
12.88
28.64
-27.08
1.89
-4.46
-147.86
15.72
-7.59
-7.75
67.41
2.23
25.5
9.29
4.68
69.27
9.46
82.55
2.33
-6.77
-10.32
6.91
54.52
-12.42
3.24
1.89
-81.57
-6.34
-5.27
-14.19
-152.53
-210
19.04
-0.63
-60.78
-33.67
1.63
-0.27
28.55
6.92
29.96
-100.05
-4.97
62.36
-3.71
-19.34
-91.31
-13.34
-44.45
20.8
31.96
6.82
-1.97
57.85
-44.04
22.77
96.26
36.26
71.48
6.46
28.78
-21.49
-12.74
91.43
10.75
-36.54
12.3
-10.22
14.45
-10.76
-16.44
16.66
15.5
46.57
13.9
-6.58
12.05
34.42
4.52
6.02
22.33
-76.4
-20.46
-34.19
23.9
23.83
19.26
4.61
16.25
-6.73
-12.98
-78.06
9.43
2.15
11.87
-50.39
-2.04
-7.43
25.95
13.7
-13.76
11.46
-93.22
-8.62
8.41
-164.73
-13.05
-11.57
118.32
-4.67
-53.11
8.63
23.64
-45.59
6.21
26.81
25.42
2.62
6.57
-15.2
32.32
0.63
-29.57
5.32
-77.47
5.95
6.86
-0.45
4.7
4.95
12.72
28.14
6.64
-2.46
41.61
-38.75
-19.79
-12.34
11.02
-8.36
-50.92
135.25
-54.05
46.63
-114.33
-16.24
2.66
30.87
21.57
-59.51
24.03
-9.41
-122.45
17.34
0.66
10.85
-2.7
-38.45
28.65
4.3
0.32
-107.3
2.99
13.97
36.35
-4.71
7.68
35.94
-62.01
57.24
122.49
-44.59
-11.44
-11.66
-20.79
51.26
14.82
37.04
82.5
-5.71
14.59
12.69
35.25
-146.41
6.24
-27.14
3.69
8.55
104.74
-41.16
13.27
-29.59
-22.67
-23.64
-14.75
0.61
-10.7
55.46
-0.07
-2.78
1.43
8.2
-7.22
24.87
-36.47
21.35
-3.08
2.64
-49.87
-15.99
68
7.99
2.77
38.99
-7.39
-3.9
88.64
106.49
116.24
-19.64
10.51
18.82
48.3
35.03
-8.1
79.94
48.85
-4.94
30
12.06
5.39
-0.63
14.34
46.04
-106.25
-50.69
-0.43
48.6
-67.5
17.93
98.08
6.19
10.23
14.85
9.33
93.78
7.72
-7.19
-15.24
-8.18
1.99
2.87
-36.22
11.09
-112.08
49.39
109.35
2.75
-4.85
-43.47
14.85
1.19
-16.39
-10.04
-23.55
-101.96
5.86
-25.8
-76.27
6.94
12.02
45.88
-10.89
1.56
44.48
50.89
1.31
-29.64
6.82
5.13
14.62
41.15
-6.92
61.53
-21.24
45.66
21.01
-54.38
-51.37
9.46
-5.03
-53.27
-8.42
2.7
-43.63
23.2
-2.9
-11.71
-26.88
-11.12
-46.31
-200.72
2.58
61.96
-8.83
35.15
-0.87
-0.26
-58.28
-8.25
-82.12
53.63
4.01
23.08
11.7
21.85
141.95
4.2
-49.43
-4.47
-17.33
41.72
107.08
65.85
-7.77
8.08
-2.56
-22.29
7.69
-4.63
-12.56
-49.21
-10.48
42.18
-58.8
-146.6
9.6
57.52
33.16
20.92
16.16
45.08
-11.14
56.35
9.73
-221.59
-16.1
-3.94
58.54
26.07
-6
-9.66
-5.72
-51.8
-42.68
38.05
-3.97
2.03
-4.21
28.63
-1.55
-3.76
12.55
3.74
2.7
-3.47
-5.89
-21.06
8.84
-67.47
80.65
-26.64
37.02
-17.95
14.39
26.14
15.77
-9.57
45.86
47.12
0.41
14.48
63.19
29.07
-15.31
41.88
-21.47
1.65
7.94
16.77
-17.17
-11.54
-26.17
11.76
26.25
-4.97
-65.28
9.31
-9.01
14.75
-15.25
27.96
14.06
40.2
-12.88
-23.67
3.04
53.73
-7.45
-58.22
118.96
13.06
-30.25
-31.94
-48.29
66.06
-5.35
-6.87
-20.31
8.46
12.31
-7.94
1.39
-22.34
100.55
-21.72
-8.7
-157.36
9.56
35.36
10.26
35.91
15.65
-1.87
28.31
-17.08
-4.12
-31.16
-43.13
-42.64
-11.68
24.26
2.03
-80.41
3.69
25.06
22.22
59.43
16.9
-37.81
-1.17
40.95
-47.95
4.25
-4.37
-14.25
16.61
-8.97
-133.25
7.06
-20.93
-17.06
-0.17
-11.08
-28.11
59.32
45.78
22.22
-4.32
-7.34
5.28
46.81
1.35
102.42
-1.45
-12.11
45.07
1.91
46.73
123.43
-8.93
28.58
57.38
3.86
15.38
-80.32
-37.98
53.5
-11.67
-24.11
-43.08
37.63
-43.63
158.05
-5.2
34.79
80.06
-0.27
-64.88
49.84
107.25
-274.51
14.98
-8.23
-8.05
6.56
-24.61
72.42
-46.76
7.73
-9.42
10.49
7.25
-4.99
31.81
-7.22
-123.73
1.6
44.28
37.02
-43.15
12.47
8.97
69.68
12.82
22.47
7.92
62.19
-4.19
20.57
-48.13
-78.9
-2.14
98.1
-25.77
3.28
90.64
-17.25
-151.4
11.31
-28.55
70.93
-13.51
48.44
59.3
56.93
-19.78
22.83
1.59
1.56
14.48
15.39
-10.89
66.12
-5.32
-79.57
4.3
-13.42
-55.98
18.6
36.7
26.99
90.53
-17.61
4.33
-16.17
35.35
96.34
46.58
-14.03
-42.36
4.03
21.61
-31.57
-0.09
-11.71
-6.54
25.2
1.29
56.73
188.5
-47.02
12.49
2.04
22.56
37.92
-3.07
58.16
112.02
3.12
-8.75
-45.47
43.73
43.79
65.75
6.4
-9.43
-10.25
9.32
61.12
-8.68
-9.43
22.33
2.28
90.13
3.47
9.94
2.7
17.21
-3.76
56.36
-14.01
-92.23
-394.17
1.61
-49.38
4.98
194.12
27.95
14.81
38.84
29.92
36.91
27.55
38.05
-38.71
-7.7
-49.39
-4.71
-35.41
37.55
12.61
14.28
11.63
-8.84
12.13
-5.18
24.65
-11.37
8.64
-112.28
-6.48
-31.91
-1.58
-12.04
4.62
0.11
-6.2
16.04
105.65
-39.72
0.69
-60.04
11.94
-9.97
-3.97
-155.43
3.88
-1.36
-71.36
11.3
-5.4
-9.4
14.89
3.45
-23.35
-10.62
13.49
-2.71
-59.95
4.11
-9.82
-5.95
-25.58
10.41
60.26
-12.54
-20.65
3.83
-103.78
47.71
-58.22
12.2
-6.89
7.66
-4.69
-51.84
-11.27
2.76
-14.04
47.67
15.79
-57.05
6.44
-36.29
-20.99
-5.91
39.29
153.84
57
-10.57
-9.48
82.67
-4.2
7.27
-153.41
-8.28
-19.83
57.66
29.82
-5.27
74.17
-4.25
-14.01
-3.55
9.67
-36.85
-18.27
21.08
-83.3
-118.7
-40.22
-4.04
-236.86
5.73
-6.07
12.69
6.01
-5.95
66.55
-8.8
4.53
10.17
12.68
6.52
-33.5
-130.96
-39.82
54.7
-23.93
-4.24
-22.12
