23.79
7.39
-11.73
-4.63
-27.12
8.09
8.96
11.31
0.04
50.17
2.58
53.54
6.42
-35.82
3.26
71.39
-4.68
-79.56
46.12
-9.31
29.17
67.33
12.65
84.63
4.54
4.13
10.16
240.84
-29.27
18.2
-30.52
-12.91
-2.26
-0.63
3.4
-71.13
-23.41
-34.32
85.92
31.64
-4.34
22.72
26.38
-7.44
65.16
-3.42
5.22
-2.34
44.46
11.59
17.77
54.51
-10.17
4.22
-12.49
-25.4
-4.84
64.71
-9.46
-0.81
1.09
-42.37
-15.82
4.81
58.18
34.25
100.08
-14.55
-55.83
48.16
23.3
24.23
-7.93
-38.35
-73.67
-0.93
18.86
-8.78
-118.45
-42.28
0.93
10.58
159.97
-34.54
-39.41
10.6
-53.88
36.07
0.61
-15.93
-6.41
-9.98
7.13
61.72
-42.52
9.48
-12.07
9.74
66.6
-10.5
-62.14
35.41
42.83
-38.53
-6.26
7.24
-29.11
-37.37
-24.52
45.11
9.78
-7.09
-48.07
2.37
-5.22
11.72
-17.33
-5.38
-4.88
-28.97
6.75
2.97
-6.42
0.13
-2.94
29.38
100.39
-84.78
-58.22
-2.49
14.4
3.82
-41
67.03
44.67
-3.31
-8.94
-15.59
10.16
-22.83
15.97
82.62
-23.14
8.24
126.27
-20.28
5.7
27.81
-12.79
-7.41
44.04
-3.05
4.89
65.24
50.81
10.87
-4.6
1.5
81.83
-2.1
84.74
-0.96
33.19
-4.83
8.52
5.4
18.99
0.26
23.34
45.38
-8.69
-6.05
2.92
4.42
-8.48
2.27
-13.65
-5.6
-0.06
86.67
86.62
10.83
-16.15
13.26
-4.21
-92.25
-17.87
-103.75
97.3
5.5
14.93
15.37
-0.07
140.21
-107.67
-18.21
-6.12
67.07
71.7
124.5
75.42
-68.76
-7.32
64.59
-5.96
41.22
30.45
-37.65
13.88
23.02
0.17
6.38
-2.32
16.43
27.61
-2.86
42.48
23.9
20.81
39.11
8.8
-11.6
-16.29
-13.09
-31.57
14.66
-158.45
18.45
21.21
-22.54
8.74
9.81
129.74
-9.31
41.34
-7.09
44.95
54.41
36.71
223.99
3.06
-85.81
-16.08
-7.2
20.28
-52.87
-5.37
56.89
0.35
-18.28
126.12
8.03
-19.92
-48.06
-19.63
16.5
4.45
34.26
-37
20.15
9.17
-7.54
45.15
-57.25
8.13
73.01
6.8
2.68
-3.94
-35.39
9.61
76.81
111.64
-6.94
9.98
-44.89
13.4
7.51
-9.36
45.65
-2.71
36.8
26.67
22.79
17.42
1.39
-25.93
-16.87
31.06
-0.6
-13.49
2.18
-2.65
47.81
10.19
-16.36
-57.43
-147.46
3.15
22.75
14.77
-3.87
57.18
36.59
0.08
35.45
-15.4
-62.53
72.41
12.35
-32.33
13.23
23.55
-0.65
7.96
47.03
118.89
-8.57
47.28
-27.12
121.27
88.1
27.3
29.83
-43.06
53.95
16.14
2.32
-146.16
-109.06
-12.12
3.91
-16.13
9.9
-45.51
33.34
8.52
-13.35
39.73
13.28
-17.75
0.99
9.9
-3.38
14.05
6.94
6.68
-12.28
116.47
-35.13
26.12
56.52
43.61
24.45
13.29
2.33
9.78
-14.19
-39.22
100.28
-10.68
-10.27
157.84
10.29
47.17
-43.35
-19.61
-45.85
-0.19
-28.05
-20.67
-3.19
-10.29
-35.71
-13.96
-22.42
12.54
-76.88
14.93
0.1
13.5
100.18
-10.45
-26.98
-11.97
1.44
-2.54
-5.09
-51.42
10.94
69.86
-1.44
37.83
38.66
9.81
16.08
-6.75
22.48
1.81
-17.23
6.27
118.5
-57.38
8.37
-20.08
73.23
-48.8
-11.76
-11.9
-5.21
14.97
47.61
-0.53
-5.87
5.06
1.76
-3.94
-26.81
-77.23
-14.16
-38.73
-122.5
60.98
1.21
-6.61
-79.89
-32.69
7.74
0.63
-12.86
57.29
-3.42
-13.66
24.54
-74.83
88.05
11.82
-4.41
6.49
221.48
-12.03
9.88
-66.72
-13.31
48.53
17.38
-44.79
13.82
-0.81
18.77
-45.34
-34.4
23.56
-4.96
97.9
-8.44
8.45
-60.8
-12.9
-25.31
33.02
-22.96
-62.05
9.43
34.37
-1.63
9.44
-15.32
45.4
91.12
52.6
-26.72
9.13
3.26
18.4
-112.72
-5.77
14.37
128.69
-2.89
-11.58
-41.66
11.06
68.65
-36.37
-7.09
60.08
-0.33
-15.88
85.48
12.72
-33
86.76
11.25
-6.03
1.02
193.81
19.02
11.2
-6.59
-5.03
-61.53
-29.74
-77.91
-117.57
-5.84
6.09
-13.56
24.51
-20.24
0.08
10.61
-5.59
-122.75
76.63
-9.36
65.51
-4.12
48.93
3.96
-5.25
-1.53
10.93
66.08
-68.44
41.39
-4.84
-5.43
-9.67
4.28
-38.96
7.94
-8.76
11.46
-27.68
0.64
-1.04
26.69
61.97
2.05
-40.94
-61.1
-38.29
-39.24
-31.3
-10.59
-104.95
-38.17
-2.9
-12.92
-1.82
-8.49
125.9
2.67
101.18
3.3
11.05
8.06
-7.29
-11.78
-33.38
8.49
-57.28
6.17
20.43
14.26
0.38
7.27
10.7
-4.2
-80.51
9.25
174.72
-10.13
81.09
-8.94
4.72
-6.73
-48.91
23.83
8.06
66.61
-54.57
-8.53
10.41
-46.01
30.55
29.22
39.48
6.45
-55.89
27.42
26.46
46.45
45.19
-52.49
-42.36
-76
-32.95
-17.88
6.79
43.24
-85.41
0.93
7.05
12.92
20.23
-34.76
-6.91
-7.39
-6.56
39.7
14.58
17.27
-113.67
3.95
-170.35
8.15
43.78
6.78
8.2
11.97
-11.01
7.33
-8.59
9.41
23.1
74.74
0.66
-18.25
60.97
11.82
-31.68
162.22
11.21
16.34
-1.07
12.14
25.08
-43.79
23.42
127.02
-4.48
56.14
1.76
-12.77
47.61
-20.84
18.7
10.74
11.73
80.19
-8.98
6.73
19.67
-6.25
-41.83
-72.3
-34.14
85.52
13.42
-96.56
3.92
52.95
-87.24
24.85
-61.26
32.06
15.89
6.17
34.84
-24.9
35.73
76.97
133.39
-62.54
31.45
37.28
7.96
30.87
21.91
54.8
84.1
-1.22
28.11
70.39
0.08
-16.52
-0.8
102
-35.77
-0.68
44.06
5.09
-4.02
-3.6
6.55
-11.85
-6.52
-43.26
22.23
-9.07
-2.21
27.75
6.65
-10.51
-59.91
-13.85
-34.11
74.47
-4.02
-3.84
11.6
-20.88
-37.44
2.94
-23.91
-15.88
-10.88
-51.84
-11.89
26.52
76.79
47.65
-4.99
65.65
-12.13
12.62
3.15
0.98
83.55
-17.28
-14.49
114.65
-3.5
13.54
0.92
0.51
-18.42
-4.04
-11.63
-6.01
-99.38
-5.92
-6.41
61.28
134.32
101.89
118.48
-14.86
3.09
-9.33
-4.49
107.71
-11.8
-96.07
81.6
26.04
-7.31
11.36
-74.8
17.77
-15.69
-25.96
-36.43
-33.67
3.34
18.78
0.48
-100.27
-10.33
27.66
24.22
28.29
25.64
-61.2
11.72
11.59
-149
-2.21
-14.95
-8.64
-227.65
-4.48
3.77
12.52
17.37
-42.23
-2.95
-9.48
-2.68
51.66
-10.04
-52.58
47.93
-61.87
33.5
-9.15
5.51
-42.95
23.16
48.67
4.73
16.24
4.1
9.31
10.43
45.62
3.15
-31.61
-13.2
3.81
-85.65
7.24
-44.18
-0.05
15.8
92.97
-50.12
25.19
8.52
59.69
-45.12
95.77
-11.23
-91.21
31.92
-14.65
-33.15
16.21
2.45
-17.45
9.43
83.02
28.55
-1.94
-11.85
26.57
5.09
-3.31
186.29
-17.93
-3.86
-36.27
0.69
19.9
-29.05
35.48
-29.09
-24.84
-88.36
7.17
-43.21
41.72
60.81
62.04
-4.83
59.15
8.35
34.94
-58.39
-13.67
5.71
-3.16
-5.9
-16.53
-18.43
-49.17
-4.59
0.93
-18.19
-7.68
-70.96
31.38
81.62
47.3
46.97
53.92
-38.58
18.22
4.65
10.96
16.69
-7.41
-3.17
48.56
27.82
69.47
-11.73
9.48
6.2
61.53
-2.34
-60.85
57.18
75.53
11.76
4.91
2.46
-5.3
7.82
-63.93
-18.56
0.02
-14.54
67.62
47.13
6.98
-7.5
59.31
44.89
10.78
7.03
11.07
262.45
-26.73
-3.86
176
-87.49
-4.93
-190.88
-77.01
106.01
50.78
-2.43
-1.41
18.28
-12.15
-0.98
-25.84
-85.53
-69.74
34.93
170.42
-6.3
-42.48
-22.62
-120.66
-6.23
44.54
58.86
-167.48
3.33
11.69
10.72
-8.46
-0.76
-8.46
100.06
-11.62
259.89
25.08
8.12
2.27
-5.4
-2.71
10.97
-9.45
10.72
1.04
13.76
7.01
34.03
9.65
1.67
-17.5
-62.69
17.22
-56.1
46.84
-85.4
7.66
5.35
73.47
14.13
10.26
-1.51
-12.64
-3.98
-7.53
0.31
-9.1
-11.47
8.75
18.82
-66.86
-0.43
10.59
33.85
165.01
-13.42
22.38
-29.41
-10.19
77.14
22.24
18.66
1.89
-10.06
16.73
29.83
17.83
-20.25
-19.39
9.27
-65.71
-10.14
-29.8
24.57
-13.86
19.57
8.51
77.34
-11.12
2.96
-1.44
-137.07
-4.91
4.86
62.44
13.1
-27.53
86.93
-60.78
