-10.81
12.98
-14.23
9.67
-9.56
127.52
-27.46
-17.98
111.06
-3.45
4.17
10.06
0.14
21.64
-32.5
-55.18
-192.78
13.36
31.83
30.58
54.12
26.15
7.23
98.88
-10.84
84.3
10.55
-7.18
-7.57
-32.43
-47.37
125.85
23.62
0.91
-9.57
104.07
3.55
94.7
4.64
4.77
139.64
6.91
-23.13
72.09
0.42
-2.81
17.77
7.94
70.76
7.33
32.11
-59.37
-21.03
-5.02
73.09
-0.24
-34.39
-23.9
-13.39
-9.92
-4.7
-6.25
29.36
-33.48
-32.94
0.77
-2.49
1.48
61.26
13.25
-14.43
2.43
12.59
0.82
-20.76
27.52
0.51
0.42
-61.36
-8.06
-145.81
-68.23
3.44
2
-3.67
-35.84
-11.94
8.29
42.61
54.42
-61.82
-18.99
61.2
-15.87
-91.14
37.58
45.69
8.29
9.83
58.23
-1.06
-14.64
53.61
-11.86
-1.46
-0.92
1.12
23.26
76.03
22.95
90.88
-7.52
-23.68
-2.12
-8.04
-72.14
-2.56
12.07
-4.41
13.39
13.21
-6.01
-1.21
-2.35
40.47
-13.45
-96.13
-1.8
-60.76
-29.25
-6.11
0.36
-6.85
-4.53
-12.1
0.37
-10.12
73.03
-27.47
7.51
-9.58
20.9
-68.02
77.06
6.57
51.54
-21.58
-23.94
-7.91
53.89
-10.12
53.2
68.59
-20.81
-5.87
-15.63
0.74
19.23
-4.67
43.4
-4.28
-3
93.89
-39.24
-0.04
11.83
-51.07
-12.36
103.61
-8.11
-9.03
-12.99
9.48
32.22
-1.99
-3.41
-22.59
18.32
-4.47
10.44
-126.8
35.22
12.22
-17.86
5.09
-11.22
7.23
13.91
-26.82
34.13
2.78
18.39
27.67
38.23
5.05
-11.03
-2.28
19.73
116.1
-37.15
29.76
-6.62
69.12
-3.38
-38.61
17.6
83.01
7.78
-136.03
-100.1
36.95
-46.41
-11.39
-8.91
8.42
-0.13
-83.84
18.78
-1.44
-6.86
3.49
-56.26
15.67
85.52
44.04
-13.13
-15.58
10.26
52.29
51.06
2.25
40.03
-73.48
-12.96
31.03
-24.4
8.3
-7.38
-68.95
89.65
-70.47
-25.9
-8.3
20.77
-6.04
-7.84
22.47
-20.14
12.49
7.26
-23
-17.25
72.51
-60.87
8.57
30.4
13.82
13.51
-9.61
-0.26
12.01
-53.09
-34.79
-58.26
-39.66
4.91
11.29
14.32
24.9
4.59
-97.76
-5.77
26.9
15.01
34.45
-54.35
45.2
-137.97
52.64
-9.29
-9.67
5.76
-3.73
-55.35
-16.3
9.79
-45.6
8.73
13.6
2.04
-2.73
-9.47
-16.25
-12.13
8.52
9.12
-7.79
-0.04
-58
25.01
16.28
37.97
-12.26
-6.04
11.06
-47.02
-5.99
-8.99
5.21
-32.21
0.01
1.11
-15.71
2.32
-38.81
11.3
-4.38
-36.74
3.66
39.28
-3.43
-140.91
1.05
1.31
-55.81
-8.05
-4.93
10.37
0.33
-54.48
-7.93
46.82
-6.35
-4.87
-43.48
13.32
9.83
-4.03
-6.99
1.23
19.52
28.8
9.61
-11.65
-11.28
-14.28
8.66
-4.26
-10.74
-99.82
-17.84
-7.42
-1.3
16.99
-11.05
0.39
-2.09
38.86
-22.98
39.08
-70.09
43.56
-59.79
-4.8
8.78
-113.71
-10.18
-0.38
-127.34
-3.96
22.77
28.08
5.83
11.62
11.62
-26.81
-97.4
1.75
10.75
156.17
20.8
23.19
-77.81
6.6
11.04
3.98
13.3
-23.86
44.43
-3.05
7.28
-7.1
-59.13
5.4
21.68
14.28
-48.15
0.76
40.93
-2.12
-50.8
15.13
8.39
-14.21
-0.6
-6.6
67.19
-9.77
-6.83
-9.69
9.39
62.06
38.85
117.28
7.88
-15.21
-0.34
0.76
63.55
-1.76
-18.23
53.03
-9.26
-6.71
-6.53
16.32
91.24
-8
0.86
49.34
8.76
25.51
72.79
0.98
26.04
20.59
14.64
4.24
-9.31
-14.66
0.81
-2.19
0.42
52.58
135.97
-3.55
7.73
32.98
-42.05
-27.33
22.11
-13.11
-1.94
-14.15
-100.39
242.89
117.5
64.61
-74.89
22.61
20.1
-6.52
2.49
-21.76
2.15
-9.59
70.83
-144.18
7.51
39.91
42.87
-45.91
-18.88
167.91
-10.7
291.48
4.26
-12.18
15.3
-11.49
-92.87
16.38
-51.99
84.28
-47.12
225.41
-69.1
-6.33
10.99
-70.54
-4.67
12.39
1.67
30.07
31
-49.98
-4.13
-6.48
-10.21
11.17
46.81
-6.76
-12.51
-14.75
-40.64
-2.82
100.94
32.92
96.51
-61.7
-5.04
4.39
-6.18
-9.02
10.36
-8.25
-27.17
22.02
-5.17
52.99
-4.91
10.89
-73.36
12.66
13.44
3.57
18.94
19.16
13.31
83.28
-85.67
2.91
-30.79
-33.07
10.51
120.72
-19.5
85.65
-30.32
2.84
-1.62
70.66
-63.66
9.11
-18.59
-7.5
44.96
8.71
-7.25
-18.15
-34.83
-11.09
-1.29
40.57
46.78
23.5
8.02
56.51
10.56
-103.63
-1.51
15.07
-73.69
13.83
11.47
-12.36
8.13
-41.04
-11.98
46.14
87.93
6.9
-17.48
-55.82
42.82
3.29
-45.21
5.4
26.1
36.29
-16.82
13.09
-2.86
-4.83
-185.03
66.56
-7.84
3.69
4.02
106.12
-0.64
26.1
1.75
10.82
-1.42
6.43
-23.02
28.79
25.83
-49.73
17.35
-4.61
38.51
64.41
14.52
-9.18
-18.65
1.57
-10.53
3.56
27.28
46.91
19.17
63.82
2.32
128.13
118.72
-4.45
-80.53
0.23
138.44
9.24
-92.91
-41.15
52.73
6.15
5.11
-71.77
2.54
-18.15
-7.88
12.74
-2.55
70.56
49.56
-2.67
45.58
-5.68
-14.09
10.27
-192.43
-178.04
-0.61
30.25
1.36
-18.76
-26
119.27
8.63
14.39
10.73
-5.3
9.15
12.34
20.34
11.84
-75.68
43.01
-11.23
-6.68
-2.83
30.31
-14.37
-48.79
46.5
26.55
-5.66
-68.18
-28.39
-32.94
-4.06
31.48
-48.54
9.87
-85.26
43.15
-20.32
-1.38
-10.6
8.73
1.88
-4.9
-11.7
62.36
11.72
2.34
24.97
7.45
49.41
-12.62
-1.34
-16.89
0.18
71.8
-3.21
128.65
-12.12
36.14
10.39
13.56
-18.09
73.23
-31.4
-18.37
32.95
69.97
-17.08
-2.52
-69.83
17.2
-105.92
6.95
-4.58
-1.38
13.14
19.77
-1.12
3.89
4.63
-0.29
-16.23
-0.31
-63.86
-17.37
-51.76
10.97
43.87
34.51
9.66
-9.6
107.19
64.42
17.92
5.61
-39.71
-10.54
11.33
-37.98
2.04
49.79
2.17
2.62
-8.94
74.4
-3.37
50.31
-29.2
-124.69
-214.39
-3.66
10.05
-180.34
-50.52
-68.41
47
-80.95
19.89
6.28
1.2
-15.55
3.72
12.64
29.12
18.59
-23.49
10.74
-66.1
2.96
-6.85
55.1
-35.62
104.92
-1.6
-0.25
-10.61
5.33
25.7
2.47
-10.7
5.22
9.87
-4.54
7.49
-29.45
10.02
-19.27
110.48
41.37
21.26
-34.47
-7.32
-11.23
7.44
-77.07
-8.69
49.7
-0.93
42.51
-0.22
16.6
14.84
6.19
-80.38
93
-16
-54.32
18.14
-19.49
90.15
18.12
16.42
-60.57
53.53
-33.21
7.24
-33.34
12.73
-27.52
-2.12
-32.91
90.81
0.47
3.03
26.22
-14.59
-10.15
-5.13
10.67
-12.14
-30.89
-182.98
44.56
-74.96
-6.17
-126.87
-10.82
-101.48
-0.58
29.41
-63.8
-8.26
-3.25
59.22
13.03
28.89
35.16
2.3
-2.54
-52.15
8.63
10.23
42.86
-37.93
-12.21
-12.32
-3.78
-3.22
10.62
-7.62
-1.46
3.06
2.85
-220.55
-11.79
14.68
0.75
-40.43
-11.92
-83.17
2.21
12.29
33.88
9.45
-34.36
-19.58
4.41
4.62
-18.96
-10.11
3.54
2.54
-29.73
52.04
-10.03
-51.36
-55.05
11.96
67.14
2.11
-45.95
21.1
-1.78
20.93
-73.16
-36.31
44.87
-15.73
-1.11
-6.22
-14.15
16.5
18.52
3.85
25.34
13.76
24.48
103.05
2.91
11.51
-80.85
-7.91
-84.64
48.61
-31.95
-161.02
-5.43
4.28
28.98
-12.32
-7.99
16.94
67.52
94.87
14.82
-3.54
2.79
7.93
-9.73
11.03
6.8
-6.63
-32.26
94.29
-127.45
71.01
-29.3
1.26
-65.62
-123.05
71.46
9.55
-86.76
-1.54
43.34
46.97
10.38
37.21
-27.25
8.34
-62.38
11.33
35.55
13.19
-55.33
-115.87
9.21
12.66
3.44
-25.66
-95.39
92.42
20.07
-15.53
-31.3
-77.2
29.56
6.06
-5.65
-63.5
26.49
-149.5
55.68
-6.5
-65.53
-5.53
6.49
-6.78
63.15
1.55
37.92
15.78
10.14
1.7
-10.96
3.74
-4.52
-23.49
-129.8
-66.14
52.33
-10.46
16.02
4.29
2.66
119.35
62.15
-6.59
3.57
10.33
7.17
-21.03
-22.01
-36.18
-9.31
61.59
14.92
13.9
45.3
14.9
-2.94
-11.03
31.1
4.4
1.89
-1.57
4.92
11.16
1.06
32.26
88.76
-2.88
-19.13
8.38
-2.88
