15.85
-6.47
46.35
-13.14
-35.48
-7.87
3.17
-7.41
57.09
-65.89
9.06
-170.25
156.34
-20.73
-2.21
-1.03
-66.65
-7.94
-58.28
-71.71
-5.13
-10.43
38.4
-37.52
-14.5
49.53
-9.94
7.46
15.61
-44.49
-220.04
0.42
58.57
138.58
-76.61
16.19
-23.53
24.26
-4.78
-0.02
-92.58
-15.56
65.43
118.61
-4.79
3.7
-30
5.63
50.98
59.79
-4.94
-28.46
-5.24
-10.73
104.53
53.69
-19.32
23.54
15.88
32.61
173.59
19.85
38.08
-6.17
-8.76
3.86
-2.6
17.15
16.84
-56.88
-0.78
-19.99
-66.62
-106.27
-1.47
6.33
62.3
-6.95
-1.38
31.7
-60.33
7.4
-1.94
-82.18
-0.76
-10
-88.29
15.74
-32.63
-18.73
-15.38
-42.22
5.15
-24.89
-12.32
-59.47
-36.94
0.72
7.03
21.48
73.74
83.54
-2.7
68.29
-280.26
-10.19
-21.35
65.52
9.06
-60.98
-32.19
8.96
22.24
45.59
30.72
4.51
71.21
-88.81
127.17
-9.13
-51.36
1.97
-33.71
5.86
-316.12
-8.02
19.13
-92.55
5.3
-42.85
70.57
6.29
209.15
-7.46
-34.59
46.32
-5.26
-28.94
28.91
3.73
-12.9
-17.53
-112.08
-30.14
13.44
30.11
2.48
62.61
-91.93
9
-1.87
-29.67
10.29
-88.99
-8.89
2.1
0.15
-29.89
-97
25.43
10.38
-27.45
48.32
3.3
-8.04
5.12
47.83
40.21
31.91
-52.17
-9.96
-10.87
18.76
23.6
-12.35
-22.54
9.35
6.83
5.3
-109.45
4.97
-19.09
7.27
-2.05
0.06
11.06
18.2
1.26
-0.69
-8.47
13.14
-2.03
19.67
5.03
7.29
11.39
15.52
-91.52
35.83
-3.29
-12.15
15.87
1.11
154.64
16.74
7.47
19.44
95.84
39.5
45.32
-32.86
50.12
-80.38
53.53
-4.39
-6.66
-72.13
-59.03
0.74
7.53
124.8
-111.99
-202.6
-7.34
40.56
-7.75
-21.48
26.88
18.63
1.45
-8.03
-12.57
9.88
84.96
-15.34
1.13
-54.56
-166.26
7.23
-78.97
21.89
-50.16
60.12
148.04
8.7
-88.71
10.49
-0.48
-13.82
-29.79
-53.44
69.71
-2.11
22.97
57.94
-5.14
4.61
62.71
75.33
-30.66
-8.64
-102.99
1.87
14.09
-12.2
4.02
22.11
-76.61
72.97
64.7
6.43
-158
9.26
3.26
-19.56
-5.27
70.32
-9.83
-4.39
-5.7
-3.14
-13.76
-0.35
46.58
-2.46
2.77
-11.85
-5.66
15.62
5.02
117.24
-22.75
26.13
-39.79
139.33
-7.19
-1.45
-82.81
21.82
8.59
49.22
28.08
80.12
14.85
182.22
33.15
-21.81
3.11
9.7
13.54
-1.67
69.17
-13.77
14.79
48.22
-14.17
-6.64
50.1
5.65
-7.43
-86.55
-18.02
-62.22
-43.15
-12.41
105.45
-98.95
13.61
-32.58
-20.68
8.92
5.33
-93.41
3.92
91.34
-4.23
-8
56.13
63.75
9.64
-89
-9.44
45.71
-10.12
41.15
8.76
55.77
3.06
-89.61
-65.72
3.9
-38.59
-16.81
8.02
6.41
14.25
-109.3
38.75
8.49
14.47
-150.76
21.46
0.16
-238.75
5.97
12.43
11.94
-12.54
-15.21
13.73
-64.76
62.5
-51.95
19.63
6.2
12.64
18.64
32.78
-43.1
9.32
83.94
-16.74
3.99
68.1
28.46
-34.51
48.52
9.53
2.92
-11.54
27.97
2.93
31.35
191.09
-21.85
24.12
-13.44
6.83
25.51
-36.16
-19.43
8.66
21.08
146.53
-73.56
-5.32
2.49
5.32
10.35
-72.75
-15.6
52.69
49.75
-78.95
14.64
40.54
31.06
20.61
39.81
-4.49
-5.05
77.69
-12.84
-8.24
-26.88
-106.5
-64.59
-28.05
-1.36
-37.54
4.04
-11.77
18.17
3.16
1.11
7.92
-36.22
14.03
53.55
6.66
29.85
-7.3
4.28
45.19
-37.31
-8.43
9.94
-59.91
2.44
-28.49
-9.97
-49.65
-122.69
-10.42
24.49
72.83
15.66
24.82
-166.77
-8.13
18.17
-8.46
65.85
-29.78
-96.69
114.76
-97.93
20.91
19.92
-58.56
-9.89
29.8
100.05
-1.96
3.86
104.57
13.14
14.18
11.06
10.73
-7.44
6.94
12.05
-1.2
7.83
20.2
36.56
11.31
-22.11
96.04
4.61
29.22
11.11
20.59
-45.56
36.14
102.36
31.45
-7.53
21.65
-4.69
-97.75
-9.17
8.6
-0.86
-6.87
-41.99
-22.83
-53.11
-20.85
43.9
11.01
0.78
1.94
32.92
-19.21
0.89
13.88
2.76
-17.74
7.89
20.46
-17.95
-7.17
-79.43
-3.7
59.63
105.77
-142.11
-10.27
-24.99
-44.76
36.07
-111.86
-215.95
-36.78
-13.93
8.45
55.38
35.96
-102.06
-11.01
25.82
11.02
78.1
-12.92
-69.34
-13.29
-71.36
2.39
5.09
68.26
-13.28
-49.08
-29.41
-10.74
1.22
89.65
-3.41
-27.65
-8.78
9.08
25.02
-14.1
-3.47
-26.91
-18.42
4.6
42.93
-6.73
48.63
-37.23
7.69
-8.34
-4.28
-1.65
10.78
25.58
33
-7.26
68.63
5.53
-12.28
27.46
-8.47
69.41
-3.6
-1.64
-3.93
-6.24
-11.26
55.88
-60.78
-40.93
30.75
-10.93
-272.78
-165.91
5.39
36.73
15.65
9.63
-44.3
-3.76
-5.37
41.83
3.93
14.85
60.35
0.09
122.04
-32.89
13.92
-13.22
53.55
48.28
-13.66
13.58
29.57
3.56
-1.4
25.76
60.49
3.79
5.95
54.42
-11.7
-99.62
-9.72
6.12
-40.88
0.96
-10.98
-2.12
-24.43
3.25
-161.64
-81.82
-36.57
-3.78
-5.34
40.63
-5.06
33.91
25.57
14.8
-50.07
70.9
4.52
-9.33
16.12
-31.66
-96.97
62.15
21.24
-4.13
62.72
-30.17
-14.12
-1.65
-2.88
18.86
-112.53
15.58
49.78
27.04
27.12
-2.71
3.77
84.44
-10.01
-65.25
-6.37
87.73
-5.61
-8.66
-4.66
48.11
-2.86
-2.54
-17.79
27.93
-2.95
-101.11
55.4
7.62
43.71
55.23
3.75
13.54
-3.62
1.34
54.92
-60.26
-73.91
-44.46
88.77
-113.73
-4.64
-5.02
-56.57
9.47
20.51
20.74
-84.37
265.08
5.25
1.68
15.89
13.88
14.52
25.32
-47.14
30.34
-53.68
-22.1
-4.32
21.07
-11.49
57.88
31.85
20.75
-18.24
12.82
-1.11
-3.23
-5.82
1.9
-49.47
-60.33
-2.47
45.91
129.82
5.17
-51.77
7.54
9.36
-65.93
10.33
2.11
-29.14
-18.94
-9.16
39.74
-4.25
41.48
17.4
82.49
13.05
-3.88
-9.77
-118.63
12.83
7.12
-43.76
11.77
-10.81
-14.12
38.3
44.56
-18.6
12.85
-28.86
-6.42
-9.23
53.16
10.5
-53.34
-2.25
-5.63
-6.9
32.84
-3.39
-36.79
-21.41
-166.22
10.87
-5.85
-180.18
-13.46
17.05
19.31
86.48
42.9
-4.45
-16.69
2.19
28.39
2.29
-36.42
-5.04
3.29
9.82
77.43
12.69
44.36
0.18
23.7
-27.61
6.87
-13.75
-5.33
8.88
-38.61
-1.64
36.69
-6.68
-62.3
3.29
28.83
-13.53
-71.94
-9.19
11.28
-27.8
12.4
11.59
-25.06
-102.84
-186.15
14.87
-40.51
-22.04
36.03
-68.85
16.89
-531.07
97.86
-13.66
-34.75
-1.19
35.61
54.7
-160.19
-75.67
-60.48
5.37
-1.58
-2.34
-8.3
-44.02
66.75
30.61
5.65
-10
-4.54
4.84
11.15
-21.48
-20.23
-2.64
-50.54
-7.14
3.9
-13.56
4.39
-7.31
0.41
-7.57
10.65
34.96
148.13
39.35
-9.7
-62.06
-140.82
-8.22
22.33
30.53
48.39
52.28
-30.48
-7.17
-24.49
-20.65
11.11
-2.71
26.32
133.7
12.52
8.26
41.8
65.93
-53.8
-7.37
16.47
27.79
-39.03
-11.67
114.1
2.41
-95.78
70.04
93.72
-0.3
97.13
135.6
-27.32
51.33
55.31
-21.7
35.46
7.88
7.03
-1.42
-10.85
-94.72
-46.25
-19.16
-69.36
94.87
9.06
-19.31
-45.24
5.24
7.34
-7.84
36.1
-1.13
36.96
14.33
-27.13
18.38
9.07
-8.75
46.17
26.07
-23.91
-3.17
-62.25
-61.15
13.61
-44.41
19.23
3.71
31.72
-12.58
-10.99
-48.26
2.81
25.25
25.24
38.09
-57.92
11.14
80.41
-5.8
1.51
-54.7
40.99
9.2
-5.62
-5.99
3.15
-154.95
1.48
4.64
-3.51
-6.64
-8.95
-51.72
1.76
-7.61
72.65
-15.03
-61.07
-15.11
13.9
6.71
-5.51
-3.99
0.74
-81.34
0.86
-36.3
41.06
7.48
3.2
-50.85
46.39
-6.7
8.5
-50.31
-101.21
13.51
-26.32
126.1
7.72
7.11
-15.95
-2.09
-25.69
-0.57
71.71
-79.73
-128.41
37.68
3.7
2.56
-0.15
-46.67
84.98
-41.47
1.79
-8.3
2.58
17.59
79.09
-9.31
-85.23
83.7
-26.32
-27.14
86.98
-6.63
-26.4
75.49
33.89
-2.82
-29.91
1.37
45.97
-6.72
41.34
