29.3
-9.47
-11.56
27.17
36.16
18.07
-32.54
41.81
9.44
70.08
16.23
18.54
11.85
23.12
-9
-103.86
-19.29
10.62
-5.64
-14.49
-10.9
-188.29
-19.41
-32.05
18.44
109.19
54.03
-9.19
121.14
-11.14
31.01
-11.37
-14.14
-10.24
-141.7
126.68
9.13
42.42
-5.94
-32.3
122.83
-15.23
19.31
59.41
-20.33
-87.84
1.71
69.67
78.98
4.6
-8.6
58.17
22.93
52.11
-86.09
-13.81
8.96
-66.07
-54.53
-2.26
-18.55
20.89
-5.17
-20.33
6.47
-11.86
58.78
22.6
77.02
192.4
-1.62
1.28
12.09
-6.22
-3.63
-29.3
-15.36
-107.94
36.67
33.53
7.15
-1.91
-120.96
-5.14
2.83
-74.51
-16.36
-32.49
15.75
8.11
-4.4
-151.4
16.73
92.25
-28.74
0.82
-15.07
24.11
8.44
-85.82
22.11
-9.01
20.96
8.14
-104.55
-16.77
-22.97
58.01
9.02
-9.21
33.75
-15.28
8.23
-68.68
-11.35
20.08
12.22
-4.54
4.14
2.49
-12.99
14.38
18.95
6.04
-115.4
26.61
46.95
26.46
17.47
1.41
-13.43
-13.49
0.13
-73.55
9.09
-112.54
-36.04
38.07
2.95
-4.41
16.26
-8.81
-11.15
-55.27
51.41
-1.48
37.41
124.84
48.81
26.49
-9.86
7.11
-5.96
11.41
46.47
-5.06
68.34
-0.26
-9.25
-37.59
-17.47
-8.02
-12.09
17.83
-36.03
83.69
-71.21
104.18
-0.38
30.17
37.36
-67.48
-58.34
-12.52
4.49
-4.69
-53.01
11.64
47.56
12.84
-10.75
-11.46
20.26
-21.17
18
-9.03
78.07
11.86
1.04
67.72
-41.49
-2.69
-83.52
-212.49
25.94
7.78
-31.6
-116.96
-8.69
22.22
1.81
-14.95
-11.91
3.53
-4.29
0.93
19.44
26.01
-188.83
63.13
13.15
10.42
-28.43
16.65
38.55
3.2
-5.75
-3.81
-16.35
9.81
-73.53
4.88
-7.66
-20.35
-11.14
72.92
-1.74
-155.29
48.69
-85.2
-60.54
-3.95
37.19
5.58
-9.9
-83.24
6.09
-51.39
-8.91
12.41
47.17
9.18
-45.79
2.36
9.49
-41.36
18
14.81
85.45
12.69
18.25
-4.11
-1.38
-6.98
32.19
-116.21
-1.14
4.2
68.06
27.03
-68.54
-14.91
23.12
11.78
-38.26
-22.56
24.31
-39.32
61.42
-5.13
58.75
-18.35
22.25
-44.03
-10.6
5.31
-9.09
18.56
10.34
-5.07
10.8
-50.71
-14.88
-108.16
-19.25
64
-16.84
62.97
-8.05
-72.59
-3.32
27.75
-18.83
28.21
6.12
-99.4
33.42
-9.8
-11.23
-3.32
12.92
-13.86
114.52
5.3
87.51
-15.61
-10.06
-1.8
-7.44
65.06
-4.9
-13.9
17.03
-273.84
-14.17
46.39
26.91
-19.51
150.09
-3.48
-10.22
21.87
9.48
19.13
20.17
-3.74
1.26
5.95
35.33
-21.49
-8.19
-66.21
19.82
0.09
35.96
-10.22
-1.34
17.57
-1.49
8.84
-55.7
52.95
-0.02
-7.58
7.44
-144.76
-60.57
64.99
-57.4
1.16
17.68
42.01
-7.66
45.53
16.02
-24.04
9.83
96.39
82.45
0.47
5.77
2.36
-25.44
-0.54
-81.16
101.12
-36.82
40.6
4.54
4.03
-25.8
-38.61
103.85
-6.07
-38.33
-44.57
23.45
-65.45
47.1
39.64
53.27
-14.43
-9.99
8.67
-5.95
6.66
-10.15
-131.93
52.06
-9.53
-1.26
-9.75
-47.9
-100.5
-11.46
-18.78
53.65
-187.43
39.74
-12.08
78.28
23.54
11.78
10.93
256.45
-8.93
24.2
9.15
137.15
79.15
127.06
53.71
-43.78
11.75
-13.46
-127.27
-1.57
7.15
-24.6
-26.67
91.69
-0.85
9.57
-12.51
2.17
-265.66
-41.52
7.08
0.27
-3.49
11.78
6.11
11.87
-13.41
-122.78
32.49
-2.54
15.99
-54.73
-1.32
129.76
-24.95
-55.61
-7.78
86.45
56.99
-130.67
-40.63
82.44
39.45
58.32
127.98
34.06
9.43
-3.26
47.57
-3.57
-39.56
-17.7
-16.48
-39.4
10.24
144.53
174.15
-28.66
4.2
35.24
-13.32
15.73
-86.61
-52.66
26.11
60.08
58.47
-8.19
-17.21
-149.41
32.07
7
1.59
4.89
-10.75
0.44
-16.58
-34.09
-84.46
-10.17
27.02
-39.48
-2.83
-9.78
19.2
12.59
49.96
-44.67
-9.79
-18.49
5.02
1.11
-9.25
-9.11
47.8
-23.42
-25.52
75.15
-3.37
-191.31
-48.23
-91.39
30.45
-1.95
108.01
19.82
78.54
5.09
21.04
14.57
0.45
37.44
58.08
86.5
-10.98
113.23
2.99
23.6
-8.41
-9.81
31.1
-8
14.43
-0.98
-37.36
-55.18
72.05
-8.04
-8.22
-7.31
-11.25
-12.69
72.64
73.77
-10.22
-8.92
-27.12
2.59
-45.97
10.16
-6.83
26.38
-27.86
8.8
-31.67
-39.6
4.22
18.59
25.47
-11.68
7.5
-7.66
-27.04
118.17
56.7
-24.84
4.32
37.93
-44.31
-3.24
-28.39
11.59
9.21
19.78
-1.96
-16.29
71.41
-8.44
-3.64
5.57
-32
9.07
-27.22
61.43
6.6
5.79
-66.25
3.47
-25.46
-20.8
-9
-4.5
-124.34
235.63
-59.5
7.27
-36.42
8.81
-0.6
-49.22
-2.93
2.13
9.66
-9.75
-8.33
13.46
-21.14
50.43
-43.41
27
29.8
48.14
8.63
0.04
10.44
33.43
-9.96
5.77
-8.6
2.63
8.9
-33.89
54.11
-43.97
9.25
8.89
-18.21
-16.98
-73.79
-20.4
-9.93
10.54
4.42
-10.21
41.04
12.73
11.53
-50.9
-7.1
0.06
16.5
-9.16
1.51
-8.15
1.52
-19.23
-1.48
-117.14
-16.05
-18.44
-8.46
-5.74
23.85
2.02
36.68
-24.19
1.29
2.79
68.46
79.32
-14.95
32.36
14.33
-9.76
-7.14
7.08
16.44
3.94
-12.91
-0.88
71.46
-24.06
-13.36
12.99
11.33
-14.2
-4.75
-77.94
55.54
3.56
-60.38
-10.96
-64.32
1.62
-20.37
-5.7
24.18
6.7
52.98
24.36
5.26
13.22
19.1
-215.49
56.53
166.66
-30.57
-10.46
-1.97
11.98
46.26
19.23
33.33
18.56
-24.32
-13.36
-10.88
7.4
-8.62
-46.3
-53.11
2.34
10.12
15.7
-57.75
29.89
12.77
7.28
10.4
1.93
-7.3
85.51
-47.5
58.02
-4.57
14.59
0.52
43.46
28.28
-71.08
-46.92
-12.29
-1.44
52.76
-11.6
-24.41
-9.84
52.36
13.56
6.96
-113.48
-82.83
-14.35
-5.61
77.74
-14.77
67.81
3.61
-5.32
-49.84
3.14
-14.75
10.16
1.77
18.43
-5.32
17.63
105.09
-79.72
-0.27
-7.71
-80.84
0.76
97.59
7.36
-11.64
-65.44
61.74
-26.77
-66.9
100.95
9.39
6.97
-36.09
4.26
16.94
-4.33
22.04
63.83
9.79
-4.43
12.84
-11.44
-3.47
2.44
-139.56
-14.12
-5.27
-3.34
-19.78
7.78
-50.48
-11.21
-8.85
112.52
3.23
-19.36
-6.32
-12.57
-126.38
8.19
6.45
30.55
6.85
-63.47
13.78
6.13
36.42
-11.49
-0.83
-93.32
-4.74
120.97
-0.16
-5.38
106.93
0.45
-18.99
13.21
61.45
-39.49
123.04
-0.73
81.73
9.09
-21.06
8.04
17.16
-3.9
1.51
19.23
-8.15
14.66
-11.13
-4.47
11.29
9.41
-17.21
-99.97
12.78
4.12
62.65
-11.45
43.37
9.28
-86.38
14.12
-8.45
-69.09
54.37
23.47
67.98
0.83
-3.63
54.9
-10.4
-6.91
15.03
52.56
-54.35
64.47
-9.69
7.79
3.24
80.77
2.62
-13.47
-31.69
-18.79
15.25
-7.67
-12.43
-6.77
49.3
7.27
48.87
20.12
35.48
14.8
-358.81
86.64
-2.27
-35.4
5.59
1.33
-1.76
-9.4
21.76
15.55
-7.73
13.12
9.99
-5.66
-41.31
-163.58
-8.49
37.91
5.57
54.96
-29.01
-5.65
-39.24
-37.79
-25.83
-5.03
15.42
-21.82
60.9
23.72
6.05
11.02
119.31
-72.33
-83.57
59.93
18.22
23.47
80.45
28.86
0.2
-25.69
0.22
-8
-7.31
91.9
122.16
-66.69
8.88
-39.62
-3.57
-37.2
35.91
19.61
-62.85
-1.67
-44.73
-115.71
12.48
-2.67
19.07
1.53
-14.45
8.48
9.95
-10.33
21.44
21.55
0.14
-7.59
-50.97
-17.35
18.72
-80.94
11.67
-16.04
6.51
75.1
-14.61
-44.28
17.63
-55.48
3.5
-8.4
22.38
-16.06
56.16
25.58
11.5
17.87
23.56
-4.17
-1.85
-78.55
3.66
-65.15
5.45
37.05
110.05
-11.66
-6.24
-26.16
2.02
-43.13
-38.34
60.56
12.03
47.36
-13.1
159.09
-3.59
68.25
81.74
9.53
-2.08
-59.09
-71.89
-120.06
13.88
8.38
2.1
61.56
97.51
-15.75
-21.26
-18.17
36.09
32.18
70.76
37.86
-14.92
-59.44
-88.59
5.63
55.49
-0.97
-75.24
58.04
-2.97
-4.82
-4.2
-48.22
27.19
25.24
-91.18
-50.27
42.07
28.22
