-40.01
9.25
12.12
-29.73
-30.66
7.94
13.68
-6.99
0.96
33.72
-16.56
0.6
1.58
-14.81
-77.95
6.43
-40.71
153.4
-22.16
-1.28
-26.84
-35.15
-10.49
-11.52
21.59
66.85
-0.76
13.53
29.31
0.04
34.21
-226.33
-6.76
-31.52
4.35
29.67
32.22
7.6
44.78
-45.4
3.73
-156.29
71.32
67.46
1.38
-12.31
98.68
-42.32
-0.31
-86.5
-8.08
14.08
-3.73
5.41
-80.76
132.2
-13.33
22.01
90.45
39.82
89.58
68.98
74.58
1.26
6.96
-13.07
43.79
62.5
-20.13
56.02
-30.83
-11.7
7.57
-156.93
-1.29
158.61
-62.47
34.11
-71.75
-38.25
-40.18
-5.45
-17.08
78.11
-57.52
3.79
-36
116.33
63.77
80.19
-9.97
-13.06
37.86
-19.04
11.09
63.02
13.7
7.34
-13.17
-3.93
12.67
72.21
-4.15
-9.41
-66.38
10.77
-16.06
-48.12
0.32
-15.5
8.72
11.78
41.17
5.41
8.97
-111.66
-7.04
10.72
-9.19
121.35
-3.39
-30.24
-31.39
18.53
-5.1
-58.72
56.79
62.21
-94.3
78.11
66.26
-4.55
10.67
-6.63
9.55
-3.19
69
-56.58
69.43
3.58
-58.54
-152.19
18.71
-61.17
-8.61
6.95
-11.09
86.13
3.33
-40.53
139.52
-2.38
10.34
-83.52
1.11
90.85
-8.14
-44.21
-6.14
12.77
32.08
144.77
1.79
44.54
0.64
-38.63
9.5
60.16
25.84
1.8
-192.03
-87.29
25.22
76.91
51.05
-1.89
-4.57
-12.28
36.18
9.64
-11.14
-14.36
63.21
49.79
19.08
-34.14
123.68
-24.31
-5.27
1.35
-11.26
-32.11
-50.04
-10.85
-36.68
46
-16.81
-57.07
5.14
51.03
41.11
-24.97
20.22
-16.56
38.14
2.98
-50.12
35.12
-96.3
19.49
14.87
-6.79
-1.45
-26.14
-20.7
12.06
27.38
9.42
-41.99
-0.89
2.53
3.44
-21.6
-27.99
-79.32
13.12
-52.77
43.46
63.65
-7.84
-6.51
-8.77
42.08
18.06
60.38
46.96
62.72
-5.17
-7.54
2.86
12.88
7.68
-9.89
59.39
53.87
-3.76
-654.62
32.66
-200.47
-54.97
8.26
-41.64
42.39
-6.27
10.35
3.01
-31.36
39.83
-7.19
-22.57
41.61
-34.43
-53.49
-4.46
9.49
33.21
-32.76
-86.57
-44.99
78.99
0.82
-24.53
4.26
9.01
6.24
-40.19
32.84
-51.93
-13.92
-5.42
26.04
-11.36
-113.2
5.46
29.99
-8.72
141.58
-11.88
-1.38
-37.66
-17.31
-31.69
-11.63
7.81
-69.71
3.1
7.37
197.11
-2.78
-15.45
-81.55
-33.71
-1.05
-35.02
16.86
6.12
14.04
-5.43
-9.94
-57.54
25.18
-136.66
0.27
-25.9
25.78
5.18
-49.2
39.23
-8.22
5.63
-86.89
30.25
-1.7
-1.56
-127.65
-9.53
9.63
-89.73
9.19
-7.32
55.1
14.5
66.48
-11.55
-0.22
0.04
-45.71
10.23
3.84
-14.91
15.55
-9.35
-2.78
-76.91
5.87
10.31
6.08
-19.84
-97.99
190.95
-1.82
6.69
1.06
-6.13
-0.9
-9.74
-0.01
17.95
104.51
-2.03
-27.7
37.31
74.49
0.01
-47.14
-17.15
44
10.97
-25.93
2.03
4.22
11.03
25.47
35.92
31.18
18.66
220.22
-62.05
-245.6
43.84
11.52
41.53
82.9
-57.99
5.38
12.48
50.49
-13.6
-11.33
-5.04
81.62
-15.48
9.53
43.66
-0.73
106.86
14.14
-10.54
-10.88
-75.94
8.88
16.53
-47.52
-30.16
32.68
6.69
-22.67
41.93
-40.7
3.55
-3.92
6.57
-198.33
-12.3
0.54
-90.86
-1.53
-55.7
-8.26
-13.54
16.56
62.7
9
-69.35
-79.27
24.31
3.9
16.25
2.97
-18.21
-82.63
-16.56
55.63
-153.95
-100.78
28.21
14.92
6.91
-17.41
-4.62
-19.16
11.89
-79.65
-121.07
20.47
6.43
10.05
-56.62
-1.99
-26.99
94.96
-12.03
-60.89
3.37
9.85
-38.94
-31.26
-128.2
38.54
-78.48
5.41
11.57
-27.65
-30.61
-12.54
-12.47
1.84
11.63
48.2
9.8
-1.28
-23.02
8.84
11.41
-71.76
2.82
14.93
30.41
53.42
-12.38
-62.51
86.06
7.83
112.97
37.59
-14.43
39.05
51.75
103.83
67.18
-24.9
-3.66
-69.59
-61.99
104.63
1.02
16.2
22.63
-9.08
8.26
-8.48
-215.37
84.01
-55.68
-4.18
-62.46
-5.03
-75.82
-0.43
201.52
-6.19
54.28
63.88
-28.7
-123.47
61.59
-13.87
-22.69
10.39
24.63
-32.26
36.18
-10.89
-11.26
7.38
11.98
-8.76
-65.7
32.93
10.22
-35.71
55.16
95.78
22.91
-18.2
4.84
36.42
19.05
-41.8
-5.29
9.56
130.35
-32.67
-143.44
10.83
-5.68
-69.8
92.08
1.12
-10.77
-0.08
-9.01
10.38
-47.01
40.41
-7.19
-6.51
14.72
-54.49
6.19
72.08
69.66
5.66
18.35
28.26
23.58
8.34
9.83
28.1
110.73
-10.91
29.09
13.98
5.25
19.5
48.97
0.38
-57.98
50.18
-2.46
18.38
12.92
37.84
12.08
85.14
6.85
-8.45
-2.66
-65.13
180.45
-3.05
-8.34
-28.04
-88.12
9.12
-9.62
-5.72
43.19
12.46
0.93
1.59
-23.51
-24.84
-54.41
5.35
-11.16
71.3
-11.14
-5.5
67.1
-5.12
44.44
16.54
-8.13
-28.1
56.44
-4.27
-8.37
15.89
9.77
6.94
3.7
3.07
7.74
4.13
62.44
-70.47
-117.53
-11.19
37.13
-42.6
40.03
60.33
0.55
-19.1
-2.12
47.64
-33.03
3.21
-3.93
10.07
-12.45
-118.81
24.06
-34.52
13.32
15.25
-43.44
-15.8
66.11
65.19
5.24
-168.47
-23.1
14.65
18.15
-72.69
-81.43
-10.08
-54.25
16.73
108.3
9.57
-7.7
34.28
2.43
113.58
13.63
-3.46
4
-12.85
1.48
-56.67
-5.49
-212.12
7.59
3.92
33.22
-12.55
3.67
-46.78
0.95
100.85
42.77
-76.29
-9.01
-32.37
22.91
-165.23
12.15
-14.06
-258.69
3.27
68.39
10.78
-12.98
-6.37
9.51
-68.18
11.7
6.86
8.57
2.96
7.13
9.9
7.71
30.78
32.12
-228.7
62.61
2.49
57.31
-9.01
12.15
11.73
5.49
9.6
-4.2
-14.33
8.53
-6.08
-11.38
-10.13
15.06
-9.4
-31.04
-29.06
-3.48
7.49
-8.47
-8.63
105.67
-125.56
17.21
-5.99
2.38
8.81
51.77
-2.25
25
-22.9
-66.84
0.37
0.55
10.39
6.7
39.68
28.31
-49.45
19.78
-5.56
32
-10.71
-29.15
26.26
1.36
-6.08
135.37
6.73
-14.62
22.89
-4.87
136.35
6.65
-165.43
7.82
51.77
-28.68
2.9
9.85
1.84
120.63
-5.49
-31.97
8.7
-98.04
8.16
79.76
-60.93
12.56
-2.23
28.21
-106.63
17.95
-23.16
23.23
-11.29
-92.91
-19.68
-10.54
49.05
-15.04
13.93
18.6
20.35
-12.61
-40.46
-8.67
28.54
-54.53
9.79
-1.63
5.43
27.8
-10.57
37.72
-50.98
42.39
-81.48
8.19
-11.4
15.27
29.76
-18.68
2.06
5.93
-4.14
62.06
40.44
10.03
61.63
-23.61
-31.2
10.68
30.72
-22.54
6.18
-7.5
21.19
-0.15
-3.08
-9.97
34.24
-60.63
-5.82
24.51
2.79
119.31
77.09
2.86
-3.48
-165.42
-82.59
90.49
-14.54
-16.9
-23.2
25.36
-40.91
-35.08
-11.28
78.73
-96.77
36.94
-0.02
-15.82
4.3
-67.74
-16.93
2.32
-39.26
1.3
-7.44
-1.73
53.57
35.92
1.09
-23.01
44.71
-8.95
44.65
24.77
-180.01
23.39
121.37
-33.01
-22.8
-40.44
22.65
5.31
70.99
14.1
65.57
-5.78
-83.18
25.35
-62.51
92.97
-3.31
-19.78
65.37
114.14
-57.64
-13.7
34.41
-11.63
-136.61
-41.29
-7.26
-9.55
-161.49
-3.42
-12.05
10.9
-53.84
-13.26
-24.97
-3.69
8.72
-23.98
8.54
-0.47
69.7
-1.94
-48.27
-13.14
16.06
-93.2
3.12
31.69
-32.92
-46.93
-6.58
-15.34
-57.61
-10.89
4.98
11.92
73.33
-7.31
8.07
3.62
85.8
38.21
44.86
5.17
4.6
-37.49
35.67
-180.86
7.28
-132.79
20.98
31.55
46.21
7.42
-34.01
10.45
33.14
-216.45
-4.81
-9.49
-55.9
-0.12
-27.87
-20.59
-0.67
-5.26
-0.6
-33.34
4.15
-10.68
29.62
-35.37
105
16.98
4.89
6.82
7.46
6.67
-46.96
-44.01
-44.94
-134.99
-20.06
6.05
21.51
-11.5
27.64
-3.08
-14.01
58.07
-49.68
-62.87
1.92
7.75
-0.86
-132.84
-36.82
-6.65
12.6
-25.61
-110.98
2.66
0.44
102.3
-5.4
2.76
3.49
-8.65
8.97
15.1
56.71
10.15
-3.54
-10.91
117.72
32.25
4.71
-0.95
-0.64
4.24
-11.24
6.3
-2.75
31.13
31.91
36.71
-25.32
-8.06
138.16
6.2
90.78
-6.26
