-74.22
-20.81
-13.92
-77.86
-88.53
1.54
12.55
8.86
12.62
-3.04
-26.17
-9.3
13.3
57.89
32.6
56.67
17.58
24.81
-49.33
57.51
-85.53
15.16
-44.3
-31.18
-88.72
25.73
6.85
13.8
7.31
-2.5
22.96
22.18
-123.51
8.91
-80.05
11.61
11.94
-19.86
-0.54
-0.84
13.41
13.04
-16.99
-2.24
21.61
-22.74
-5.01
-186.87
48.34
-22.11
30.98
7.04
-55.86
6.13
12.93
77.15
-8.46
-13.74
77.36
102.04
49.25
-56.18
-2.82
-108.27
61.68
30.22
2.03
-122.19
55.72
-14.43
5.32
-72.28
-0.65
-17.1
-8.16
90.21
-3.73
-12.7
8.82
-51.77
-12.39
-31.81
-56.53
-0.45
-2.1
163.79
-67.9
-8.95
-108.3
15.43
-5.09
0.09
223.87
-159.89
-63.74
26.81
2.82
6.31
37.46
113.64
-2.25
-10.6
-67.82
-1
10.56
-67.53
-56.58
6.74
26.35
4.45
-11.05
-20.94
-27.49
3.81
26.31
-8.58
6.88
6.51
-74.27
-0.25
21.11
3.85
-30.85
24.97
62.59
-10.89
-31.88
-46.04
1.54
35.62
15.57
-46.94
3.76
9.19
-74.8
-28.7
-91.63
-74.5
7.17
-17.63
-2.53
-21.13
0.37
21.75
3.22
-3.81
-70.63
-6.46
-47.57
-10.09
-4.56
-31.44
5.72
22.81
-1.43
53.66
5.77
-89.5
51.19
184.8
-22.33
-29
-72.38
5.11
-13.68
10.48
4.62
-6.21
9.98
58.12
-113.03
13.18
-11.82
35.62
27.37
-3.18
-77.19
1.55
10.88
52.65
27.92
38.76
-27.66
4.97
46.35
4.81
23.24
-196.57
5.33
3.2
12.22
-14.45
6.29
8.71
10.35
-3.22
11.37
47.09
7.36
29.13
-15.97
29.93
31.26
-13.47
8.02
-2.69
-8.1
42.08
163.32
22.54
12.55
12.61
7.8
11
-7.13
-89.88
-37.54
20.05
4.79
9.06
64.89
141.06
4.41
-2.61
38.22
-5.04
4.82
-35.74
10.09
-22.94
-8
-78.38
-12.03
9.91
-5.86
15.1
-72.78
-0.14
16.97
69.17
225.76
35.89
9.51
-40.42
5.73
-19.22
-24.91
36.22
6.32
-22.57
12.22
8.45
-13.49
-4.93
4.24
-10.97
-53.39
7.54
45.16
-43.72
-46.03
-11.2
-2.85
56.07
2.57
3.93
-78.68
0.53
19.4
56.11
-3.87
45.25
-95.68
-5.68
53.69
-9.57
-4.08
4.36
22.02
26.21
4.79
9.81
-10.19
-3.83
1.33
-8.68
15.78
-67.68
-186.35
-12.48
19.31
-20.73
42.83
-9.58
17.1
10.25
5.12
-17.81
82.01
-8.2
-163.21
45.36
-42.51
-7.96
81.75
-1.37
-5.8
-20.22
32.19
43.41
11.35
28.5
4.43
-35.7
-13.36
-7.4
1.4
5.33
7.35
85.87
35.78
0.68
-10.62
20.22
-71.91
-39.06
6.07
-32.23
107.89
25.76
-24.61
-39.07
18.32
1.79
-6.54
-16.77
-5.12
28.49
12.37
-3.42
-1.45
35.55
1.64
-23.36
17.54
-18.54
11.15
0.51
-12.7
6.52
-62.48
48.48
4.55
5.04
-6.33
-9.5
0.58
-12.07
-7.37
11.48
27.51
57.81
-41.68
122.35
1.44
7.28
-50.78
12.83
56.29
-16
11.62
-16.77
18.09
-25.28
-16.56
76.72
7.44
49.67
-181.57
-36.58
34.63
6.94
-62.44
-11.15
-20.5
-136.93
-5.89
-126.53
-6.25
10.01
48.93
-25.79
-39.83
20.98
13.28
10.18
-4.76
70.36
39.18
-8.5
-58.9
14.85
-44.45
-14.5
58.43
8.63
24.97
-5.83
-9.35
48.69
33
-54.6
-54.12
25.38
-15.05
4.45
80.19
91.5
-1.15
11.34
9.23
-24.04
63.11
-9.09
32.63
0.24
9.65
-54.16
-60.54
-73.6
24.44
-8.69
-16.81
-2.64
-170.48
162.56
8.68
10
-99.66
17.74
-104.62
18.71
-4.53
-17.59
40.2
-69.64
45.15
-9.75
-37.82
-6.41
-2.8
-50.8
-1.99
1.93
7.59
53.9
-112.36
0.14
-56.05
10.69
43.13
-21.01
9.56
126.67
-19.87
2.15
22.34
-29.04
266.9
-3.02
-9.34
-3.74
64.02
-16.67
-35.84
2.5
67.45
-146.99
-103.36
22.15
2.32
-268.92
176.47
43.55
7.68
10.18
7.52
-18.44
33.78
-32.21
5.24
8.11
-33.02
17.91
-96.39
-5.22
38.08
-93.82
-29.32
-0.19
44.43
-85.42
14.78
-127.49
21.09
4.46
71.91
-5.18
-90.17
-40.9
117.67
-226.24
-8.07
-22.18
-103.95
-8.02
-21.11
18.42
93.23
-5.26
-18.21
-9.57
-5.13
28.64
-32.82
14.48
74.12
3.22
68.95
-16.9
19.47
26.41
8.65
10.31
11.4
52.76
-0.16
-8.29
43.55
-7.25
-113.34
-136.2
-1.44
10.14
-46.82
2.79
104.74
-11
-3.33
-9.09
106.32
66.05
-6.56
-86.62
16.96
-15.05
53.42
4.37
22.34
-158.26
-0.04
-7.75
69.39
-9.73
-12.68
16.4
59.77
26.76
-1.82
38.28
34.41
62.98
-37.87
5.46
8.42
-97.61
95.78
32.94
-4.55
-140.86
11.14
42.27
-13.96
71.46
37.46
92.28
85.81
10.87
160
6.31
-64.15
12.05
-75.87
-55.33
51.59
-65.07
0.08
13.45
3.16
6.09
4.66
-174.39
6.46
-182.06
33.76
-6.94
1.83
2.36
3.33
71.85
-65.07
-29.02
-8.76
3.04
46.65
12.72
12.7
-10.49
-1.78
5.96
25.63
-7.89
20.17
43.6
-11.5
16.99
-20.73
-9.11
-27.5
11.99
-17.08
66.93
-45.07
-48.36
-51.96
-1.01
-11.81
-1.08
-267.41
-12.82
-21.77
7.29
-5.18
10.28
-21.27
105.96
11.45
-5.54
63.32
0.83
3.31
107.22
4.28
15.6
64.64
3.42
-97.03
42.11
-11.9
58.4
-3.54
-2.98
9.5
4.7
-51.7
-0.87
14.33
-17.06
10.85
5.12
10.06
18.16
7.79
38.65
-23.17
13.66
28.64
-51.65
-2.09
-5.37
2.2
-320.33
17.19
-8.45
14.99
-11.8
-132.79
90.47
-9.06
-67.2
-202.85
15.04
17.91
76.08
258.5
-11.43
-44.99
13.41
-30.9
28.49
-5.21
112.19
14.16
101.89
-9.87
12.53
18.78
-11.77
83.89
-22.35
23.45
-248.38
-3.14
12.52
7.84
-21.34
46.04
-46.92
-28.95
9.76
8.92
-0.98
4.12
5.66
49.78
-46.25
-40
70.07
-13.27
44.34
27.01
-9.87
88.47
-28.99
10.93
-43.47
-83.09
-0.65
-21.38
47.17
13.29
-9.04
58.53
11.18
-86.77
-3.78
-50.46
-216.29
42.58
-1.24
58.02
-43.96
52.44
-62.61
17.77
-8.01
-58.74
22.08
-3.4
0.66
-116.16
350.24
45.07
-40.76
36.32
43.31
7.43
-13.5
48.54
-29.45
-63.52
12.66
3.45
-94.87
6.83
-13.02
-2.93
-46.62
-8.42
-82.12
-4.09
4.96
0.67
16.86
-12.4
62.92
-10.33
7.3
-13.82
-5.49
7
-24.1
-14.98
4.46
22.9
-5.77
-3.91
-16.77
8.03
32.42
0.35
64.15
47.4
4.88
-13.06
-5.48
-0.36
3.99
20.14
0.42
1.92
12.82
5.02
-29.7
33.93
11.5
1.8
35.7
62.48
10.52
-3.23
-7.29
-10.33
10.21
24.01
-31.34
6.63
-44.32
9.34
-19.26
1.89
-9.32
15.84
-5.2
-4.64
63.25
13.15
81.16
6.6
14.41
-191.36
1.27
-17.67
-27.27
3.77
4.61
-0.73
24.56
-12.74
-87.58
-3.05
11.7
-0.74
-49.49
26.71
-62.52
-87.67
-20.35
-44.07
19.74
0.12
-103.32
-67.02
2.07
9.8
-7.68
-10.08
-1.43
8.51
7.04
-87.92
-1.97
-50.82
-12.19
-0.88
1.02
21.73
11.67
3.06
-20.43
33.15
20.49
19.01
-145.32
29.94
-70.77
4.31
2.13
7.31
26.97
10.08
43.23
21.08
-11.34
-3.6
-19.92
38.46
35.84
-9.8
102.08
16.42
-25.11
-8.89
-2.2
-53.34
7.41
-1.48
115.34
-50.77
12.34
-53.87
-12.12
-7.32
1.2
1.68
8.34
83.35
-25.9
22.18
-18.47
9.92
-114.42
-83.34
66.19
-4.42
25.25
7.6
2.03
-18
-0.01
-58.5
75.01
23.66
101.24
7.27
49.07
13.08
-57.13
-56.34
-4.01
-38.92
5.31
7.35
-8.88
65.98
86.9
48.96
6.85
0.07
-26.57
2.34
-35.66
-29.3
25.03
9.98
14.41
56.64
-0.65
23.12
-1.15
33.02
0.89
39.27
86.37
-1.93
10.06
-38.06
25.56
15.79
10.88
-6.16
2.03
61.77
22.73
17.05
-10.84
46.53
10.28
14.81
16.28
9.32
-26.86
-6.78
-3.26
-17.64
0.12
6.57
-9.88
-1.55
10.38
91.98
58.71
5.4
-13.12
-62.49
1.28
-72.95
-1.3
-20.7
6.79
20.01
6.74
6.8
65.31
71.65
0.36
11.73
-62.47
8.13
-90.59
12.97
-30.05
18.47
-53.03
123.33
-0.14
28.7
14.86
-145.09
-1.13
-8.04
34.06
-35.51
12.54
