11.51
60.56
60.86
91.88
102.73
2.69
4.11
-4.37
35.08
78.1
8.47
61.7
24.98
-18.74
-50.9
11.41
-63.45
0.61
42.9
8.14
51.12
-13.65
20.71
47.38
162.73
-12.23
-118.7
10.21
-5.65
124.37
-7.09
75.64
5.8
-61.92
39.81
35.78
-19.2
7.38
23.45
-16.77
-12.29
43.23
13.86
39.43
-24.46
-18.17
-34.55
23.26
-33.18
-91.31
22.69
115.17
-13.46
64.63
29.17
-12.99
-1
-2.41
30.04
-4.08
-91.25
20.96
-9.79
-11.26
34.63
0.32
20.72
10.85
-7.23
-5.45
-13.73
-39.28
84.21
-1.45
14.74
22.91
106
-15.36
-16.91
23.13
54.52
-42.94
-108.11
29.69
4.73
126.97
82.55
-15.2
5.58
10.92
-55.29
-127.76
63.18
-6.71
13.15
-10.06
121.95
45.38
64.31
-98
22.1
-11.77
-12.99
12.3
-2.42
-18.06
-3.02
-29.12
-54.21
0.22
12.23
-8.08
166.52
-17.02
67.7
-152.91
5.97
-25.8
4.17
-4.91
-71.93
-6.7
15.98
3.06
-0.98
81.88
-6.56
-21.07
-2.59
-25.26
-7.92
15.32
58.76
-136.88
2.79
-2.64
23.05
-11.37
-21.73
0.04
102.39
-1.08
20.68
-14.93
-119.89
-34.1
-7.49
44.16
5.64
-3.46
0.85
7.15
56.93
41.69
42.29
9.36
28.01
-8.61
-9.59
8.95
59.16
-190.95
53.99
-3.78
-36.09
5.64
28.69
23.8
-9.63
7.53
-57.52
-5.88
-10.66
2.73
50.89
-55.02
97.98
-10.09
23.89
-2.79
20.88
-18.89
2.04
-42.81
-13.02
-32.93
19.99
-5.99
-26.26
18.16
-8.88
108.67
9.41
-28.47
-91.12
-12.22
-52.87
25.83
-36.7
10.82
-31.1
24.19
2.21
-76.7
7.3
-5.76
-3.47
-0.9
91.7
16.65
8.97
53.37
28.33
-32.64
-6.99
29.37
19.44
82.58
178.21
4.96
-9.93
-49.95
-98.47
10.75
-29.86
14.38
67.1
24.34
174.24
-57.77
7.33
0.07
11.61
51.51
-28.78
-5.7
-75.88
6.01
-23.7
15.19
-6.74
-71.76
22.72
-33.82
17.17
33.12
38.34
-1.93
-15.22
-6.22
59.11
3.68
-0.16
19.49
3.29
8.54
3.61
-28.35
110.26
-30.69
-5.12
10.71
-25.38
46.53
-14.9
-21.17
0.15
20.61
-48.68
124.17
3.92
26.14
-0.14
8.11
1.83
-4.6
65.4
33.47
37.18
31.52
90.64
10.32
-15.49
-22.42
2.77
-29.75
70.93
4.15
-8.79
38.16
-14.75
-101.74
43.05
-4.78
-8.73
17.93
9.01
-5.74
-9.48
6.98
-21.26
-12.34
-80.51
-72.4
-35.2
-38.88
8.01
-7.1
24.96
-8.88
-12.9
7.5
17.2
-9.05
25.2
-19.57
2.88
12.17
-17.09
11.13
-34.59
-3.37
-1.41
10.9
6.18
8.46
-93.12
14.49
-6.26
-13.1
-8.73
10.96
-21.89
-2.15
43.85
-138.48
-6.3
-123.31
-12.13
1.72
-17.64
-59.51
5.67
6.86
86.89
-62.29
-37.11
11.97
-17.95
-19.19
12.16
0.24
-74.64
-14.21
63.14
0.28
-8.4
-3.28
-33.88
21.46
-35.93
-0.17
-4.35
-34.15
-4.88
8.67
73.82
24
-44.23
-4.08
-18.26
21.01
15.33
-6.02
41.65
-4.18
-2.9
-4.16
4.17
-6.88
11.75
7.9
34.94
-15.16
-84.53
6.28
9.75
0.17
-12.39
-1.44
1.25
27.94
-6.99
-16.12
-84.53
82.96
-9.5
-9.46
8.75
-70.71
-8.95
54.48
-58.35
1.99
14.79
-3.09
11.63
16.45
-236.56
-6.61
-8.64
-40.23
77
8.26
-0.91
-77.61
-13.9
16.92
6.69
-39.56
7.52
-48.05
-41.79
-48.43
35.88
53.67
-2.59
-11.66
-27.06
-45.68
-58.48
-0.28
19.3
-44.03
12.31
38.42
-66.96
106.21
37.08
-6.67
-22.06
18.81
13.53
-13.35
-3.8
-13.39
-11.54
-91.21
-26.33
4.88
7.02
-14.15
11.13
-5.14
59.4
-102.47
-10.85
7.16
-12.3
36.46
29.13
-14.94
9.05
190.44
18.84
4
-34.45
11.8
40.99
38.67
1.05
-4.21
79.98
51.38
-19.43
-3.86
28.49
-14.09
67.57
7.2
6.3
46.11
13.07
20.24
-3.44
-8.16
-20.24
42.39
5.78
4.91
9.79
-25.31
-105.99
2.91
-59.52
-99.37
59.33
12.96
25.25
-9.54
38.13
89.73
-91.44
9.99
-32.32
-13.21
-133.47
-100.98
-57.06
-3.65
2.35
-9.84
-4.15
7.54
85.14
18
20.77
2.69
-141.33
-4.22
-11.62
-18.84
-98.82
-51.01
1.15
-12.71
-4.85
-46.47
-99.09
-16.94
39
-92.51
-3.08
-48.26
-48.79
-55.83
-9.78
50.94
-10.85
23.24
59.89
18.68
67.14
-9.02
147.4
91.53
0.65
8.79
51.89
5.66
-3.83
-6.76
-41.76
-8.75
-103.49
41.02
12.62
-0.49
5.08
47.2
57.68
-13.38
-118.79
-23.9
4.38
21.75
-10.07
-14.67
18.96
55.37
-7.64
73.23
132.8
-4.5
3.86
-10.17
-4.28
79.37
12.35
-2.26
-49.91
-10.58
9.85
132.07
30.61
6.62
-66.85
-13.85
-166.48
-22.46
-8.37
6.82
9.35
3.6
-66.17
2.11
-7.72
-3.03
31.01
63.59
11.6
6.65
96.73
-11.79
9.92
-16.56
-27.65
4.41
38.87
40.46
306.46
-34.93
-32.78
-25.92
-1.29
10.43
-5.64
71.85
-2.36
3.8
-77.59
12.08
-8.2
15.18
-80.89
4.55
-0.64
-1.91
-14.68
11.53
-9.07
-3.44
10.14
57.27
-14.12
-103.89
-4.35
9.81
9.79
-9.63
-2.81
-45.71
-5.29
-21.07
-4.07
1.07
-9.94
64.48
-3.5
33.56
-7.61
16.09
-101.84
-1.11
4.26
-2.4
9.87
1.24
129.17
93.06
-7.22
10.14
-38.82
0.3
-16.46
-15.22
-40.96
-2.47
23.14
13.13
-15.76
44.18
2.58
-7.98
31.72
-12
0.91
15.27
-19.88
41.1
-112.51
-2.81
-8.56
50.02
-7.46
27.39
-48.48
19.75
-60.31
-8.28
-8.07
-4.88
-85.09
-175.81
-5.31
78.8
-13.9
-71.77
-17.66
10.63
47.38
11.07
9.94
8.91
-35.71
11.24
12.1
0.6
-6.29
-25.11
15.96
-6.01
-29.41
32.08
-10.79
-76.54
-100.24
-15.18
13.76
10.64
-1.83
26.43
-152.05
-8.01
65.28
-61.19
13.19
56.8
-167.5
-22.08
-12.62
19.07
-28.34
-21.95
5.72
39.3
-8.88
20
63.36
-12.03
33.46
12.24
-24.03
12.14
-25.47
13.53
-4.55
-0.64
-10.85
20
1.27
-19.18
18.45
45.27
3.11
8.24
-44.24
64.28
-38.21
25.93
-104.59
-3.02
20.45
7.46
7.18
-38.06
-29.5
10.38
23.71
30.4
8.75
65.48
-38.33
4.84
10.33
16.45
98.5
14.48
7.65
5.29
-12.2
98.6
56.66
-19.89
-55.26
-51.59
-93.56
-45.77
-15.79
-20.46
-10.04
50.12
-20.67
-22.91
9.06
6.18
8.9
8.77
-8.92
5.49
-11.1
-7.38
-146.94
-27.04
-4.9
8.14
42.28
-106.59
-0.8
2.68
9.72
-20.24
-10.11
-5.22
9.35
-11.45
-8.28
22.4
17.53
-8.42
2.76
-2.6
61.56
-20.41
-20.68
58.46
3.52
3.56
-29.33
-45.94
43.94
-6.12
3.14
-3.06
100.93
-7.61
-9.71
-9.89
-8.19
8.24
-81.44
8.76
16.42
46.24
7.56
-7.87
21.17
2.44
-12.48
40.09
0.14
23.84
161.01
-7.33
56.04
-6.61
15.63
-78.94
6.16
0.43
60.58
105
4.26
6.42
7.22
-12.1
-55.61
2.8
10.78
10.59
9
-24.82
42.43
1.6
14.7
-4.94
39.65
-17.16
54.85
-0.15
2.47
3.4
49.82
-7.43
29.34
-5.94
-1.9
-22.14
-2.66
-71.28
-5.06
9.23
-4.45
40.35
-6.18
-8.49
-131.9
67.29
8.89
7.6
-42.39
305.47
-4.11
-7.39
-38.52
9.05
-99.38
5.76
-40.43
-62.34
13.55
14.07
9.69
-104.11
-152.6
13.93
16.8
7.75
-146.36
5.57
129.22
-85.48
-40.67
-5.55
37.25
25.01
-1.89
45.54
0.88
39.49
10.18
-6.38
-15
189.82
-8.74
-5.22
-15.93
87.12
41.01
6.57
3.21
-215.22
-22.34
-4.76
8.87
43.11
-28.84
58.97
66.2
9.25
3.65
-145.49
55.85
-16.52
4.27
-31.79
12.67
47.37
-8.43
-93.59
4.85
-14.36
-3.83
12.78
30.59
24.13
24.61
24.95
-97.09
-40.53
0.16
-42.93
-5.62
14.72
12.28
-54.78
-41.41
-22.74
-47.11
6.8
22.19
-68.5
7.55
8.46
-44.23
33.77
-5.62
-8.05
-67.45
-6.59
-15.51
-0.38
-22.78
-8.25
71.01
-8.75
-38.83
-22.74
48.4
23.91
4.63
104.64
-10.53
47.54
6.39
-2.89
-180.16
65.64
-133.6
-30.7
34.33
-6.02
-73.28
-12.17
-1.51
-25.65
-10.4
-33.51
-1.81
5.45
-13.18
2.58
-5.01
-12.99
