11.62
-51.08
72.17
80.13
-78.87
-4.73
-110.34
5.57
26.24
-20.42
141.54
-7.91
158.5
-7.67
0.07
-4.28
-68.46
-0.82
14.14
-47.97
-66.14
6.64
-2.16
43.28
-181.24
-3.23
12.11
-102.64
-4.34
0.92
4.61
91.1
-0.21
-12.25
26.97
-7.69
-6.15
-12.63
-6.33
22.52
24.91
8.99
-29.9
69.01
-75.97
-24.51
11.7
20.86
5.78
-23.48
-60.54
98.52
-17.62
0.76
-4.81
3.55
-12.09
4.43
109.36
-25.33
-1.18
-12.48
-19.47
-5.18
2.72
1.69
-152.46
4.34
95.85
6.73
12.52
-55.89
-46.15
-12.5
-66.23
-10.51
62.74
7.04
64.76
9.38
5.29
4.07
69.63
9.97
-3.88
35.84
39.79
31.59
-50.92
-0.74
-27.51
-18.82
9.88
1.57
80.88
0.63
-2.84
8.3
4.84
5.89
-20.42
35.59
-65.77
-21.64
5.04
-124.08
-90.15
1
-39.7
59.61
-53.97
-9.01
3.1
16.43
27.32
-15.56
-11.59
4.75
-5.99
22.29
-24.29
-8.85
-5.96
9.57
-24.55
1.48
-60.6
-104.35
19.92
63.18
-15.25
134.17
-9.48
106.96
14.98
-16.84
6.31
13.05
-11.86
10.53
-84.89
10.77
-4.99
-12.36
-19.48
68.96
2.57
-6.1
6.94
11.4
7.73
-45.45
8.94
62.55
-27.57
5.5
34.49
-13
-6.68
-121.71
8.01
-28.49
56.35
1.8
80.21
-91.38
-77.4
4.03
-11.81
4.48
-8.94
-5.81
98.06
16.51
38.54
-38.79
-1.57
6.63
-136.54
-9.3
-5.7
13.76
6.81
-16.06
-2.07
77.81
24.67
-11.55
5.72
-9.8
8.85
-54.73
9.44
32.27
88.31
38.38
-7.37
13.07
27.03
-7.63
43.19
69.99
34.39
-64.59
-7.95
-12.86
-95.83
-59.52
-93.13
2.02
-0.78
-75.85
-113.47
-27.95
91.39
-0.3
1.9
-6.24
-51.73
-7.41
39.43
-2.77
4.63
4.39
1.37
3.08
4.27
-90.62
99.45
8.36
92.48
2.59
93.44
17.83
-13.85
30.94
0.77
4.51
6.29
25.56
30.1
10.97
-101.36
-22.88
76.79
1.78
16.21
24.52
-11.76
-18.06
12.22
-31.31
15.02
19.02
-0.24
5.86
59.77
7.19
-6.19
85.11
-11.35
34.14
45.78
-50.04
-0.49
-13.35
-9.35
-10.74
-44.2
22.42
12
7.28
11.67
-2.54
-3.08
-3.01
73.67
-2.21
-291.46
-3.46
-57.81
2.72
80.67
8.44
32.56
14.08
-8.71
-9.86
2.32
-33.76
-5.23
37.85
-9
-64.77
36.63
-43.79
-7.3
11.92
31.55
10.37
15.84
-4.83
3.3
6.69
25.48
-13.33
56.09
-44.65
23.57
-0.07
8.96
-1.64
-9.73
-3.05
-3.7
5.31
-9.06
34.07
7.26
-55.24
42.41
-95.61
82.21
9.29
-26.63
-62.81
37.58
-0.89
-40.08
-7.43
50.32
-14.13
-1.91
-3.84
15.06
39.19
-45.79
3.22
5.61
-22.57
-85.63
-10.85
22.26
5.39
47.96
-34.94
-42.16
-14.64
58.34
1.87
-15.97
-10.55
28.71
-2.68
-7.86
-10.61
-91.24
-5.78
6
-3.83
5.29
-7.15
18.57
-36.36
-13.21
1.99
6.53
-4.71
10.11
-51.02
-2.65
7.34
14.85
-154.18
-17.44
41.7
-3.51
-8.06
-52.46
8.44
-10.06
-0.99
9.92
143.58
0.53
43.78
65.68
-71.5
51.49
4.9
23.26
-1.49
-28.41
-335.97
0.33
-97.45
-0.11
27.69
-12.54
6.59
-12.3
3.53
-9.96
10.85
-62.9
-12.73
10.42
7.22
-45.9
-31.18
7.94
-21.21
-9.65
-5.5
33.88
-205.27
-54.31
-33.62
-2.75
87.3
7.89
-1.65
-35.49
16.19
13.88
12.79
9.41
34.79
14.99
-12.15
-6.08
-39.71
29.25
92.89
41.94
-71.54
36.37
84.13
-66.52
32.23
33.39
9.03
39.25
12.01
33.84
1.68
-12.86
9.82
-15.12
90.76
11.82
43.2
-6.44
-139.97
-41.93
-81.58
-10.29
25.45
-33.91
66.24
-12.39
12.06
27.36
54.63
12.36
-58.61
-149.93
4.71
-42.64
4.14
-46.48
51.01
22.12
-57.14
-48.91
-165.01
60.97
0.47
-55.24
45.67
-12.35
95.69
-3.15
36.9
88.11
-154.57
6.02
-6.27
-0.54
6.71
-32.99
-7.41
27.08
-1.77
55.6
49.68
7.33
-22.25
41.87
-21.91
-24.51
113.12
-2.39
-3.53
-1.67
-6.2
-27.95
-165.28
4.66
14.15
-5.11
6.72
63.04
19.91
-6.1
-16.08
49.48
-47.24
11.48
-11.68
-1.58
66.89
-124.45
-13.45
15.98
10.4
-14.39
-8
16.94
-3.62
3.13
94.41
19.24
-17.69
-53.9
-2.44
-5.02
-28.73
-59.11
27.62
8.49
68.72
-24.68
-128.49
-13.45
68.85
21.19
-4.52
14.06
-88.72
-150.82
-2.9
-15.77
-2.87
5.13
-14.1
21.06
-64.19
30.22
1.6
-6.07
17.9
-64.75
-2.62
49.14
9.87
10.14
-16.11
21.4
12.59
-12.49
7.89
5.04
8.51
-14.93
-7.27
15.62
51.3
50.08
15.05
10.61
-1.84
15.35
-10.03
-6.12
30.96
92.07
-8.58
-3.27
-11.63
-8.64
13.59
-26.19
-31.5
-29.29
2.96
-11.27
113.09
6.06
-41.03
35.99
89.62
-1.94
34.54
12.4
78.4
14.63
11.1
86.04
-17.75
14.09
-133.5
-31.5
16.08
20.94
31.16
30.2
11.95
-78.29
-3.34
3.36
8.01
-3.65
-15.66
-20.39
-21.64
20.83
4.41
26.35
-129.99
50.71
5.52
-36.25
9.88
-23.5
84.57
-24.17
15.78
0.88
-16.39
9.44
21.25
-22.54
26.85
124.17
1.52
6.54
2.56
-281.04
2.16
65.43
64.66
5.69
-50.31
-26.96
-15.86
15.8
86.52
-8.18
3.03
44.38
-51.44
86.66
-9.69
38.8
1.51
-43.49
-14.77
-9.44
-2.31
-8.17
-3.1
-32.21
-13.19
-40.35
-6.05
13.37
50.66
72.28
2.3
6.23
31.74
93.83
7.56
7.65
-4.92
-17.27
90.23
13.66
120.92
-85.93
-9.16
11.05
-100.31
10.77
2.88
-84.48
-8.27
-49.2
-17.91
39.3
14.74
7.01
-14.45
-2.54
-32.64
-3.63
30.7
48.93
2.82
47.99
35.86
-38.24
29.33
67.41
5.23
-79.24
0.94
-3.93
19.82
85.01
-18.39
-100.43
-31.66
16.96
55.17
-3.8
7.95
-11.4
0.31
-49.96
41.4
-67.59
3.49
-6.63
5.09
41.54
-13.87
78.95
-131.71
-197.5
-13.41
-31.44
-61.76
152.37
-203.1
-46.83
-40.78
-11.67
68.26
-86.06
11.17
-2.97
21.64
12.88
-1.53
1.36
-6.35
-60.43
-39.85
2.26
3.98
-9.08
-449.6
16.67
-1.23
-18.5
7.84
4.13
37.92
75.58
129.05
-5.6
117.97
7.56
10.17
1.1
10.57
-115.75
-36.1
-10.52
8.85
51.99
-13.4
21.06
5.54
119.35
-17.84
-59.74
13.92
58.69
47.24
4.62
20.22
-28.22
3.78
-13.89
-5.2
53.78
17.2
3.82
7.8
28.78
-2.12
94.41
116.36
11.99
7.24
21.18
55.46
-4.74
91.75
46.71
10.04
21.33
-32.23
-10.32
53.49
-17
-14.57
163.79
48.23
39.02
-11.23
-7.69
-8.2
-1.94
27.74
177.37
-46.91
14.16
-3.13
-30.32
92.08
-88.95
6.31
33.85
-2.07
-83.6
9.11
71.05
-1.31
19.63
16.55
-4.76
-1.9
-2.98
-26.9
-11.91
-17.05
-27.35
46.84
140.79
23.08
-4.86
-12.24
46.94
84.78
-5.99
42.95
-149.5
20.94
70.13
-7.46
-26.73
-0.75
-5.18
36.28
-146.22
-10.78
3.82
48.13
48.69
-42.01
8.58
5.73
-32.5
131.8
71.35
34.45
8.12
1.98
43.02
-77.77
-40.48
-34.48
-56.44
27.85
-10.43
52.44
30.26
35.84
-90.54
-11.63
7.92
-156.98
60.82
62.11
25.34
10.41
6.41
8.91
3.46
-65.91
-11.91
57.67
-124.84
39.18
-22.15
4.62
34.52
-10.22
-7.25
-9.26
84.87
-34.73
-86.24
-144.47
-0.34
-75.27
-2.83
9.07
10.07
12.34
-19.45
-125.73
2.95
-9.52
10.57
5.42
12.45
29.16
-16.59
6.13
29.31
-29.22
3.11
20.18
-28.27
-40.08
42.32
-40.96
-10.03
13.27
29.65
-109.18
3.08
63.55
1.17
-2.19
35.47
5.45
21.98
35.02
48.9
7.31
-5.8
5.15
6.48
61.57
10.49
10.57
8.45
-9.71
13.58
5.05
92.47
-1.96
-1.87
-17.38
-9.13
7.81
-12.01
6.57
-48.96
-15.07
-51.82
50.11
-39.33
-24.28
-19.94
6.07
-15.22
-27.19
26.3
9.43
-6.69
129.03
64.62
4.51
12.68
1.16
15.64
-66.41
-15.23
7.62
48.1
-0.77
-13.19
-15.79
-69.26
-52
6.23
12.83
-10.48
-8.99
-25.45
-9.29
-6.66
96.8
-26.95
40.77
7.29
-10.89
-8.53
-7.17
15.23
-0.83
17.32
-27.17
26.65
98.88
-1.48
-8.21
