-4.29
63.63
4.98
46.15
-16.82
18.88
26.42
13.22
63.42
4.32
96.28
35.94
-52.77
-28.54
-72.14
-12.52
14.54
-57.76
53.52
69.8
-18.86
-10.98
18.67
-101.12
-32.62
1.44
29.63
-6.39
14.78
-1.65
43.54
99.41
-70.78
23.9
-9.4
-48.33
30.75
30.74
-33.63
-15.42
5.32
-34.88
26.16
64.72
42.52
14.98
31.65
84.13
1.59
-11.46
-13.52
1.98
-8.95
18.37
17.96
76.29
-6.36
-10.56
17.35
-93.52
21.01
5.41
23.77
55.38
2.04
-0.2
-66.83
64.53
0.29
10.33
-40.85
-6.36
18.3
35.27
3.12
-14.17
-8.12
-56.06
-97.79
-24.22
24.56
33.1
37.76
-15.39
67.7
-63.86
-9.5
-43.19
-46.6
-14.96
140.98
-4.75
10.84
-9.6
10.8
5.74
12.31
-4.62
70.23
-53.94
-104.44
6.42
-4.34
-7.69
2.02
-53.29
-40.87
149.34
14.55
-43.14
20.98
-121.57
38.67
4.45
-3.06
-2.44
-8.85
-0.16
4.49
77.92
11.64
-256.01
14.11
-6.62
41.83
58.07
85.55
3.58
25.91
98.34
6.42
-8.97
-72.76
-73.43
5.21
-46.56
6.69
10.19
12.48
9.5
13.78
-47.13
0.88
17.24
28.89
145.26
113.79
9.21
-13.03
-12.02
4.27
-39.51
-4.75
13.16
0.88
15.31
-4.12
-2.13
-73.03
102.89
-83.83
60.13
-5
4.5
-13.91
-15.66
-7.38
-11.76
-2.44
8.69
-5.18
71.81
93.05
54.77
-3.61
-19.57
-40.19
75.37
136.56
-13.77
8.88
3.13
-34.6
-5.71
-30.74
-25.01
-37.14
-19.86
101.87
-8.69
-70.14
-1.99
56.46
2.15
60.25
-7.31
-5.26
0.36
0.29
-28.84
2.63
1.25
-25.98
-4.55
52.8
-8.5
-45.53
-36.69
53.74
12.3
8.98
-6.42
28.22
12.1
-11.56
19.34
-24.12
18.45
-5.41
-1.85
43.43
-9.59
-14.58
8.36
-10.13
10.75
5.93
50.35
70.72
40.75
-15.72
25.63
12.13
-45.74
-10.8
23.83
39.38
60.75
57.66
17.92
48.61
25.95
4.43
17.27
15.9
-89.06
-137.39
11.32
-11.79
-15.96
17.13
-10.25
6.86
-39.64
-68.26
39.62
22.87
-11.02
-32.56
-6.38
99.01
6.88
92.17
5.68
0.36
-9.08
-44.36
-7.99
48.58
-3.5
86.26
-70.19
9.2
56.98
2.78
-7.92
27.56
-8.24
6.95
0.99
-12.81
-26.23
-0.48
-58.39
-9.42
50.69
27.17
-9.54
129.9
-16.27
-39.08
1.19
-1.79
81.5
12.82
8.87
-10.32
-20.32
77.47
35.95
-1.56
-0.78
-12.5
-9.17
24.47
27.5
57.24
-13.66
-9.13
1.67
19.87
-16.47
-8.57
9.44
7.05
-2.59
42.55
-6.07
43.04
6.39
-8.67
-2.23
4.65
-0.97
-4.94
20.59
62.49
-47.93
-2.48
-71
-30.07
-2.82
-0.93
2.34
7.67
75.23
-48.34
2.84
44.94
-109.18
46.71
-11.64
-44.06
-18.85
5.39
-12.48
54
-3.57
3.44
-3.18
2.12
195.38
39.96
-23.63
-13.58
34.21
16.58
-11.92
-62.18
8.52
10.27
-1.72
33.69
-1.71
-12.22
-13.65
33.13
139.09
-39.62
8.48
-106.15
-8.97
-284.53
14.27
-22.4
53.94
-101.88
-6.27
-15.21
-112.41
-11.89
6.67
30.53
-6.94
38.47
-11.33
-48.09
-54.75
-106.07
64.63
61.22
-10.92
-8.05
-38.19
-6.97
0.73
-58.64
-42.22
-16.52
-96.01
8.92
62.78
-4.48
-9.72
45.27
-14.83
-7.09
-1.08
1.26
-6.55
-114.73
20.79
-10.81
-37.65
20.69
21.17
21.75
-1.54
-2.08
-35.97
7.84
-6.14
-9.7
18.64
0.78
-7.51
49.3
16.16
4.1
-5.79
64.38
28.56
6.04
-9.53
-1.96
109.12
41.97
3.95
-9.27
6.29
-9.62
53.18
12.47
-5.03
-59.6
0.5
-13.99
4.06
-43.24
4.49
-22.19
2.55
10.72
-0.29
-65.08
6.5
10.98
-5.85
152.04
-5.87
11.18
-122.79
-64.26
11.36
-9.86
12.87
68.5
-0.6
9.71
7.62
-0.77
-11.59
4.36
18.26
-43.68
5.91
-5.33
0.13
64.2
1.52
-18.59
-4.47
-132.65
-33.48
126.87
3.22
4.14
-98.26
4.44
-16.79
0.7
-115.41
-4.4
-7.3
44.1
-11.64
-15.87
79.52
-43.6
-3.65
13.8
18.5
42.22
18.84
-44.37
40.88
2.81
-95.99
18.06
29.45
-10.25
10.91
84.95
-13.5
-14.11
4.56
-20.73
78.34
7.46
6.06
-102.84
44.3
7.32
-2.16
-11.3
59.97
-2.52
4.66
-68.44
-40.15
-4.1
-53.48
59.52
-41.57
2.17
-8.81
-18.36
-10.13
96.38
184.82
36.84
58.93
17.63
-16.75
-12.15
-8.25
-51.76
-39.2
-10.08
-55.16
-12.35
-127.25
-31.5
-26.49
-93.15
-23.72
4.03
19.19
-4.53
93.41
-9.27
2.05
-240.6
-52.62
18.59
0.91
-26.02
80.65
-10.22
2.77
-1.3
101.3
14.45
20.76
3.58
-59.93
12.57
-52.34
7.24
-109.32
-10.77
-23.55
-64.47
7.65
-106.76
-6.05
40.82
-7.09
8.54
10.95
21.59
29.47
8.3
-11.97
-4.59
-19.51
28.16
-39.98
-102.05
-13.52
5.21
-6.66
-17.22
50.56
-79.73
-2.57
8.35
-29.3
26.17
20.2
-3.17
68.22
16.45
-2.37
0.23
-36.23
-3.02
-99.9
-10.4
31.62
1.92
9.42
-4.79
-3.28
8.64
-0.85
-26.74
3.03
168.04
32.77
21.83
-88.38
0.97
-52.75
-11.1
-1.31
9.66
104.37
3.3
-28.11
15.67
100.67
9.29
63.41
27.31
40.72
76.11
-8.46
60.41
17.85
-1.57
6.67
-3.22
-78.01
-25.53
118.24
4.87
93.97
8.51
6.99
-1.61
-61.57
4.63
-438.08
7.01
55.69
12.06
-0.58
-6.81
-78.34
-33.1
1.58
-48.57
-34.22
-8.48
11.62
13.94
-0.61
-24.19
-6.95
110.7
40.18
-68.62
4.72
72.12
-45.7
-41.78
22.06
5.26
-63.48
77.33
-29.46
30.52
-33.98
-24.54
24.81
102.39
36.28
-72.51
128.62
-19.18
47.06
-13.91
13.22
-23.32
10.88
-26.21
18.1
12.12
9.16
11.05
-27.66
-52.84
-32.76
10.11
-56.1
-7.03
31.67
-56.71
108.36
-6.95
88.65
36.21
-93.1
11.78
33.22
-65.79
9.56
-9.44
-7.21
6.91
82.83
-49.05
-7.58
-22.62
129.94
23.88
-54.56
-24.68
7.88
-59.77
-48.48
4.51
4.78
6.95
-14.49
44.62
-71.98
0.17
-148.5
-19.72
25.31
-8.73
-14.17
-5.23
-37.62
-3.33
4.88
10.01
31.13
-23.78
-12.18
-7.24
-15.86
38.29
-85.62
4.55
-48.28
-190.93
-3.62
-3.1
9.09
8.41
19.88
36.26
40.37
1.84
-33.66
85.87
-1.65
-13.62
202.13
13.18
7.96
14.53
-24.03
-27.56
183.4
-1.94
68.86
-4.53
76.47
-6.95
-6.55
22.97
-142.37
21.68
-54.31
44.44
-39.11
28.8
8.39
-73.71
-13.43
-112.78
3.6
18.38
-23.49
0.6
-25.46
52.16
-17.22
-5.58
42.61
-55
-57.36
26.38
-26.58
0.63
10.39
39.2
72.5
52.85
0.19
55.04
6.2
8.81
-55.18
-20.26
-116.53
-30.59
-3.13
7.88
7.63
-57.05
81.23
2.74
29.76
-3.88
5.52
-32.26
29.5
80.43
3.51
-33.27
-65.82
-63.61
7.69
-15.23
-11.01
36.93
-111.07
-0.8
10.47
4.37
17.27
11.38
-2.52
-11.23
-4.01
-12.31
12.82
3.48
-7.63
-24.86
34.91
-42.38
18.83
-5.88
6.69
9.94
-88.81
2.19
-28.18
46.3
-3.91
-14.28
-34.22
-12.32
67.06
3.68
-8.26
32.68
-11.83
-13.65
3.15
-4.94
-65.39
18.21
6.89
1.09
-94.23
8.48
-10.57
-1.09
-1.21
1.08
5.66
-143.72
-48.03
-1.36
13.67
-52.97
-12.98
29.49
14.48
0.73
-13.85
-4.75
-19.23
-3.8
15.92
-11.99
3.21
-6.7
-8.51
-8.63
168.45
-15.19
-6.75
-47.64
7.97
-1.15
-18.54
-10.74
59.99
122.34
-58.66
3.31
10.08
6.74
-2.2
27.87
-23.38
-9.25
5.6
4.63
2.47
9.61
-6.66
2.36
-5.86
-4.89
-15.62
5.72
-10.93
88.24
3.84
-40.47
-11.04
37.67
-52.46
-53.51
72.15
-1.51
-40.51
-4.63
56.63
15.25
-31.55
4.36
67.56
2.85
122.58
-31.51
-48.39
-1.36
-74.9
-3.37
-31.01
37.35
-6.81
21.35
13.03
8.75
-14.02
54.39
11.67
8.08
-14.75
-8.17
162.63
4.59
22.87
-34.76
2.56
5.41
-41.75
36.48
-25.65
-2.74
2.88
-41.69
-7.56
-39.08
37.54
7.17
-7.68
-6.7
-54.53
24.84
-36.83
62.88
-45.22
2.81
24.69
0.37
40.83
64.92
47.87
27.4
-5.39
-5.03
-6.68
22.96
34.21
-4.03
-141.34
18.62
13.41
-6.25
23.76
-12.43
-68.66
