13.14
-15.74
46.25
9.51
-35.22
-0.12
67.29
38.25
-36.99
19.79
-11.17
-39.62
-4.72
-12.81
61.86
123.07
-95.7
35.34
65.17
-6.18
77.8
44.36
-6.58
43.66
6.58
13.19
-21.14
-5.57
16.98
-64.96
-0.13
8.17
4.91
12
3.33
7.58
-17.27
-3.13
-15.89
19.39
9.57
1.08
-81.85
-0.48
56.33
8.01
-58.99
12.22
-0.37
-15.31
10.49
1.95
2.62
9.6
-45.39
-9.74
-8.47
46.33
32.29
-11.51
6.54
3.44
-4.55
49.34
1.78
-6.79
26.05
-92.88
-48.62
-112.7
-11.32
4
13.29
-15.19
6.71
10.32
2.26
9.06
1.77
28.75
10.16
2.27
3.9
2.04
-1.3
-2.61
-8.06
-10.29
-7.25
12.38
58.06
-111.9
25.97
-3.04
-130.46
8.17
1.99
6.98
4.41
206.36
-8.98
14.42
-143.94
58.77
-1.42
82.66
30.46
-37.83
100.04
16.45
-12.47
-1.59
6.33
3.35
6.99
-11.79
-15.99
-12.09
-70.58
-378.77
-0.43
-56.84
-0.94
26.02
-5.45
-9.52
-10.47
5.66
-46.8
-111.32
-76.15
-121.17
14.82
-107.9
13.16
3.64
-10.34
-2.39
9.84
30.83
6.85
-4.01
-5.89
-33.08
-66.57
-5.47
7.77
-16.21
1.42
-2.18
10.2
26.31
-57.39
9.85
-30.62
-12.97
-17.46
-5.2
51.18
9.08
39.62
55.93
-3.36
-76.45
-93.59
-35.01
6.35
-27.24
0.84
-18.54
3.84
-5.44
3.66
-6.57
9.83
28.81
11.17
11.61
11.33
1.5
-20.48
-26.11
35.2
-22.41
1.37
-1.53
-10
48.71
-1.74
13.91
-52.32
11.54
7.68
-9.67
-20.94
10.52
87.26
-14.6
23.34
41.77
0.83
68.18
-0.43
71.91
101.6
-6.07
-13.14
-77.03
15.36
34.38
-8.64
-12.64
24.79
35.27
-9.29
1.38
-14.97
6.39
42.83
24.88
63.85
3.55
-44.36
-62.89
67.07
144.2
-101.26
82.48
9.39
54.99
39.77
11.48
67.27
-20.1
9.6
-3.28
-3.76
-127.04
103.6
57.83
94.4
-45.77
-39.32
-27.06
0.19
50.63
8.16
18.5
54.83
40.31
23.98
-10.86
-5.7
50.45
61.85
59.04
-1.08
26.08
11.69
80.29
-74.8
52.51
-32.6
-7.09
50.71
-10.43
5.88
-5.2
-9.01
8.92
21.25
-106.49
-10.3
14.84
14.09
112.56
60.76
19
15.21
40.75
82.12
-6.56
73.44
-11.92
81.81
-12.14
-119.55
11.72
46.34
-5.38
-80.97
29.21
-5.36
13.77
7.18
52.03
7.35
3.58
-52.45
-1.28
-38.75
-19.86
57.11
-82.42
5.64
5.27
-63.68
42.43
-28.63
16.28
-5.82
38.25
-67.21
24.32
-129.13
41.07
1.66
-30.5
-5.73
10.54
-12.83
-3.2
3.09
-41.6
2.22
13.28
10.73
8.44
-110.66
9.09
-13.31
-2.43
13.55
-96.35
-74.62
26.53
-10.37
11.02
183.49
-18.99
-12.25
-5.17
-11.55
35.17
-15.73
1.21
40.69
2.65
106.38
-18.86
73.89
11.16
-119.53
-23
-11.66
55.39
8.57
-60.74
-10.75
0.31
34.51
9.48
-21.14
-5.81
15.7
1.26
35.15
-11.04
2.94
163.54
-2.99
24.24
5.6
-53.77
-15.36
169.29
21.84
26.58
3.41
9.1
-6.74
32.11
-3.16
-6.09
11.3
6.36
-86.3
-8.22
-17.1
23.5
8.04
31.04
11.45
-28.07
-1.79
67.28
0.88
4.1
-9.26
7.36
-5.03
-26.72
41.19
4.42
59.2
0.01
-8.03
-110.1
-3.66
-7.85
-2.33
-41.98
-11.19
15.61
37.55
64.93
29.61
48.97
-6.72
-30.75
23.9
-1.82
0.45
-26.35
-79.51
-85.96
-9.98
-33.48
3.07
-6.81
27.96
-108.78
-40.61
19.4
-7.4
-424.43
-57.12
-5.17
8.57
135.38
-96.5
-12.28
-94.77
67.47
20.31
-8.79
9.06
-0.81
8.49
3.65
-1.04
10.66
-18.19
-45.47
-61.73
-10.74
13.25
9.54
11.71
-5.02
-6.28
-45.48
6.03
-3.24
0.32
-13.8
-140.86
1.42
12.57
-92.03
8.64
-61.22
17.61
-91.03
-50.26
-16.37
-10.1
-11.62
12.78
3.07
35.73
0.91
77.95
127.4
37.21
69.16
-4.41
106.98
2.59
8.34
163.97
26.91
27.7
2.1
11.69
-13.21
-55.22
-38.59
-3.34
-5.25
10.24
4.9
6.4
-10.23
5.8
9.14
-4.57
40.01
-9.36
-8.08
-10.25
-1.22
19.32
-12.32
45.11
-1.23
-5.91
54.53
-9.1
-8.03
29.7
50.46
2.62
12.14
-6.56
-2.91
3.23
67.16
-163.43
10.52
-30.27
-14.52
-92.99
42.62
186.29
-37.7
-17.38
-1.07
6.73
21.42
-16.32
-6.74
6.87
-2.12
-6.69
-36.62
3.25
8.43
-34.02
10.94
-22.13
-7.88
45.45
-5.36
-25.7
28.21
-0.36
-66.6
-57.71
18.28
80.46
-50.72
13.67
-9.44
95.97
-61.78
-0.05
34.39
-10.71
-5.75
-21.54
-1.88
-49.95
-19.81
4.89
-11.92
-6.78
-86.49
-33.36
-130.03
15.13
-0.84
-5.48
56.95
61.09
-3.88
-105.05
-12.28
9.91
-45.14
-167.36
-20.76
-126.87
-20.36
0.43
4.51
-23.16
3.54
-16
-51.7
-42.3
-0.95
11.98
-174.3
38.1
112.17
54.24
-1.46
-69.72
16.98
-80.2
53.91
-17.82
-23.49
114.78
2.05
37.25
-3.58
5.78
12.59
15.43
4.96
-48.94
1.55
43.39
-19.26
13.64
-11.1
137.05
30
-2.02
24.23
24.85
18.22
55.7
0.72
21.26
63.18
7.19
-5.28
-6.16
-85.5
7.15
29.02
-4.81
32.7
26.83
42.78
-166.5
51.46
-39.09
33.97
26.77
-58.78
10.06
-127.23
-5.3
6.79
12.47
39.33
64.85
21.36
-27.12
84.27
5.37
-3.1
6.39
23.19
11.41
35.9
16.37
-42.73
35.14
-63.52
2.03
-245.02
-110.55
9.21
9.85
-56.4
-14.5
-63.87
-14.14
-15.18
-23.62
-74.88
-24.12
5.98
12.83
3.31
-6.85
-35.89
3.99
-57.91
-38.52
-7.94
-6.62
15.22
42.83
-34.95
45.41
2.49
4.88
13.32
8.22
-13.86
54.95
45.11
-4.39
234.31
12.66
8.91
59.14
11.95
70.41
-31
-10.48
8.17
-52.16
-95.58
-200.44
-0.12
84.66
-92.36
-6.05
-65.8
-72.56
44.4
-9.29
-31.63
23.54
30.83
-9.01
12.79
-84.88
5.35
3.9
-22.03
49.78
-7.73
8.03
-5.15
-83.97
-0.93
0.81
45.62
7.71
-170.46
-41.84
-128.6
4.92
27.55
-20.49
-38.32
10.5
3.94
-2.41
150.54
14.84
17.03
4.98
6.76
26
8.33
4.65
-9.12
36.28
-9.16
59.66
-35.74
-12.46
124.26
36.52
1.49
-5.16
-14.21
-32.68
6.7
61.26
4.22
-57.57
37.09
10.82
-9.34
19.11
-138.96
-2.99
79.93
47.42
5.78
-10.95
26.19
35.14
-41.32
0.52
-12.6
-2.45
-59.5
-33.79
-1.72
-8.98
66.22
35.34
-12.7
54.99
-7.23
44.31
11.92
-13.97
10.18
39.59
-0.18
2.3
-33.61
4.73
-45.36
28.83
24.22
-7.42
-1.52
10.5
-103.23
-28.41
4.56
23.8
31.79
-14.75
33.46
22.36
83.23
-38.29
21.39
-12.15
16.46
6.62
54.97
-3.45
-6.07
3.63
-10.19
3.85
-51.25
2.75
68.19
71.43
-10.6
156.13
8.87
-11.12
-56.26
-140.69
-52.74
-44.47
-9.65
-3.89
35.95
26.04
13.2
-70.61
-36.03
-163.55
-4.04
25.94
11.24
26.18
-52.94
-12.96
-108.99
3.68
4.1
-7.59
-31.4
79.14
-17.13
-12.81
47.02
7.64
-19.28
18.42
-57.32
-61.64
-3.75
4.36
10.9
2.92
2.63
-30.39
30.32
-123.14
16.98
-49.82
6.39
6.37
119.36
-4.34
6.88
-47.56
-43.75
75.31
-46.8
-47.64
18.05
-9.87
58.49
-12.34
8.65
-0.04
20.91
1.13
-9.99
15.67
-21.27
-213.92
36.51
-37.28
-2.1
-16.2
11.28
54.08
-83.43
49.81
48.21
25.79
13.55
178.75
-4.99
40.2
19.32
66.3
5.16
84.33
-11.41
17.38
28.86
27
-3.02
-20.11
64.43
10.84
-8.15
-10.26
59.8
-8.98
-3.01
23.54
-7.78
36.28
25.28
-6.34
10.26
-10.52
5.26
34.73
-10.74
48.51
48.34
10.23
-24.31
12.97
6.37
-50.1
36.12
-3.09
-5.31
101
10.14
9.2
7.18
-39.57
-7
4.2
71.54
-1.59
8.05
-35.82
-7.4
41.96
-8.75
0.62
-35.66
-50.02
-21.15
3.99
-64.14
-19.54
-20.79
42.45
-13.15
-27.76
-13.66
-207.17
24.39
4.29
27.7
-132.01
26.71
-82.14
53.24
-32.7
-12.46
-11.68
22.29
63.42
-1.2
-12.21
17.76
16.09
13.74
14.84
21.92
0.63
-5.43
11.82
42.16
47.97
-39.11
-40.74
-73.58
-2.31
1.17
14.73
-11.26
-10.51
34.21
