33.64
13.28
15.46
9.84
-4.89
-2.7
19.5
11.65
-9.68
55.76
24.53
-119.79
40.13
-7.38
-1.18
84.43
7.5
-2.25
9.12
9.73
-8.06
17.53
-127.15
47.21
-82.31
-19.94
29.28
-45.23
-5.47
-3.6
52.56
31.46
-14.25
-8.05
-16.85
-94.28
13.79
-18.91
-52.47
43.6
-23.6
-76.13
-92.18
7.59
72.77
10.1
11.33
-25.08
69.91
45.88
-29.22
-14.97
48.41
7.93
-0.28
8.07
10.59
16.18
22.64
-1.04
-62.29
-37.26
9.86
34.2
-60.02
2.77
28.34
-7.28
36.19
-46.54
-4.87
-1.76
-0.95
-8.15
7.56
39.79
3.09
4.03
-4.5
4.4
7.99
12.87
6.62
-5.16
50.59
10.97
11.98
-5.59
-11.22
0.22
20.2
11.46
-10.28
28.74
-7.79
7.55
1.19
-25.4
-7.19
22.73
8.08
30.4
10.59
-11.39
-41.48
-9.73
-40.77
1.45
30.5
-50.73
-12.27
-1.68
12.22
1.28
4.54
9.04
36.54
-94.27
4.02
8.31
-12.97
20.23
25.6
6.56
-82.32
-51.73
-43.6
27.32
-3.11
129.83
29.54
-53.77
5.53
-4.98
2.28
-15.38
52.37
23.33
-29.29
-25.65
-30.43
0.13
18.02
52.64
20.11
-59.28
-68.92
-64.26
-17.57
-12.19
11.2
-8.68
-20.87
-8.25
-40.69
118.88
160.72
4.29
-40.47
8.46
-42.88
-4.69
53.38
4.15
126.83
-7.11
48.75
-9.91
-1.6
-2.9
3.57
-50.98
70.6
22.07
17.52
-12.67
-9.84
5.08
-8.21
-125.27
-6.43
-45.7
-4.77
-7.38
30.34
-61.35
10.07
-6.18
37.26
-4.92
3.42
-11.52
2.82
2.75
-2.83
40.47
36.52
7.89
-5.94
-8.55
-90.16
138.7
-3.15
-304.86
46.58
0.13
-37.34
8.68
34.15
58.28
-6.54
59.35
3.32
6.71
-107.17
11.2
1.95
-33.29
-12.62
5.91
-16.6
-42.31
-72.87
-75.84
-22.65
-14.47
56.11
10.42
73.2
-12.17
-13.05
25.99
16.77
34.63
3.37
-13.57
13.68
-10.94
22.8
29.75
4.58
2.83
0.59
-83.23
-7.09
-22.94
9.3
4.14
9.85
-58.51
-40.45
22.6
186.37
-6.56
-192.29
-14.51
23.43
5.44
-10.76
52.91
-17.83
-1.39
-2.95
145.48
-116.35
8.75
49.22
-9.92
48.44
-0.23
4.11
-5
30.06
2.77
86.97
47.99
143.99
-22.24
9.37
-19.18
56.13
-6.16
44.49
134.88
-42.19
1.83
99.8
77.68
-86.07
10.64
-58.38
-7.25
85.71
-15.35
-3.18
116.26
-5.46
6.96
9.98
110.13
-55.29
-138
-77.65
-40.27
-10.35
1.66
-68.28
-22.22
17.83
26.76
-116.08
-6.34
21.59
-22.77
20.8
15.34
-57.35
-31.25
29.97
-6.26
2.86
78.03
-50.54
3.98
-14.66
-13.64
10.02
4.58
3.74
42.21
-32.46
12.87
8.87
6.31
8.77
12.93
-29.07
-57.41
15.59
-161.39
4
-6.46
-100.9
-51.61
-12.46
69.71
-17.33
46.28
18.69
-11.67
10.68
-96.25
11.14
2.56
-1.62
47.14
-3.67
19.15
92.2
34.98
11.16
43.92
-6.89
11.05
32.84
-110.79
11.48
3.38
-321.92
-11.91
-11.05
-9.47
25.02
-5.82
24.26
-26.11
-88.95
-0.19
117.02
1.63
75.57
-131.34
-7.8
-3.73
-49.39
2.5
3.38
30.43
64.99
-1.96
5.07
4.01
-65.14
-134.26
1.29
53.74
3.11
-5.81
-16.53
10.25
-75.58
11.68
-27.26
2.84
-9.68
-20.65
10.71
-20.61
16.97
-1.52
37.63
-27.29
-17.53
-41.35
21.23
-12.38
15.98
50.77
40.89
41.16
7.92
-54.23
-0.64
-25.92
4.11
7.91
-37.06
74.82
8.82
96.01
-14.51
-11.05
60.2
-31.16
-16.47
6.4
-9.35
15.25
-25.85
-17.08
4.66
7.27
5.41
-4
3.07
-64.08
-6.14
97.72
3.07
10.4
88.67
-14.62
6.77
-158.56
-1.92
38.63
-104.38
13.31
-11.9
33.87
14.21
-9.21
-33.39
4.88
-66.22
11.17
6.88
42.66
7.98
-3.64
-2.09
46.1
9.89
-76.71
-10.65
53.95
-47.77
-12.66
-57.15
-17.64
-13.05
13.92
-32.07
42.45
27.73
44.31
-91.31
-49.48
59.19
16.16
4.36
-5.28
53.98
10.02
4.15
2.75
4.41
1
-112.57
109.04
29.6
-11.17
-10.48
17.78
-12.59
-73.7
-2.68
-63.95
-56.41
-16.67
-18.3
24.1
-36.92
42.34
77.02
21.49
95.4
3.5
-8.43
-133.91
17.02
22.03
44.87
10.5
12.77
-55.23
-156.6
105.06
73.17
99.44
-1.04
0.66
88.44
32.77
20.63
129.54
-17.11
-7.19
-86.58
-121.6
0.64
-18.49
136.64
12.49
-87.61
22.67
1.57
41.97
-12.2
-28.44
-33.74
5.03
-0.33
5.45
61.64
-7.33
-2.66
12.63
9.39
98.6
11.59
83.67
1.92
-4.19
-8.96
45.8
3.99
-12.58
21.64
-8.38
178.25
274.87
-54.96
-20.46
57.86
-94.01
-24.25
-153.64
22.49
-16.27
-46.07
-21.22
112.23
-20.48
-27.01
-42.49
8.28
96.73
4.06
-6.26
8.87
-47.15
-44.24
-34.62
14.1
-43.75
2.39
7.6
-8.96
11.16
144.97
28.33
-1.84
100.27
-129.14
116.44
-2.61
13.02
8.08
-12.04
-10.02
16.72
2.82
13.03
157.89
81.5
10.41
2.46
-69.59
11.28
46.15
-64.53
-1.58
-63.18
-14.1
8.39
-129.86
66.27
0.14
13.99
34.93
9.45
4.24
-7.11
2.66
46.21
-8.26
-17.87
12.14
-101.93
-30.47
0.68
-62.84
-14.04
-11.87
-65.73
34.05
38.04
32.93
-1.18
-140.39
6.56
75.56
-11.39
35.64
17.19
-76.76
6.18
-195.79
-2.68
-43.61
21.22
-17.51
10.53
94.54
86.49
-8.58
-4.4
-8.16
6.09
-10.1
61.29
-14.95
-38.23
-22.55
-7.19
10.4
-7.33
10.66
34.06
-45.77
6.08
-9.47
3.69
19.71
17.17
-14.09
62.08
27.29
-8.58
-35.51
-172.13
44.54
-105.35
-67.44
-6.23
2.99
14.56
-4.26
47.88
17.16
1.59
-87.78
-31.38
12.92
-27.6
-1.03
110.45
-8.1
9.19
-26.91
3.55
21.4
-64.59
7.54
8.6
-75.31
-0.31
-10.55
98.51
-38.11
3.47
17.97
-7.09
-135.89
-0.09
-127.8
9.06
73.8
-32.86
7.98
30.44
-70.77
-109.01
10.13
0.23
-20.85
-9.22
27.08
-47.69
1.03
-20.9
-10.57
5.45
10.18
-134.12
-15.06
8.46
-2.75
-5.11
-11.28
-102.82
11.76
-10.12
-73.35
43.9
-7.48
30.45
-2.35
-10.57
1.06
-27.91
3.36
169.05
5.21
14.46
-15.61
-10.5
-81.67
15.42
19.4
25.96
-32.4
-22.73
4.65
-47.8
-7.79
-78.53
32.55
-3.78
4.56
8.31
-4.7
-11.82
16.44
3.82
-2.55
-32.61
-11.72
1.13
14.02
-2.49
-20.64
0.47
16.1
2.58
-88.46
20.9
234.06
9.38
-0.64
-4.98
-45.64
-10.34
-80.7
-5.61
-6.42
-10.18
2.16
13.82
22.11
-8.06
-163.97
250.84
59.6
38.02
10.4
-0.26
23
-5.98
-12.27
-9.65
-64.53
16.07
22.31
-15.83
11.86
15.02
-14.59
-90.26
-14.67
22.08
-52.79
11.24
9.54
26.8
10.27
-6.09
77.48
61.02
9.27
7.21
56.19
9.78
35.21
-20.68
49.42
-21.66
32.78
-70.97
38.97
-10.23
-76.14
0.01
-25.35
9.65
-3.34
7.97
170.63
-9.36
-9.14
7.22
-3.6
-3.74
-18.93
-53.38
103.6
12.43
-18
92.45
6.05
-0.84
-5.55
-287.49
-5.94
13.28
-10.07
6.37
73.69
38.83
-5.3
-66.8
-162.86
3.74
38.08
137.44
6.81
-16.8
-67.71
-12.77
2.59
-3.9
-5.43
-7.32
-6.84
69.01
24.31
17.05
45.97
2.91
30.08
2.44
-0.97
16.77
-23.72
6.86
-16.44
1.12
-23.74
4.33
7.63
-82.27
-8.71
50.58
26.36
-14.08
7.18
-33.73
-2.81
-21.13
33.8
-67.41
-49.49
56.72
-13.33
-216.19
-8.3
16.33
44.66
-9.81
47.49
-76.63
33.6
-14.4
22.13
-18.99
-10.54
99.89
-1.64
-16.02
21.61
-84.15
-7.83
6.83
-30.51
-43.04
-15.98
-16.59
-44.03
5.16
-0.96
-11.17
-37.84
-61.65
-91.5
3.05
10.34
-11.69
-73.54
37.16
55.44
0.21
43.43
-39.51
5.18
-35.02
0.21
3.04
2.79
-7.73
-16.37
50.54
-40.19
-108.53
-12.12
-52.44
-7.5
-38.71
-11.38
28.48
29.22
17.73
60.05
14.26
-40.39
-93.92
-62.42
-29.63
-142.33
8.67
-12.02
2.37
-2.88
-28.08
32.95
14.83
-10.9
24.47
7.62
11.34
-14.5
16.82
-0.58
13.32
-2.14
16.1
70.18
-76.94
8.87
-52.04
62.86
40.3
-16.98
-119.96
80.01
0.26
-2.82
-13.16
-8.74
-10.12
10.53
137.83
35.28
-23.67
