-31.14
-25
6.48
-51.85
-2.48
11.45
28.11
-18.2
-45.89
38.33
10.61
-53.39
-0.85
25.93
92.96
-6.13
2.97
-5.11
-20.49
51.64
14.23
-11.07
-86.7
50.36
-8.81
-80.27
-94.75
48.37
3.62
-1.66
7.14
-32.38
1.67
-6.97
-57.55
-16.18
-230.22
-65.73
79
-47.84
7.83
-12.06
1.84
-2.1
-11.72
71.4
-11.34
12.12
148.73
7.12
6.04
4.46
-46.22
14.16
23.87
9.56
-0.23
-75.56
6.1
-33.29
-5.15
49.42
-50.99
-54.28
25.36
16.13
-24.32
23.9
17.9
-1.69
61.13
37.02
38.24
1.18
-18.01
-38.69
18.98
19.32
-19.65
-76.87
12.16
-109.04
10.6
7.68
15.34
-10.4
-47.48
-15.97
26.48
-268.01
-71.23
11.66
9.13
-12.55
-19.43
51.4
-20.13
-80.23
48.66
15.85
11.57
-44.6
0.1
6.14
3.89
-6.15
-23.38
-16.8
53.03
9.84
9.79
10.11
11.65
54.02
-1.97
29.05
-3.02
-12.74
-68.94
1.32
5.08
41.94
-8.16
0
8.28
-43.93
-6.64
-3.54
-3.97
62.93
-89.82
2.71
-44.31
-1.45
-7.87
1.29
-2.21
-7.14
7.91
11.21
-6.48
-73.76
-4.73
-17.87
-3.22
10.88
14.67
14.13
9.81
2.5
-6.44
67.69
1.81
-4.05
47.53
91.34
-51.05
-7.83
93.29
-6.96
-16.7
12.73
-11.15
-26.73
-16.31
-14.55
25.61
0.11
77.29
1.95
7.72
-51.04
37.86
-54.41
-0.08
3.28
-10.86
27.54
11.6
-12.06
55.05
-7.8
66.18
22.14
-28.41
183.57
29.8
-19.52
-62.86
8.47
25.13
-62.5
-1.06
25.86
0.47
-10.96
37.32
14.67
19.46
-0.21
3.13
-3.09
2.56
3.11
144.02
1.74
-63.23
0.69
8.31
7.5
74.36
38.75
40.55
5.37
8.4
-7.07
-4.13
-2.75
3.03
31.72
18.98
-153.67
-86.44
125.15
-0.85
9.36
-18.68
-59.2
-8.05
-37.14
24.21
-7.04
-98.65
-13.36
-41.22
155.68
-0.31
-114.49
-6.15
9.99
-16.68
-12.48
20.63
-82.26
16.47
-70.66
-5.08
43.04
5.52
-39.39
-50.34
8.06
-10.17
-4.84
-6.11
-4.22
-12.7
-59.41
-14.06
65.14
78.93
40.37
4.64
-6.13
-212.09
27.57
-54.83
7.6
-21.22
9.68
-34.17
8.96
12.64
32.99
-70.71
20.7
5.66
-7.42
22.46
-28.5
-29.13
-13.32
-0.93
7.55
1.6
15.34
1.97
8.96
32.76
75.86
4.6
-213.76
42.58
-9.06
3.81
-19.44
8.66
-59.38
17.95
-9.65
-146.95
-36.53
-29.01
-22.23
3.23
79.47
0.96
43.04
-19.03
8.49
-12.81
45.99
-18.33
-14.97
-4.07
-14.28
4.62
-13.27
-97.78
4.91
27.43
48.92
6.78
-10.93
-34.91
-148.97
2.32
19.95
15.82
28.18
-13.33
-47.19
-12.66
14.4
-16.94
52.03
-51.61
26.66
14.01
6.65
-5.76
9.03
21.65
2.32
15.23
-110.95
49.58
-106.03
-29.62
27.56
4.5
31.72
4.29
5.48
6.82
14.78
29.1
111.95
-116.63
-11.28
17.71
16.76
1.56
50.47
-25.01
-6.35
-47.84
-45.06
38.24
10.18
2.05
-78.07
-33.54
-6.5
-46.42
-41.27
-41.73
62.21
94.87
164.18
110.01
11.85
16.84
-4.45
5.32
-7.65
14.49
-5.6
60.34
-48.54
-7.05
204.49
-3.66
7.38
-42.04
-98.35
15.53
169.34
126.82
-11
-49.24
25.13
8.94
-46.05
10.34
-41.4
3.56
5.19
40.09
-83.7
-14.28
-0.6
-1.82
17.41
13.44
-9.86
43.44
3.99
50.33
-75.17
66.9
-3.17
-25.22
44.9
-9.66
4.52
-18.08
0.93
-3.63
-15.02
29.7
19.88
-8.57
23.01
10.63
-5.95
-2.61
-57.55
-54.3
-16.81
-19.64
3.64
-31.81
41.69
63.2
43.76
7.26
-40.08
17.43
-16.6
-3.31
11.75
-56.59
-1.75
132.59
5.77
-24.24
-16.65
30.94
19.29
-142.88
15.43
-15.59
3.76
-9.08
-623.72
-134.97
-0.06
-4.62
35.12
11.54
-0.33
-6.72
-5.76
-2.86
92.78
7.68
-6.87
7.72
13.32
-12.57
-37.11
-1.66
-7.96
249.25
1.36
-18.41
-11.66
-8.78
39.26
-2.11
8.92
-5.21
4.93
9.88
-166.14
-5.04
20.7
7.96
6.08
-11.34
46.11
14.87
63.96
13.3
25.13
-10.54
41.15
-54.05
34.68
30.4
10.34
74.65
-35.07
-45.74
82.41
-7.76
21.99
-37.53
-72.64
14.79
23.93
-0.45
-50.66
-4.22
115.18
-3.43
-15.49
-5.28
1.37
-41.84
42.47
-111.06
-25.85
-1.27
62.59
137.67
79.54
46.41
41.67
16.21
-53.38
-33.26
-4.43
56.38
-27.68
28.53
-0.33
-53.14
-15.65
10.21
-4.02
-2.84
10.86
-37.83
-13.98
-3.95
-43.32
44.61
9.44
-10.53
23.16
108.5
8.07
-2.24
14.63
-14.62
-18.76
11.8
3
56.2
-15.43
-18.72
5.23
-8.19
-9.29
95.77
-14.46
-57.73
-8.07
51.68
-5.55
7.69
-11.74
-37.7
25.41
36.16
-46.56
10.01
-54.26
-32.27
-41.97
10.23
-26.7
81.03
61.33
69.38
-15.41
17.59
-20.65
50.33
76.19
75.84
-5.47
-68.48
3.68
-43.66
1.08
78.4
-7.99
78.79
25.98
-38.63
-17.17
-19.83
-1.72
94.53
85.22
-38.82
91.04
-34.96
93.71
14.84
35.33
3.26
5.32
35.38
-11.32
-174.78
-43.09
-47.88
-95.09
28.49
-234.28
0.86
13.89
134.12
-76.48
7.33
-1.42
-47.73
0.49
-3.23
12.59
-58.96
-16.58
-15.81
-6.16
16.36
-10.38
-63.51
16.59
-110.8
29.33
9.65
-19.06
16.8
82.47
59.66
-17.06
-39.02
-11.97
48.18
47.33
-10.7
11.28
54.84
130.36
89.88
-76.08
-57.55
53.98
-8.71
7.06
-236.54
10.67
-5.71
0.28
65.14
-33.13
-6.84
5.33
12.2
1
8
-48.89
29.09
-8.5
-37.03
19.54
20.02
-7.54
61.49
5.76
48.1
20.39
-7.01
-6.28
23.48
8.53
-5.66
-7.29
-8.83
-18.33
8.49
0.92
-2.57
-110.38
-20.41
-5.63
-5.23
-6.22
21.35
-14.86
-5.01
-12.27
14.19
-4.75
-51.98
-10.36
-108.09
-18.33
-92.61
-6.62
20.97
11.27
-42.28
2.84
-2.87
-75.48
59.51
-25.68
15.19
18.81
81.95
12.2
6.38
-20.77
-3.27
219.23
-7.28
5.91
52.45
-11.12
-8.96
12.28
35.35
-102.17
-1.14
9.61
-14.81
31.8
67.76
80.7
69.84
-13.4
42.66
-2.55
131.07
-14.51
-10.58
8.69
33.29
18.09
45.77
-3.89
4.06
-57.82
18.06
17.47
8.14
-0.35
-46.09
-35.05
-30.55
-3.46
-1.79
7.66
-24.61
-7.65
13.99
7
-1.42
-9.93
-24.89
-9.02
-11.51
2.62
4.51
33.76
30.43
50.62
2.86
41.22
-10.17
4.9
-38.77
0.26
-6.75
-43.87
-8.08
-4.87
-5.99
15.38
-4.64
5.93
-29.31
87.27
11.62
-27.59
7.11
5.19
49.73
106.53
-230.13
-27.12
-7.07
-42.2
9.02
-0.78
-41.58
-84.65
21.68
7.48
-89.52
3.21
13.88
-152.43
-12.09
-7.6
-26.05
16.59
7.46
2.87
97.41
-3.42
69.32
35.22
-2.69
33.92
9.42
-69.98
6.43
1.76
-10.15
8.07
-176.39
-2.07
-125.44
14.23
7.61
17.51
-30.42
4.97
39.72
-31.09
-45.58
-10.79
35.4
-36.87
-11.65
8.75
0.86
-4.15
-41.96
118.3
12.49
-12.25
1.12
-24.16
1.46
-5.83
-7.25
12.15
45.41
14.83
-3.24
-12.93
-13.48
55.51
18.66
-2.54
-48.99
-16.3
-6.2
-0.68
4.26
-18.02
-13.96
2.88
2.57
-47.57
-2.35
26.66
49.23
2.98
-18.32
-36.35
-17.32
13.53
22.41
-7.04
3.2
-81.19
-9.74
7.47
-19.23
-3.41
-3.76
-11.04
-137.62
-52.37
-50.17
38.69
-60.02
-0.61
-75.95
19.11
20.21
-0.01
186.04
-149.13
-93.09
32.56
9.57
19.85
36.44
-7.42
74.23
-5.37
-2.57
4.5
27.07
29.33
11.72
-11.07
21.35
15.14
4.3
-6.45
-36.41
-86.32
37.12
-6.62
-80.37
-30.66
-127.22
29.52
-2.06
0.53
-10.05
22.2
54.42
68.87
-13.92
13.12
14.06
-10.12
-7.04
7.71
-163.46
-4.46
14.38
-2.95
-57.8
-8.54
-24.43
7.19
-41.59
-8.08
-1.15
-2.2
4.11
-6.32
-30.95
-53.75
-79.23
-72.15
-50.54
3.45
17.8
-52.08
8.91
-46.63
8.63
-33.26
-54.92
-141.41
4.7
-19.89
-125.09
-8.46
-68.62
-30.64
4.04
-50.54
4.49
60.98
-12.5
18.72
-14.36
8.05
-11.2
-5.22
88.35
-10.43
-1.38
96.45
-3.08
-8.86
17.9
6.44
65.68
-2.04
-11.23
-44.67
45.18
-101.76
-85.93
0.86
-52.56
-6.2
-2.65
90.63
