8.38
-48.74
37.27
1.41
-15.69
-106.03
24.24
48.88
16.8
-17.83
7.94
-42.6
-7.35
2.65
11.27
18.99
11.69
8.19
18.7
5.36
-3.19
14.46
66.94
8.92
-46.45
-10.58
14.2
-15.32
-3.06
52.14
5.1
136.22
4.63
4.06
5.12
129.66
2.73
76.25
6.93
-45.96
-115.55
4.46
85.74
49.86
-144.16
14.73
-60.37
-29.66
-9.97
-2.78
-0.1
-49.17
-72.97
52.65
-41.14
7
34.84
-25.3
3.52
0.69
-54.07
5.78
11.45
8.31
-45.69
6.84
-8.14
7.51
29.35
-8.48
16.77
0.32
-23.04
-1.88
3.9
12.16
-14.2
37.08
-30.26
51.93
43.55
25.5
-7.21
-56.84
0.68
-10.77
13.14
-7.81
-60.59
-24.86
-93.56
19.56
-2.16
21.03
-3.48
73.4
6.11
-33.16
22.79
27.64
1.09
-1.8
173.01
16.76
-6.57
-11.2
26.5
16.96
-13.84
74.73
-71.45
40.9
8.96
-21.53
121.93
-15.54
-87.05
26.13
26.5
-138.61
17.15
7.77
8.07
-4.59
9.09
3.16
75.71
3.25
-75.05
4.13
-24.45
11.5
8.85
2.75
-14.46
5.32
-13.84
2.85
60.86
-28.19
-7.45
-21.2
11.4
69.65
19.07
-3.48
5.49
-8.24
-27.57
57.32
3.74
-83.59
2.94
103.64
4.47
11.02
5.92
90.67
52.63
8.44
97.04
-9.68
-9.27
10.58
-1.71
18.18
-36.83
20.37
-39.97
16.61
-8.88
65.29
0.65
-90.38
-12.26
-10.66
8.6
5.81
9.8
32.37
-11.44
4
-379.66
9.91
-21.41
1.36
70.02
65.67
-66.83
19.08
-154.51
31.07
-0.38
8.81
-155.28
0.26
-20.64
3.22
55.24
56.15
3.91
-7.48
52.84
1.17
62.86
-9.77
-1.84
153.45
112.71
0.76
13.36
48.69
-4.55
-5.57
-30.68
-19.89
-1.55
105.12
41.92
19.42
-2.48
-24.97
-14.1
-37.09
81.69
24.78
-10.31
-3.88
-29.92
5.57
40.75
37.32
-5.51
-18.33
10.02
23.6
7.13
65.65
-65.68
-5.73
-25.89
18.07
-12.38
-8.91
35.54
-8.76
-6.5
-47.33
-7.56
-9.04
11.37
-7.86
-84.94
-2
-17.42
-6.24
-65.47
8.6
32.27
48.32
87.16
-8.9
37.65
12.2
-3.71
24.57
-71.93
-9.57
76.98
53.94
41.92
15.43
1.87
1.38
-33.74
-6.45
-2.25
-0.88
-34.17
10.92
-42.75
-36.68
-12.64
4.35
-76.96
9.12
-9.41
111.89
42.89
-8.85
132.47
17.78
-7.2
-11.08
-79.82
78.4
-16.28
6.35
-6.11
9.74
-10.41
-4.07
2.76
40.04
-18.21
8.61
-17.44
-9.65
-9.35
-5.92
9.75
4.32
-11.29
3.24
-5.37
38.44
2.91
-37.43
104.27
10.07
-5.33
42.85
6.35
33.61
-47.22
21.55
25.02
-30.52
3.43
-92.01
-1.31
-11.58
-0.5
62.22
23.66
21.38
-1.54
-27.42
11.26
9.35
-7.32
-1.6
82.84
7.02
-8.89
30.46
-29.08
110.27
-9.04
79.51
15.01
-4.36
61.52
-7.99
23.37
2.21
4.71
65.42
-88.05
19.2
-22.86
42.31
-12.3
-35
-58.13
39.65
-59.82
-27.59
-47.79
-5.63
25.67
10.8
35.69
-84.6
-10.02
44.16
139.86
96.31
5.05
29.84
30.75
9.75
131.04
-47.52
-13.02
-59.14
30.75
43.11
0.62
-70.8
-19.24
3.28
17.88
54.24
37.56
-7.59
-52.6
5.52
122.5
55
-37.04
-35.19
7.82
-152.07
-4.81
0.03
-22.13
58.02
10.8
48.57
16.17
11.31
-10.67
45.88
-34.31
-190.15
35.05
-46.02
-15
49.13
-38.71
-93.26
-116.66
12.52
-17.27
23.86
-103.19
4.55
5.54
-6.93
18.68
-8.64
-19.33
6.31
-9.46
8.84
-4.53
6.8
28.82
-45.05
6.62
-41.79
11.68
-3.23
21.99
-69.74
128.33
1.93
11.8
-22.66
10
10.9
29.82
4.96
-6.77
8.18
24.58
-4.53
-89.64
-18.81
4.58
7.08
-10.31
8.6
49.54
-8.99
-50.23
30.11
66.92
-7.2
-9.52
-0.66
38.17
80.48
-8.75
-49.74
-35.26
71.67
-76.27
-15.32
5.72
-17.31
-2.14
-222.1
31.28
1.14
4.53
-18.23
-34.77
-133.31
-73.28
-22.89
-3.52
89.16
116.79
54.7
-60.25
7.21
16.51
53.35
-2.41
38.73
21.48
-44.34
0.7
6.6
91.37
10.84
-5.46
-8.35
-3.84
-127.52
-139.85
-12.78
17.09
11.47
60.87
22.29
-68.27
-12.04
175.16
-11.88
6.31
25.85
-16.76
-74.34
-9.7
-9.55
-46.19
-83.73
-3.24
4.71
-23.69
-9.81
-12.84
3.91
13.55
-6.75
-75.48
-89.51
22.18
-46.46
-6.04
80.61
-13.42
106.67
-37.24
15.82
59.74
-4.45
-46.69
-4
-86.89
5.09
-151.14
5.03
-53.31
-81.92
-3.47
14.02
6.33
-64.65
-8.42
-12.26
-11.44
4.89
-72.38
16.57
49.09
-7.21
-10.25
-16.74
-14.4
11.12
5.83
-25.15
48.62
34.2
-0.28
15.1
-114.25
-20.91
-8.44
-5.44
-6.47
57.32
8.29
62.79
-10.79
116.39
-7.87
-5.61
-33.3
4.35
14.36
56.41
17.06
-20.81
64.93
-0.01
-29.61
4.87
12.38
15.21
4.94
29.36
4.94
-27.34
-8.18
0.95
-23.53
6.26
5.21
-213.27
7.89
1.5
-9.85
1.74
-8.39
1.59
39.3
-2.39
56.26
-12.38
-125.66
10.31
1.91
-23.76
-34.95
122.39
8.8
49.5
-6.59
-19.24
6.65
43.14
30.2
37.9
23.04
56.52
53.14
1.08
-11.42
-10.98
8.44
44.48
-66.57
11.2
-144.38
-28.53
18.74
13.02
-1.17
26.23
-2.89
-26.75
-4.88
-9.67
-5.09
101.9
0.38
54.95
-54.37
-177.32
35.27
-100.23
0.78
-2.4
8.53
-7.32
-12.1
24.22
-10.11
10.26
4.43
-15.9
25.62
8.1
9.83
-1.15
61.01
19.62
-11.03
-11.08
0.13
12.88
76.25
-85.97
59.06
-2.03
-144.31
0.95
103.02
14.92
-137.25
-104.56
-29.59
109.29
46.22
-29.53
-7.51
-4.59
-10.35
-23.29
16.91
-0.37
3.16
-2.33
15.69
-9.6
43.18
115
79.03
27.07
3.01
30.88
5.53
-1.55
4.19
-14.8
13.12
0.01
84.13
-50.54
-7.11
33.2
33.4
-7.22
21.48
-17.72
3.96
42.12
-3.55
10.4
-0.06
79.79
-62.72
-37.83
145.91
-6.6
27.51
-7.76
13.95
149.82
-23.87
4.7
-20.55
-9.88
10.5
33.39
-101.88
-6.74
7.38
-72.96
42.95
-12.37
-6.17
3.06
-2.96
-48.87
-2.63
6.6
66.38
11.96
27.65
-1.77
-32.52
-77.21
-25.94
-55.98
-6.99
8.14
-129.76
-121.02
37.53
33.36
50.22
-21.04
-12.27
-122.51
5.44
-104.03
10.66
11.28
12.1
-19.79
5.15
-14.51
3.51
35.26
-13.17
-4.05
-38.69
78.93
88.73
-3.9
-11.77
18.44
28.86
-56.98
103.06
26.86
-44.89
-4.69
9.52
-77.34
35.94
-18.84
-5.74
75.62
3.46
6.4
-9.47
-73.31
-4.18
9.42
0.62
24.92
10.29
9.5
3.2
-4.89
14.22
13.08
2.77
-12.56
4.9
58.21
12.25
-6.24
46.73
66.94
-4.18
-31.79
10.97
-28.59
-22.1
-170.63
24.98
46.8
-11.96
3.94
22.31
-14.82
-28.08
8.35
12.92
31.47
1.97
16.64
-8.74
6.9
3.87
45.92
3.32
-6.92
-18.19
-2.97
41.24
-29.85
42.7
-93.67
19.71
-23.14
9.59
18.56
1
4.73
-62.19
-102.81
16.74
-4.02
-72.69
-45.27
42.57
7.58
-84.8
-2.27
-13.7
3.2
17.7
19.06
18.84
-1.08
29.66
-5.19
9.45
-0.6
-8.04
-22.06
-18.65
2.15
19.05
22.22
-7.85
-12.23
-2.19
71.61
46.37
-5.22
-19.57
101.58
0.96
-101.8
-0.49
21.04
2.44
16.57
2.51
13.59
79.08
12.25
4.75
7.7
9.88
8.23
89.85
-31.87
11.78
161.37
-4
53.6
9.24
-8.97
2.86
-48.19
15.97
-1.41
3.51
-8.02
-48.81
138.7
8.71
-79.63
-43.55
6.24
-53.41
-7.94
41.1
-16.27
-0.23
-14.94
12.26
-65.87
8.52
7.5
-0.26
-7.29
-1.78
16.8
15.27
5.85
27.51
59.96
11.73
7.61
9.46
-31.09
20.58
-21.06
-0.42
21.69
-62.67
-12.93
-23.45
-16.98
13.4
-45.25
-7.34
-8.78
8.7
19.24
11.68
14.72
-10.37
5.91
-14.81
-13.32
65.22
-49.06
24.55
-14.02
-13.87
161.11
1.13
-13.07
-85.15
38.86
-48.37
10.63
12.77
2.63
-25.18
-56.74
-5.81
1.01
69.06
-10.86
7.93
-16.03
-39.86
21.15
-1.69
0.59
9.19
-33.81
5.03
58.53
57.31
4.48
-10.89
8.96
4.76
116.4
94.27
-75.57
-46.95
-2.2
20.63
40.1
-18.91
7.96
21.67
4.76
