-13.56
1.32
8.27
69.59
9.1
52.48
1.31
-10.17
3.39
-26.6
79.72
36.29
4.16
1.33
-11.63
37.75
10.95
-2.26
8.39
-110.3
-3.32
-5.68
-35.19
-51.8
-231.64
6.64
2.67
-39.41
-18.34
0.98
-1.78
23.39
80.09
-22.07
14.52
-64.48
13.25
-22.31
-9.98
-27.2
41.32
-6.54
-97.3
13.15
35.33
-0.35
-51.34
-5.23
41.27
-32.8
37.48
135.7
46.99
-14.7
10.8
62.67
20.16
9.37
-3.13
-158.51
10.2
-19.3
-9.35
-52.63
27.05
12.42
3.12
72.18
-11.61
-31.59
-10.98
-137.48
74.98
50.08
4.26
26.02
2.64
-18.02
-8.44
-6.04
-96.67
46.47
48.74
3.35
9.73
23.66
2.57
0.96
5.49
20.73
-25.35
8.2
-6.72
-9.26
23.8
-12.91
3.53
33.45
-11.58
27.66
50.51
-23.63
7.17
14.33
-11.57
21.39
-64.71
-26.97
13.9
8.24
33.49
-44.92
3.35
1.65
-4.53
-6.51
73.85
19.07
-0.73
0.09
7.01
-7.85
-7.37
2.91
30.62
-49.83
2.51
38.78
264.46
70.84
112.72
6.78
-6.67
14.08
8.48
-6.83
1.77
6.43
-19.39
-168.47
14.8
-81.21
-15.55
-1.9
-4.65
24.88
8.95
35.06
21.65
-12.06
-50.61
7.6
-28.26
48.99
-78.46
9.15
-10.6
21.47
-7.64
1.66
-137.52
3.42
-63.08
-8.39
-13.38
-403.65
-20.16
-60.05
-46.39
-38.64
-19.02
-2.67
5.78
-13.32
-41.93
-1.25
6.14
-21.56
265.08
5.38
7.75
75.69
14.74
-5.59
-0.68
24.67
32.92
35.83
42.36
-14.1
-104.14
26.91
9.51
-19.36
8.26
-3.67
4.54
11.86
27.19
-49.11
-6.18
-7.49
-36.66
26.56
-24.25
27.53
-34.95
50.28
-33.17
29.18
-117.6
-14.99
71.79
-135.53
15.34
10.34
28.17
15.63
-70.23
-1.9
-87.21
-4.87
67.9
-101.76
-13.96
-27.18
-4.05
11.48
30.96
6.22
-32.15
29.44
-13.5
16.13
5.66
-7.21
2.71
24.81
-125.82
25.13
-74.25
-6.65
-7.15
-117.69
-115.33
9.69
-107.81
0.19
-7.78
18.24
-17.27
-35.25
-31.16
12
5.11
15.02
14.54
30.83
-7.77
-33.7
-32.85
-52.9
-9.07
0.51
13.42
0.23
10.7
29.11
-1.54
-26.92
21.33
78.63
-9.99
11.22
12.05
1.7
78.1
33.77
-21.67
7.9
-8.67
-9.08
0.14
-18.47
8.63
132.28
15.66
-11.52
121.22
-15.16
-9.42
5.57
-63.91
-26.14
-2.48
-1.36
76.31
3.7
-136.59
28.57
45
3.13
22.12
-26.82
0.79
-38.14
5.08
-9.89
72.19
-3.66
-63.71
-8.54
-162.25
-80.9
96.88
-43.6
44.9
-40.82
-50.89
3.57
-57.18
-8.53
12.31
-21.01
-1.08
-14.63
-16.93
44.33
14.62
2.36
9.8
-1.91
-94.46
-24.41
-94.38
-31.26
-5.61
-1.57
11.27
9.35
113.72
18.11
31.61
-68.11
126.26
20.13
-9.4
-42.44
3.65
4.23
-12.68
8.87
4.05
17.31
-34.85
-11.13
-11.15
36.62
87.95
-1.66
13.73
-62.55
-38.64
29.6
177.03
64.71
-6.09
-7.31
9.01
-9.5
58.97
4.73
24.73
-118.37
126.74
-12.52
-20.26
77.82
56.3
17.48
12.2
48.93
5.39
12.75
-100.01
-82.21
9.01
-2.1
153.19
-66.7
110.86
-4.44
-1.55
-18.2
11.23
96
-10.75
41.15
56.23
-41.78
-4.71
2.33
-50.97
-12.34
16.49
-5.76
22.23
-11.38
28.72
-12.5
-8.83
54.93
-79.76
-99.52
-13.51
-7.02
62.08
-106.01
81.84
83.66
-8.02
2.07
-9.41
37.27
15.11
-11.8
54.21
-3.5
-12.2
40.12
6.88
4.7
-13.03
-4.29
1.76
39.44
11.87
4.41
-7.24
-96.83
-12.76
48.81
-240.5
10.29
19.7
-41.38
9.13
52.87
-101.99
40.18
-32.37
21.51
34.53
8.93
-11.88
-25.38
10.1
-57.62
57.7
-10.5
-2.8
15.12
-42.51
83.66
-8.98
-24.83
7.67
-18.2
-71.94
44.2
-3.21
55.73
36.23
3.01
-13.47
-0.35
-9.82
16.61
-17.91
-76.71
-51.61
10.09
-42.16
4.65
11.5
7.27
-7.79
-44.65
11.12
78.82
-42.58
22.66
-3.22
-9.93
108.46
-67.57
-29.25
74.2
-17.02
-10.59
-0.55
5.88
-46.76
-52.28
-9.79
48.47
-3.63
63.86
-10.17
9.75
11.64
12.66
2.17
49.68
2.98
-7.7
118.17
29.32
-6.13
-135.61
-9.86
8.83
-14.06
-70.2
6.82
70.84
8.3
-151.74
-6.15
5.86
9.77
8.62
-55.36
0.03
-24.6
91.43
15.05
47.15
11.43
27.87
-102.92
116.21
-11.38
-71.47
-7.8
3.3
-118.22
28.05
-116.48
87.78
-7.37
1.54
-1.29
-0.24
-9.03
78.37
34.57
-46.45
21.48
-3.73
3.23
-53.06
-28.75
-23.68
90.62
-88.3
1.99
-10.77
64.18
14.47
8.19
3.53
-43.62
39.43
1.2
13.57
-0.86
1.31
61.17
-44.83
-105.31
-38.71
34.93
77.28
16.03
-1.36
6.22
18.37
3.18
15.24
-17.77
-3.34
-108.37
-10.18
-6.67
-20.18
-34.11
-29.93
18.19
-55.86
13.02
-12.94
-4.96
9.8
9.01
55.25
26.88
10.77
29.18
8.18
-22.04
-76.02
-17.7
-16.7
45.63
10.55
-10.21
79.46
2.6
-15.59
-7.33
-2.91
13.23
11.34
-14.3
-18.77
49.54
-0.46
201.11
42.08
0.18
-37.35
-1.5
-26.02
-31.9
11.06
-83.82
-9.91
-10.54
72.85
-89.84
27.08
-43.55
-58.55
3.69
7.49
-11.29
4.48
11.67
12.8
-44.33
-5.85
34.94
6.34
-3.62
46.85
-26.81
-7.14
-27.06
8.64
-43.4
-2.52
9.85
-46.43
3.78
-3.48
-11.23
9.08
-86.5
30.43
14.11
15.12
1.95
-11.77
7.37
-14.5
-20.02
6.42
-21.45
3.91
-49.55
-1.23
-34.89
9.45
70.37
-6.95
-8.6
1.35
-19.14
68.1
-2.08
-9.11
0.57
-35.61
-6.65
-13.96
65.16
-7.67
-5.42
-34.24
-9.58
-12.86
11.75
-0.85
5.01
-0.2
78.34
27.99
3.2
7.53
-8.66
-59.99
-15.7
19.91
-3.42
65.73
-3.18
8.25
37.9
4.1
3.55
21.67
-29.19
-4.63
0.83
20.03
-16.6
-10.14
7.27
79.54
-5.7
-3.77
-50.84
-15.72
13.07
24.82
-25.46
26.71
-51.49
-66.1
8.7
21.01
-5.07
-1.76
36.11
0.4
-13.49
-24.89
10.93
-44.51
-61.99
-95.86
12.17
0.64
54.18
-17.73
-3.7
6.5
-63.18
5.51
39.89
19.23
26.62
4.1
-18.16
46.53
-10.11
-4.26
-1.58
-6.32
-91.56
-92.87
10.1
0.37
18.35
-8.33
-39.94
17.33
-6.02
12.49
-5.49
5.05
7.32
25.83
-17.31
-3.87
34.03
29.31
69.29
-58.66
9.84
-1.39
-9.68
2.9
-41
71.17
29.35
-189.36
39.01
-8.91
-5.11
-12.98
17.36
11.6
-98.25
-11.83
31.73
83.02
-21.2
-3.38
-79.52
6.72
13.15
-21.34
0.63
6.41
12.93
73.63
15.63
62.48
-83.67
20.71
7.61
7.56
23.17
-29.94
-27.07
-69.89
81.19
-0.63
45.08
-130.59
7.52
10.61
29.72
51.7
20.98
-0.52
79.18
-38.47
-8.67
-3.01
9.49
-7.06
152.66
-64.8
-6.62
21.28
-22.63
-0.15
-2.71
38.78
-3.5
76.43
-3.63
0.9
-8.78
2.92
-40.96
-22.85
10.42
5.6
22.79
-2.91
36.52
33.2
-4.92
-26.85
-59.75
69.72
51.02
48.37
-0.29
-31.67
50.16
39.42
60.12
-26.44
31.42
-39.54
-18.2
13.21
-90.82
-89.04
-12.39
-14.51
7.15
19.94
0.09
200.76
-16.97
171.94
12.04
6.59
-51.05
71.47
-69.36
7.55
-5.83
2.83
-41.05
-142.92
49.43
155.74
5.38
-70.67
8.94
-37.72
5.65
-12.38
5.99
-1.34
12.03
79.95
2.87
36.89
-71.05
-0.65
-3.2
29.7
51.96
144.67
1.13
83.19
3.62
-4.24
-47.99
37.27
20.83
-73.58
35.1
-37.35
12.53
-16.43
-5.9
-48.82
-19.58
39.8
82.81
-20.21
-83.18
31.37
4.4
41.21
49.55
-33.18
33.81
49.97
-10.43
206
-2.76
39.2
81.99
-3.69
14.58
23.6
4.95
8.43
2.49
-0.95
8.11
6.75
16.49
-5.46
94.97
-7.61
27.63
-30.26
11.29
21.49
-0.19
6.98
7.77
-35.78
7.2
-8.53
-39.51
141.52
-11.03
48.25
53.84
-10.26
1.35
1
-9.07
74.64
109.34
8.61
93.47
45.86
0.76
-4.01
-66.09
109.2
83.51
1.17
-29.52
13.65
1.23
5.61
74.38
-4.83
-8.89
23.35
10.8
-30.42
0.47
-1.42
50.02
0.55
53.31
10.71
9.8
-2.08
34.38
-0.06
160.95
-71.85
35.88
-2.29
33.29
-10.72
-3.69
9.9
