-26.2
34.08
-1
-50.15
-11.75
15.34
-5.97
31.25
16.19
8.33
56.97
13.16
-74.87
-6.13
-4.49
-62.51
10.85
-6.19
1.23
-49.33
34.8
92.18
40.48
30.7
-8.77
8.64
-29.22
-24.91
25.29
-64.79
2.2
-5.87
-26.12
-0.34
-94.4
-15.49
11.3
7.11
-7.51
-74.83
10.74
36.54
12.07
-1.18
-13.38
1.65
-79.04
-70.89
-55.76
53.18
-69.72
59.33
-97.33
0.15
-136.07
14.33
11.16
82.57
-8.78
2.29
4.87
-173.46
167.49
108.04
-50.88
19.41
115.78
-5.26
5.92
-5.89
-8.44
8.72
-4.73
141.49
17.75
-15.22
-19.98
22.74
53.28
-113.81
0.94
38.29
-99.61
-5.3
3.84
-6.35
18.62
15.7
47.46
-11.42
4.74
0.06
13.63
14.11
-5.18
6.82
46.94
-0.89
23.56
-0.77
10.8
-8.48
-1.67
-197.63
-28.05
6.58
-75.12
-67.03
19.69
-38.39
-71.76
-63.33
9
1.99
-6.22
6.81
156.15
20.16
1.17
-125.7
-13.44
-25.36
-9.56
4.91
13.76
-25.53
-19.73
9.47
4.74
6.57
32.26
-3.93
6.42
-12.48
-29.02
70.28
35.88
-17.1
85.81
53.77
-4.2
-66.95
12.74
21.81
24.06
-24.86
-12.28
-199.79
32.84
-1.34
-9.43
14.7
13.19
-80.57
-62.84
45.62
-6.34
16.25
18.09
-2.69
-12.4
-12.08
6.93
-43.9
37.6
14.98
15.42
7.73
-18.64
-81.93
-7.04
-6.58
40.98
34.41
-14.06
5.49
28.09
-7.79
-60.51
-3.32
3.22
-7.65
-2.01
-9.31
3.68
95.31
12.14
10.4
-17.1
1.74
43.94
64.81
6.47
-2.55
-6
-73.46
-43.02
64.56
117.68
40.12
16.4
-34.52
2.09
0.76
-13.5
24.59
74.11
-3.51
-2.57
65.1
-3.28
50.36
5.82
-8.11
156.49
-33.17
34.04
7.58
3.63
-80.94
44.18
20.31
6.49
-93.24
-47.05
1.48
-131.65
-2.58
-51.65
-10.88
11.74
12.39
14.1
76.21
67.42
67.35
17.47
-52.63
37.62
-7.99
-27.67
-98.81
19.47
-54.37
105.42
-14.73
-31.67
-8.72
-6.5
6.5
-6.58
-3.83
-48.59
16.02
-4.8
16.6
6.78
11.27
0.36
-16.84
-15.57
-0.75
-122.34
-92.99
-67.3
7.12
10.26
3.36
23.4
-6.87
8.54
-48.31
3.75
8.85
2.34
-164.77
-1.59
5.18
20.98
1.6
50.27
-93.58
-32.06
-20.43
0.48
-38.5
9.13
16.94
22.61
-156
-59.69
48.49
17.02
-11.39
-46.02
47.6
24.85
1.72
12.96
-0.93
63.94
-10.68
6.56
12.76
14.76
18.19
91.87
5.42
-75.07
10.87
-39.49
25.87
17.96
-23.52
16.81
-2.8
-10.79
-6.88
-89.56
-29.88
3.52
98.32
-138.64
38.53
48.85
-73.92
-29.82
-6.85
63.82
10.96
-51.41
49.15
13.57
-8.43
-114.68
-1.95
11.72
6.47
-82.99
-11.45
-17.09
-280.63
-54.4
-88.07
36.1
-8.26
-37.07
4.89
-6.61
-46
14.58
66.97
10.26
-21
1.13
0.43
66.45
-58.8
-18.7
-5.91
-98.24
66.68
-57
10.65
-18.71
8.56
22.23
6.39
-21.16
82.78
13.85
-59.44
-7.58
-13.87
-103.89
14.16
-7.02
-43.99
-23.95
55.81
43.28
66.74
-0.68
7.62
-56.73
15.26
111.91
20.54
-126.75
17.35
69.7
211.98
-20.37
32.94
9.1
-7.15
30.14
-21.4
2.46
-7.08
-4.91
-26.73
-11.52
-9.68
3.31
3.96
18.06
24.1
-114.49
19.71
13.96
-13.08
-7.57
2.86
-54.43
-48.72
3.01
14.94
102.66
-15.92
-7.72
-272.29
-15.18
35.01
8.99
5.83
-0.29
64.68
-58.32
-13.05
49.75
13.42
33.46
32.39
66.92
-1.86
-93.52
2.04
49.32
6.96
17.81
-6.83
-11.35
29.08
-108.05
-163.07
-28.6
6.69
16.25
46.12
32.42
-16.06
68.79
-10.46
36.83
17.2
-21.1
0.93
-111.6
-4.11
6.98
-130.96
-98.73
-24.82
-27.39
105.63
-4.73
-1.35
-35.5
-0.49
10.09
0.27
50.65
-83.06
65.78
-47.48
30.86
87.87
30.25
6.5
6.01
64.67
-5.5
-26.5
3.76
41.55
32.4
5.51
11.26
8.55
76.27
-45.27
-9.72
41.75
-48.12
-6.83
-1.81
160.71
7.58
-25.86
-2.01
53.7
117.75
7.42
-24.79
26.21
76.69
6.39
2.67
-2.32
-218.6
-54.61
6.91
-6.14
3.21
11.96
50.07
2.05
8.2
-22.78
-358.04
-51.5
4.74
-57.79
-139.2
11.08
-1.77
-3.03
13.77
1.95
63.98
1.68
-26.58
-38.89
6.48
-7.32
-4.9
-12.87
69.3
47.53
1.82
-50.35
-5.78
-7.29
10.77
-9.27
-44.45
-123.72
-33.04
8.76
-30.99
58.25
4.13
-2.41
7.5
1.87
19.16
8.75
19.95
25.89
-0.94
-8.07
-152.75
8.06
9.49
21.85
-12.15
55.06
3.05
11.06
4.39
8.75
90.51
18.16
9.12
2.64
-43.08
-3.55
5.62
42.63
14.96
-5.09
-25.34
9.11
39.53
-77.04
20.49
3.19
-20.43
-12.05
-8.67
-71.34
-12.55
6.99
2.16
4.83
-16.02
7.22
-1.88
11.87
7.18
14
-16.47
29.43
-12.33
8.48
4.86
-5.61
3.8
8.93
-7.43
15.72
15.16
-10.37
-10.49
37.47
36.52
11.15
9.79
5.03
-3.68
7.57
-30.61
4.95
-1.8
101.26
58.19
5.38
-71.72
-2.41
-23.28
-7.31
1.35
-4.01
-16.5
-9.1
5.36
-11.02
59.7
-10.32
-6.92
-8.78
-48.32
8.58
12.8
0.19
8.96
5.58
-7.22
28.79
-14.71
-4.82
-2.13
-60.37
-16.43
6.78
6.01
14.47
67.72
33.23
78.79
-10.51
1.55
39.97
3.69
-11.92
-134.29
-8.54
0.96
102.33
-17.93
-7.73
2.02
-9.51
11.38
-2.64
-8.54
-38.07
-26.51
7.83
25.95
6.34
-37.42
6.03
10.66
81.9
11.52
-5
3.79
-5.41
-3.42
-44.84
5.51
13.78
8.43
8.1
10.94
8.13
-18.58
2.02
-9.94
-163.09
8.75
16.34
18.44
35.57
9.14
67.93
-9.41
4.33
37.53
15.46
5.49
22.13
32.45
110.08
-1.23
-5.99
50.83
10.29
15.38
-12.82
36.7
33.6
0.58
-36.17
-13.17
14.53
7.08
-65.34
-24.74
-13.07
16.42
-15.74
-111.43
-5.98
10.61
-8.91
-87.85
-9.65
-1.5
-0.57
-64.14
53.33
-58.14
7.47
-5.25
-24.52
19.84
89.64
0.95
63.36
21.46
110.46
28.16
-52.98
2.76
11.18
12.16
-3.77
-39.02
31.89
27.38
-12.01
9.61
5.53
51.54
-23.27
-4.28
-4.26
40.15
28.57
58.68
-3.41
-25.83
-6.24
15.18
1.26
63.9
-137.23
-85.54
23.54
-28.07
32.47
-6.21
-11.5
90.97
1.37
-10.55
-24.27
-2.62
-1.2
-9.05
-23.53
-36.53
90.68
3.78
-7.5
122.77
-25.19
-34.01
-8.19
156.28
7.37
15.14
57.69
-12.35
46.15
57.3
5.98
37.58
15.12
9.01
18.89
-1.27
-54.17
9.46
-0.22
7.74
2.81
74.81
4.44
-2.6
-95.2
-12.65
-48.84
-2.83
-14.44
-68.19
10.04
-1.7
14.13
-28.87
-30.65
-24.45
-9.51
13.5
-1.4
-12.01
74.32
-1.26
-8.73
-6.61
14.79
-7.13
-10.86
23.05
107.47
7.97
-43.83
-21.44
-18.94
-131.58
8.92
133.96
36.65
8.94
23.54
-22.02
-17.15
-18.41
-16.02
-7.33
13.65
-52.73
-12.31
-9.37
-99.66
90.56
-70.61
-162.31
74.32
-0.46
-13.9
103.79
-2.57
-5.25
12.01
55.39
35.03
-6.15
33.02
34.82
55.52
94.06
-12.51
17.53
-9.09
-101.59
-18.83
38.34
11.83
-3.48
2.04
-1.34
-7.53
41.15
-278.67
9.98
7.96
6.28
-7.82
7.47
9.55
-34.26
12.35
5.72
-13.9
-81.51
12.32
-66.14
4.97
-1.2
11.27
-9.2
1.75
-11.06
59.75
-57.36
13.66
-9.35
19.64
15.89
-29.14
-9.01
-4.18
24.96
-101.69
89.7
82.68
1.75
68.54
14.19
32.44
2.87
0.79
29.97
37.83
-0.15
31.29
4.9
-10.47
5.78
0.33
-6.1
-76.71
-2.62
13.34
-6.7
72.4
51.4
-5.32
3.57
-70.35
52.25
-42.22
-7.41
-1.72
-155.36
-51.61
75.6
-5.56
-2.27
-44.24
4.07
-34.65
-64.98
-30.33
1.5
-155.81
5.79
12.4
4.4
0.85
48.88
42.7
-16.33
4.25
-2.45
-6.78
-16.22
-4.19
-2.88
-85.85
-15.18
-58.32
-8.71
122.3
-7.13
57
-11.29
-19.74
3.14
167.46
1.24
-41.69
18.46
87.11
4.55
8.94
11.04
-2.66
-155.12
0.29
5.77
-44.74
-21.6
-5.3
23.15
16.46
-4.53
-89.74
8.04
-32.38
-7.03
-108.52
-99.97
12.68
-7.34
6.43
-21.78
-11.51
-0.95
-0.02
