-30.11
54.1
-3.82
-5.55
-9.7
47.6
-3.82
-62.85
13.89
0.96
-69.02
-3.71
-2.88
7.06
-2.79
4.97
25.33
-114.39
-10.22
-55.42
-7.26
14.08
-41.73
10.42
6.84
-113.95
-24.65
-12.86
66.27
-3.85
85.9
-4.25
9.49
48.45
-4.1
70.87
7.95
25.48
1.65
-8.52
7.38
3.07
3.21
24.21
-2.94
14.52
-242.31
21.5
10.18
-307.67
-8.98
47.61
1.39
-5.58
18.95
-0.95
-0.4
-15.73
0.21
-80.82
-5.11
22.7
7.27
-0.54
73.11
-11.46
11.8
11.1
32.51
4.4
-7.78
-5.86
-7.99
68.92
-20.03
-43.78
106.7
15.07
9.27
8.19
-2.78
-1.62
-4.48
32.93
4.08
-54.32
-4.76
-137.91
-12.55
40.97
58.91
94.63
-4.6
-20.7
-9.39
-44.67
2.11
-89.12
-43.49
-29.74
14.51
13.21
4.52
20.46
-2.99
5.23
-55.96
13.96
-125.98
13.39
18.25
16.66
-36.59
9.84
67.95
-61.37
10.02
-26.4
-36.6
7.7
-6.93
16.02
-2.22
-12.84
7.27
-136.03
74.05
-10.76
12.97
-10.25
-16.61
-1.83
10.58
14.48
-7.14
32.46
-9.31
11.13
25.83
0.77
52.51
10.64
-165.7
-25.03
24.02
-27.54
124.68
18.4
10.17
108.36
-31.89
-8.53
36.91
42.74
34.23
-0.66
2.64
-18.51
-26.52
25.72
-11.63
8.27
-24.06
6.58
41.14
29.11
-69.1
11.85
11.5
-171.82
-5.92
-77.07
1.45
3.84
-111.33
-11.9
5.76
52.35
-77.37
-41.95
10.77
-7.34
8.7
-1.5
27.02
-13.84
9.74
-18.05
151.46
114.74
13.17
-20.63
12.94
2.61
10.93
4.65
-4.86
10.17
15.7
-2.75
37.21
1.73
-103.84
-20.16
-5.68
-118.68
17.1
-7.81
169.81
13.56
-38.18
36.59
1.83
8.19
46.94
-8.35
29.27
-16.33
-33.98
-18.68
-92.79
-36.74
-12.76
-70.29
19.79
-0.61
55.45
74.12
0.51
-5.82
-49.05
-6.33
58.81
-69.64
16.6
91.19
-53.54
-164.95
1.86
-14.48
3.72
28.72
10.31
33.76
4.71
88.86
40.34
-30.5
-24.14
-18.74
-40.49
22.71
-11.55
40.16
24.13
8.24
-55.99
-1.73
-40.24
7.43
-49.64
55.3
42.39
-40.6
0.27
2.74
64.81
-45.72
-20.17
8.63
-8.47
-27.38
-10.67
-43.82
-13.08
-14.01
28.92
19.38
46.72
-10.98
-81.26
-123.32
-7.86
-13.81
-46.84
-23.51
6.34
-49.88
1.55
9.91
6.61
63.75
68.86
-4.9
4.84
0.97
-5.74
-8.34
-116.1
-24.45
-58.98
40.43
-37.35
-12.56
-2.15
-5.22
-9.19
12.17
-18.24
34.29
-5.07
0.99
-80.74
-4.01
-2.64
4.63
10.24
7.89
-30.15
3.24
43.94
-21.87
69.02
-3.3
18.46
2.88
-10.76
63.33
-1.77
-44.56
24.52
-111.02
37.99
16.25
3.4
14.66
-191.55
1.51
8.33
24.83
1.61
-5.71
13.54
-7.64
-10.51
-5.38
25.89
14.18
73.8
73.62
-6.57
17.72
-63.32
5.6
12.02
-2.03
-67.64
34.66
6.91
106.78
22.41
4.59
-13.04
0.19
5.03
71.58
52.08
-128.39
-75.24
-53.57
-9.97
-2.57
8.5
114.22
-3.78
-17.99
-10.77
29.56
11.94
8.71
3.2
43.62
0.22
-8.69
-48.45
2.53
48.26
3.98
-53.7
19.11
38.59
-24.38
59.86
-14.22
-1.39
32.46
52.77
-4.59
-10.77
-8.5
-16.43
31.76
-0.1
44.39
-248.26
105.07
-9.34
4.3
-71.78
-11.58
-23.43
-0.56
-47.33
-58.96
7.48
-15.2
12.51
-5.68
-8.39
74.22
9.1
-207.47
20.2
-8.94
-0.9
67
1.78
-7.02
61.71
41.2
61.2
6.49
-7.7
3.86
33.89
-6.58
-6.27
23.08
-6.35
10.31
-0.61
-15.76
59.81
-41.43
64.87
5.45
8.09
101.85
65.86
53.36
-25.82
-102.2
-84.69
1.14
-7.87
-110.12
52.85
14.38
11.09
48.01
41.02
-155.1
-5.24
12.93
7.75
4.24
10.36
128.03
-18.21
37.36
-0.27
7.34
13.02
-1.61
-1.35
116.07
-1.22
188.55
62.33
-22.08
39.15
-8.96
-8.98
5.58
-45.04
-45.23
-12.12
-29.88
-36.97
-0.25
0.84
9.91
-1.49
21.38
-11.31
2.97
3.51
10.77
28.1
31.55
5.63
-199.76
48.57
8.33
14.86
4.28
-1.7
-53.11
-30.12
4.11
-8.34
-49.36
9.86
46.22
-4.43
-62.54
6.71
-9.28
-20.82
-33.06
93.41
11.9
37.61
-1
-6.02
-60.07
-9.46
52.09
3.48
202.53
-106.97
-19.71
3.16
-13.43
-6.06
30.68
-3.74
80.76
-2.36
-48.12
-10.03
25.71
14.94
28.65
2.76
11.14
-40.54
0.09
-7.57
59.79
37.35
-6.85
-31.28
69.64
-2.19
-14.71
31.71
-11.74
-38.42
37.49
-64.32
41.87
-33.55
-7.64
36.33
-109.35
6.9
-73.26
-14.23
17.44
-0.34
32.13
5.47
24.21
46.69
0.41
61.8
7.98
-0
-46.03
-153.37
30.82
-33.3
66.04
-5.72
-6.03
-10.86
61.21
151.57
-8.38
-61.57
-2.44
28.78
-34.9
-6.67
22.67
75.77
-29.55
-56.94
-3.58
-14.97
15.68
5.23
-151.71
29.78
24.41
11.82
23.72
-10.71
13.89
11.08
5.13
-10.87
-72.62
16.46
-42.04
5.61
-9.2
-4.84
26.9
-24.73
10.72
-7.83
12.85
68.9
9.05
-8.39
13.74
-65.42
11.99
-10.11
19.51
9.12
23.83
-9.91
6.11
-6.67
10.33
21.71
140.64
-28.53
2.18
14.61
3.63
2.38
7.37
-30.45
-12.15
-23.88
-98.93
6.53
15.14
31.44
-5.16
-46.56
12.34
-39.7
-64.58
24.05
-9.36
15.55
1.06
-17.99
-3.52
55.84
99.41
-40.02
23.34
-12.1
26.31
-43.33
20.65
5.43
46.13
73.6
4.34
10.37
5.96
-2.01
8.13
9.59
-12.05
-6.3
12.75
13.05
18.18
-40.44
-162.58
20.94
-149.92
-216.53
-40.66
5.65
42.92
-10.43
29.56
-0.2
22.84
22.41
13.25
9.68
4.74
-14.71
82.26
20.76
-5.68
-28.66
38.09
8.43
1.32
-44.27
81.07
9.44
-7.82
89.83
70.46
-7.94
25.81
-8.77
25.74
-7.98
16.32
18.14
9.23
-3.24
38.02
-1.38
4.99
-3.67
1.52
-13.82
18.62
-3.31
49.04
81.98
-0.07
-57.86
23.6
-12.8
11.06
-61.96
6.94
39.51
15.87
51.3
-213.79
-1.79
16.83
8.8
-0.52
-15.39
4.07
20.1
-28.6
7.32
67.26
-2.89
7.33
81.73
-0.59
-92.79
-12.45
0.28
23.72
43.33
98.78
-26.24
24.78
41.53
2.56
-107.64
-17.1
21.78
3.08
-9.98
56.67
105.13
14.05
61
13.85
-2.3
-8.2
220.2
88.45
-22.44
4.58
-74.8
-27.5
36.36
-43.32
-30.94
7.86
-29.19
27.35
-9.86
-34.55
85.49
-7.89
-0.38
15.22
-25.25
6.23
60.47
17.65
-9.43
-44.33
-142.36
49.92
-18.21
15.4
-10.45
-19.02
2.58
110.26
-5.58
1.69
8.33
-88.31
-21.32
11.78
-2.37
1.54
10.51
23.76
38.06
-4.88
59.94
-8.96
-22.99
-7.32
23.05
-10.16
-9.55
-9.26
50.51
43.49
10.23
-3.99
-53.04
-10.99
2.04
97.61
-38.94
65.6
-38.85
0.08
-70.13
-0.9
-113.75
-6.24
6.83
20.33
-0.46
-34.3
53.22
82.75
-14.48
82.63
1.48
8.37
-0.77
-115.79
43.25
-1.59
-142.99
-5.16
-18.37
-30.38
8.29
-8.51
1.83
16.55
-27.9
12.17
24.99
0.67
4.17
72.29
1.18
9.98
-40.22
23.63
1.87
60.66
59.99
-180.83
19.45
-47.51
51.27
-1.14
-21.71
-3.33
10.84
-277.96
-120.73
-80.41
20.87
19.89
10.45
-7.18
8.97
-119.03
-35.61
-28.75
-3.58
67.99
110.08
45.17
12.15
-14.25
-90.37
-5.65
57.63
10.3
33.32
72.65
-28.67
65.7
14.08
-33.24
12.42
-18.32
-3.92
15.88
4.36
56.63
6.23
-9.16
-13.4
11
-21.15
19.03
29.63
-66.71
-7
9.84
68.05
3.62
4.11
8.95
-6.18
3.39
-35.81
-76.36
180.1
-49.95
9.75
-12.97
-7.69
1.15
2.33
-5.05
8.46
0.05
103.8
-5.31
-95.72
9.45
18.63
-61.08
116.89
2.13
47.9
-4.79
-38.58
7.76
-14.29
65.73
-6.94
45.35
-19.47
-33.73
-12.1
47.2
10.16
96.48
1.99
22.7
-6.54
-114.06
21.73
-65.53
-50.04
14.02
-51.58
-25.2
-8.65
88.72
5.28
37.74
-16.5
-58.95
-19.47
115.81
75.18
21.24
-280.03
5.28
6.78
-7.61
-59.12
-6.37
100.29
-2.92
11.28
-110.48
137.37
11.44
15.61
-66.65
-10.61
71.87
75.89
13.21
-2.54
-3.77
-92.08
116.11
29.69
-9.38
12.58
-13.03
4.83
19.29
