-14.54
-2.98
1.94
29.66
-12.91
18.53
-37.24
-17.1
11.84
63.32
-110.17
9.33
36.01
32.04
-6.48
-3.57
-102.69
9.84
20.27
7.28
9.12
24.94
92.92
-266.68
-70.99
98.2
-5.42
-12.88
26.59
97.03
85.76
40.98
-6.44
-69.32
65.06
-262.39
52.31
9.6
23.69
-4.45
-8.19
12.59
7.06
90.42
107.65
-57.28
-33.06
-2.92
-7.71
-321.86
-92.3
-3.4
67.2
-127.64
23.52
-31.81
-58.86
20.02
8.89
58.75
-11.17
-6.09
15.28
36.2
16.77
-17.46
-54.72
-244.05
-2.85
16.05
-144.53
10.95
0.96
-44.05
-10.32
-4.25
48.51
-29.06
1.55
-8.62
66.74
-58.03
-39.26
54.79
-5.67
-45.34
-32.71
7.45
14.48
7.95
46.37
-21.56
-11.03
-18.64
-4.04
-34.43
40.31
5.27
45.59
23.84
0.12
16.49
32.9
-19.52
6.82
-42.12
-21.54
-0.42
-109.96
-49.95
-55.91
-49.97
-7.26
16.33
-13.2
-0.96
94.42
2.67
0.31
-11.08
5.47
8.87
5.68
18.81
-1.88
-8.33
4.4
12.18
28.31
-0.59
2.33
-27.01
10.24
7.66
-137.44
-16.86
-48.77
-55.62
8.61
-64.35
5.29
56.77
111.54
62.04
-37.32
-0.64
82.28
44.08
-4.69
3.89
8.87
-2.7
-8.64
-12.33
-1.66
-6.15
-38.57
26.87
2.91
10.86
39.84
-76.34
-3.01
14.65
46.47
-57.52
-46.47
79.86
21.92
-5.66
18.32
1.89
11.59
-13.26
-7.96
-12.18
-2.75
-29.78
11.45
-132.14
29.37
-13.59
26.73
-10.76
41.86
-17.02
-2.19
-1.74
-58.8
-7.83
-4.11
0.38
-57.22
-31.2
35.27
-12.97
-16.52
-5.13
8.6
-20.19
-4.75
-23.62
-90.92
-1.06
6.5
-18.19
9.76
10.58
0.84
-4.99
8.02
13.33
-13.58
37.38
-0.02
4.12
-7.75
80.5
-6
4.05
-11.78
-6.88
10.86
-44.22
-164.13
5.42
-7.35
-5.52
-3.42
20.63
-9.05
-20.53
-15.05
-141.3
15.25
-2.48
-7.5
-91.14
-19.61
2.08
24.82
-0.31
4.7
2.83
77.59
10.89
3.35
64.56
38.9
14.56
39.96
1.45
-96.08
13.98
-9.08
-7.85
-34.25
-3.38
4.71
9.69
14.8
18.56
33.27
-185.77
-11.34
-97.33
9.09
0.38
-29.66
6.58
-13.12
11.27
25.69
-62.82
3.04
46.51
-105.99
7.11
63.37
-12.58
41.19
-26.22
150.98
122.68
3.36
-38.06
9.2
25.15
4.41
163.68
15.66
-136.51
30.98
1.52
33.86
-10.59
67.86
-3.94
-42.31
21.37
3.68
46.39
92.16
-16.41
4.97
8.57
40.57
-7.19
-45.28
1.15
-38.48
-178.24
43.23
6.58
-13.59
20.96
-115.16
71.68
-7.78
-87.58
65.11
-106.56
54.32
1.03
3.32
35.19
-11.3
95.42
4.83
-2.91
-39.45
82.94
-91.44
-10.91
4.26
-58.73
11.48
15.24
12.02
-10.61
-72.39
-9.2
-85.54
2.33
65.65
-3.26
6.5
51.78
-18.2
10.88
223.18
15
-23.46
55.08
7.03
-6.88
2.96
75.65
16.08
-4.46
37.37
-1.67
-15.48
-15.35
-6.59
-3.48
-41.87
-6.88
-75.12
-130.14
-34.69
-28.11
11.76
-28.79
-10.9
19.25
-6.11
-7.22
-6.08
-71.84
-73.43
-5.11
9.63
-100.86
-26.13
76.43
71
27.49
-3.93
-39.46
2.38
17.99
1.92
-54.93
-4.15
4.61
40.7
-39.41
-29.16
14.92
-8.83
80.59
7.59
16.17
25.78
-6.32
10.51
-20.87
-4.12
53.04
-8.23
44.08
-110.4
-6.61
12.92
84.57
0.94
-6.16
-48.58
-50.54
-1.14
111.6
-42.19
0.51
26.54
-6.91
89.22
-8.37
9.12
-8.77
-1.15
-91.73
7.16
-31.57
11.98
12.13
63.22
-7.42
-9.28
-24.35
12.28
-15.28
6.82
-8.23
4.32
-24.9
27.05
10.85
26.89
-9.18
-148.87
-42.38
39.56
-19.05
31.43
-1.3
-8.2
-110
45.12
25.46
126.88
14.92
-22.18
-7.52
1.98
93.86
-3.83
-46.02
-21.96
4.07
-40.34
78.61
-13.75
43.73
-23.12
38.88
22.19
-30.03
-69.5
183.56
-7.05
6.85
37.51
10.48
-47.63
-45.94
-2.63
-7.66
-6.83
10.1
8.27
-16.51
-3.21
-226.47
25.92
8.23
36.37
-5.44
-3.06
28.36
6.39
-6.55
-1.97
36.58
1.44
-5.3
27.88
-135.84
2.87
-5.6
-8.06
-15.25
5.6
-7.81
44.39
92.08
0.34
6.1
9.9
-14.15
16.24
-34.56
12.22
-24.88
-65.42
-85.07
140.32
60
-5.75
-2.16
-15.46
24.18
65.31
51.41
-30.87
8.58
67.16
9.17
-0.01
-25.36
-24.07
-13.73
6.84
-2.7
-0.21
-21.9
-11.34
-8.21
-101.72
-12.67
-3.34
-34.7
1.15
4.35
48.55
1.02
-0.17
1.07
47.83
-9.09
-14.66
-53.64
85.63
-19.13
4.33
-51.92
42.03
-4.14
0.42
-155.25
4.71
130.03
4.71
-44.44
52.47
5.31
26.23
42.12
44.98
-9.06
-45.83
0.36
-7.13
-3.41
-11.88
37.43
-59.87
-26.75
-3.31
-3.24
71.9
8.16
-15.76
31.01
14.79
-178.56
-17.63
31.15
-0.16
44.54
7.2
3.41
-203.39
4.45
-56.4
12.3
-9.82
-1.42
-14.24
72.59
-55.77
-11.77
-120.6
1.59
26.23
-3.03
-6.76
73.86
-5.36
-4.49
-7.83
-17.68
6.63
69.51
79.48
-85.43
2.43
-34.03
24.71
43.89
28.69
9.78
-42.74
2.31
-6.44
-22.69
-2.71
41.11
-67.36
-8.68
-10.88
3.47
-10.77
10.89
-7.89
-38.92
33.85
114.37
50.26
-16.5
-43.58
-7.69
-7.27
-4.6
-12.1
7.32
-61.45
-1.02
76.03
54.79
8.83
-17.08
15.79
2.56
10.36
-33.03
-10.52
13.43
65.33
-7.81
252.52
37.66
-6.77
127.2
15.49
52.05
52.13
-27.32
20.37
-38.23
12.62
-33.16
-10.95
-84.16
99.17
2.35
5.84
7.98
-0.11
-8.41
2.18
10.06
17.94
31.62
12.25
121.95
8.43
4.44
-4.08
-19.07
8.64
-119.89
7.68
22.44
44.42
1.4
-42.78
26.54
1.59
7.79
-12.89
7.8
1.29
3.91
-0.9
-65.96
-8.13
3.96
3.02
-86.98
-102.66
66.95
-11.62
7.04
-70.97
-25.53
-24.89
-82.01
-35.12
8.14
42.14
9.37
-63.42
-0.5
-159.39
-48.14
36.17
6.76
-7.91
67.63
21.24
2.51
-55.32
1.1
-16.79
32.59
53.63
1.68
-48.5
-135.26
7.96
-21.77
11.06
11.14
-2.62
-9.2
15.95
-27.98
2.36
20.48
9.69
6.23
8.36
-35.39
-11.59
6.83
-7.18
9.37
2.51
49.69
-22.62
-2.52
8.66
-10.14
65.7
-54.28
27.51
1.07
12.29
4.98
-59.05
73.93
-125.66
-16.16
-68.86
-10.9
50.2
-39.02
14.23
59.57
-55.73
-2.89
-53.86
15.13
20.81
14.57
15.76
51.44
-82.84
-0.97
9.48
7.54
2.52
-0.09
-123.39
2.43
-29.01
-13.54
-27.22
-107.63
-4.7
-0.27
-5.5
63.83
34.56
-7.25
-13.37
-23.31
-83.14
27.06
34.62
-63.34
-123.5
3.38
87.78
-3.31
84.7
15.58
-43.06
2.68
3.18
-15.03
-54.02
-10.65
74.98
93.64
27.64
119.97
-7.83
20.24
47.91
-4.42
10.66
-78.17
16.54
7.85
3.17
-14.75
-5.67
-46.48
251.39
20.16
-12.95
9.86
35.53
9.78
4.54
-11.06
14.89
-100.4
44.88
-5.07
16.6
-17.83
13.12
4.12
2.22
-47.39
1.79
9.31
0.77
63.2
-52.35
-3.53
74.03
-52.89
1.74
52.87
-14.86
11.93
-10.76
9.51
123.16
79.66
-5.5
-18.83
-6
9.5
7.58
56.72
165.25
-166.39
15.21
8.27
-11.02
7.15
284.02
-44
23.2
-12.53
-58.04
18.39
-7.89
-27.6
61.98
-8.61
-13.96
2.62
9.5
-203.41
-9.47
-8.01
-19.89
-4.76
-23.4
-69.15
55.51
16.96
20.32
23.04
3.63
-114.21
7.67
-108.13
4.38
-8.2
-6.91
55.81
-25.01
-58.66
1.14
-6.44
10.52
-74.31
-9.22
85.35
6.67
2.63
48.67
87.38
5.35
11.15
6.94
-5.19
-46.04
-89.8
4.22
-65.67
-31.49
198.28
-32.14
25.32
-0.63
-19.66
-286.22
14.55
13.76
4.63
-10.86
73.56
12.51
30.46
82.54
-81.75
8.59
-18.43
-31.31
221.35
107.29
142.2
54.61
-36.26
3.33
1.28
18.28
127.39
74.65
38.08
-47.74
-6.55
-6
-16.84
-81.78
67.16
24.52
-35.22
12.16
0.72
-2.78
-1.91
18.42
27.26
7.1
-66.44
9.39
7.73
2.24
-53.07
15.36
168.12
1.14
89.38
5.12
-2.81
4.33
110.52
7.34
13.59
-5.68
-16.83
16.1
-1.31
6.24
34.01
-74.76
-7.51
1.64
2.75
-12.41
5.96
68.76
9.72
-1.16
27.72
