-20.65
15.06
-7.36
-2.75
41.04
12.51
24.89
10.62
-96.9
-4.11
-19.44
23.12
9.14
4.72
32.07
3.83
-133.47
-38.27
17.06
5.64
-73.02
3.9
7.65
-90.17
-5.07
2.1
8.91
9.55
2
-10.78
-8.41
-14.94
103.91
-16.29
2.7
1.84
10.49
-5.24
-139.21
-7.68
-7.88
15.8
-9.91
11.42
110.86
-10.29
13.07
9.6
-14.02
-23.05
-247.81
-1.5
13.98
-11.33
30.11
12.24
-10.09
-38.28
-15.05
-21.2
-48.79
30.53
28.94
35.34
-31.72
4.31
-48.55
-11.32
88.88
9.94
2.03
49.78
70.09
-4.02
11.83
56.63
-7.61
-27.3
13.1
40.87
55.65
56.79
-21.96
30.35
-41.4
18.88
7.87
34.12
-5.51
12.93
-36.38
9.15
49.59
11.09
8.14
-29.14
11.52
-30.21
-197.79
23.68
-7.59
-96.87
-2.07
78.18
-1.5
-3.48
34.61
5.93
-19.02
-51.04
22.62
38.54
17.88
37.62
-10.95
53.61
88.08
-21.76
74.76
-27.03
-34.54
24.23
-19.31
120.19
-6.64
55.77
-1.94
17.43
-56.05
-0.46
100.29
17.02
5.89
-14.11
23.33
-25.85
3.57
-10.92
75.6
-25.1
-25.71
7.8
-9.96
-0.29
-4.83
3.08
-8.35
-18.7
-19.3
-33.43
-15.37
-74.14
-61.55
7.87
-130.67
82.39
129.74
82.22
-4.91
-8.85
-16.59
5.79
29.66
-3.3
-8.1
7.44
0.71
-45.28
-124.95
10.3
31.21
6.73
-2.57
-97.58
13.27
7.62
5.05
24.04
7.33
29.3
6.86
-19.22
-83.46
6.25
-18.55
3.69
-3.41
-83.27
-24.84
-32.4
51.48
8.63
-42.16
-44.29
12.15
9.79
80.77
39.13
50.08
0.49
-68.44
-12.62
-4.71
-23.01
72.65
-9.17
0.85
8.93
3.08
-1.46
157.09
9.16
-13.2
-48.46
26.01
9.46
5.07
53.5
47.98
-5
-11.84
-148.12
-38.06
8.55
69.33
-38.44
-60.29
-0.56
-31.34
-14.2
-54.83
10.89
-7.8
1.77
-27.53
81.8
-13.77
-63.61
-9.8
-1.22
-17.42
46.31
-8.91
69.33
4.82
31.02
-22.78
106.21
-12.5
-1.93
-11.36
-44.85
-6.69
-13.5
-17.32
-40.4
90.43
-50.19
13.79
-14.89
24.14
2.66
-5.16
-5.33
0.7
-9.59
-3.61
8.27
-7.44
32.49
-0.35
23.65
-1.51
-11.48
-62.73
30.59
5.83
-95.47
-0.19
-10.29
-157.11
-53.48
16.77
8.4
0.55
18.15
9.5
49.09
-2.72
-6.75
-32.15
117.05
4.97
-3.14
-101.87
-25.76
5.71
-24.48
-6.32
-13.02
9.13
-17.12
46.92
4.88
-92.64
57.91
-36.65
-61.3
61.16
4.42
12.02
-106.68
-7.46
3.98
112.04
35.59
2.76
13.55
-15.5
-16.78
22.23
-23.03
-11.68
11.51
40.06
-59.66
-115.66
-50.32
-7.71
10.46
1.83
-0.45
-3.02
98.3
-44.96
17.48
-56.05
6.19
15.19
2.88
35.18
-0.29
27.68
11.62
-139.35
32.14
55.3
-14.54
14.26
67.45
8.87
-29.01
-44.81
28.56
-49.62
29.07
85.16
23.93
-59.57
29
12.64
-1.07
-22.98
-9.03
9.14
-64.88
48.08
-3.77
-3.67
14.13
53.02
39.28
-56.44
58.03
33.17
-4.83
7.58
61.73
-6.8
5.46
-17.11
-33.36
20.32
-8.31
-3.15
16.59
0.34
-51.71
-7.81
-4.46
-32.05
-217.72
7.5
-73.73
-41.92
30.17
4.55
0.88
7.45
42.78
2.53
8.03
-188.16
75.04
-5.86
6.5
7.48
-8.25
-14.2
-10.67
13.3
-95.36
-29.21
3.97
4.42
7.06
-6.98
-170.87
-0.6
2.19
10.83
2.55
-18.28
-4.94
70.63
76.62
17.63
45.51
-40.82
18.86
-11.41
5.66
-16.45
-6.79
2.48
-2.23
110.53
-62.91
26.4
-26.21
8.95
14.26
9.67
-117.85
16.06
-12.64
-1.91
17.79
34.1
-6.14
10.17
-0.49
5.02
-1.95
4.5
-95.32
52.19
2.26
48.35
-37.35
-141.86
-87.08
-77.39
12.14
30.84
54.94
16.81
20.04
-61.88
-27.4
-9.68
-17.22
-180.43
-60.95
-19.36
18.12
124.94
99.5
-49.89
7.48
6.04
-18.61
-0.44
-54.73
7.8
20.75
-14.04
7.27
-4.53
14.14
11.95
57.99
-38.54
25.16
-67.63
55.86
-43.58
7.46
-3.87
4.16
48.92
-39.06
84.19
-2.87
-32.69
-7.56
68.07
37.46
12.05
-11.05
62.34
-7.93
1.81
39.31
0.32
-14.82
29.07
-3.6
10.67
37.41
196.45
-6.7
9.48
5.87
57.74
-1.38
-10.05
24.33
43.92
-72.12
-9.23
30.14
-44.42
-32.32
-27.39
1.74
2.68
-4.63
-4.32
-0.44
-112.15
-6.42
-101.57
8.3
3.64
-6.72
12.08
-21.3
-8.39
-12.8
8.11
11.67
-2.8
-18.78
10.94
33.38
74.58
3.82
19.86
65.4
-6.46
1.83
-29.71
-0.45
-26.16
-7.05
-58.14
-10.67
-8.31
26.99
-33.72
45.06
69.86
-10.61
-26.71
-7.75
-7.14
47.92
-5.92
-12.2
-37.81
-22.98
41.49
-43.68
-67.52
21.26
20.67
15.84
-7.95
-72.24
14.44
6.41
57.1
-76.02
-99.63
18.49
5.25
-22.93
43.79
38.52
70.6
96.35
-1.82
2.02
77.9
6.53
113.4
-6.59
5.85
17.91
44.79
6.67
-11.63
-2.91
-9.05
93.43
24.13
-14.46
7.76
-9.42
-28.3
55.45
5.58
119.75
9.8
12.19
20
-82.4
40.46
-102.62
3.77
-5.39
25.38
-5.23
4.18
5.53
10.97
-5.21
-6.87
7.41
-11.24
32.49
4.8
11.56
8.9
-32.16
-13.87
-20.61
-10.96
3.07
47.37
7.17
85.89
-189.42
-7.61
-12.88
-11.7
31.63
9.72
-14.34
4.16
0.02
41.67
7.19
23.18
50.04
46.55
-8.22
11.63
4.3
2.25
2.85
37.99
-50.94
4.38
2.3
9.87
0.71
17.22
13.06
53.63
-107.47
5.91
-65.46
-19.08
-50.28
-6.08
-7.6
41.85
8.37
-7.42
42.33
-69.14
40.46
6.97
-15.94
-103.46
-4.86
-12.74
-4.48
-4.24
-25.14
-102.03
-105.03
14.49
81.65
-20.33
115.92
-0.27
-1.81
48.43
16.92
-31.27
4.77
-32.21
12.91
-11.15
6.63
-49.77
-10.62
59.51
-2.76
11.53
7.09
-51.07
81.47
4.97
-45.4
-3.14
-8.18
-10.14
6.95
-2.39
-7.75
-10.4
-0.82
-7.82
7.09
-52.26
36
69.68
11.64
6.38
-3.75
-150.57
2.59
15.83
-17.49
-0.21
17.89
-76.6
-2.09
-0.4
246.2
71.8
-60.04
25.63
-4.44
48.74
-6.65
1.34
-55.52
-2.52
4.88
-9.12
-4.35
6.99
-1.12
13.54
-27.62
0.79
-0.37
1.52
-4.69
137.34
-17.66
-144.04
-0.94
-26.02
-1.81
18.87
-8.29
-7.53
-41.95
3.67
148.79
-0.77
-11.77
-88.16
6.4
14.13
37.11
38.12
42.46
-3.41
3.85
11.24
-17.45
-188.33
-3.65
3.08
-24.83
-22.93
-50.15
-173.92
-121.29
56.38
-8.5
-46.5
-9.59
-10.9
12.57
70.71
23.06
-43.39
88.99
6.81
9.61
0.84
6.65
13.65
7.74
45.28
-4.65
-47.78
0.02
-6.77
-3.71
-72.67
32.02
-18.32
-10.67
-22
0.69
7.42
-21.75
0.34
-22.68
61.06
54.3
61.94
23.33
-13.23
78.6
-1.4
40
-50.38
7.59
-78.36
-0.85
20.19
7.06
-5.35
-18.55
-99.49
67.44
-7.92
8.54
-43.56
33.03
5.55
88.36
-36.7
-59.48
-105.81
-14.54
-67.96
-3.22
8.75
1.74
8.17
-15.21
-0.36
3.58
-11.81
-4.25
-8.39
-92.28
7.22
17.98
87.95
11.16
7.8
14.9
4.95
-109.26
60.42
-4.52
66.8
5.13
-7.22
17.63
-5.29
-4.95
17.11
78.32
94.99
19.92
11
17.72
5.2
187.9
-28.65
23
-2.07
-4.44
14.39
-40.62
18.16
-110.52
-6.44
7.35
13.44
-52.25
-24.32
-77.64
-32.49
-1.81
-5.05
5.5
2.39
-27.7
19.39
-3.59
11.89
8.43
-36.34
7.71
-4.6
1.99
68.63
37.78
-17.8
4.48
-11.49
73.18
60.88
4.55
2.05
-13.05
32.99
19.78
-13.2
6.06
-27.46
2.13
-167.29
-38.31
63.86
40.22
46.39
-0.78
-49.34
-5.33
-13.42
-21.94
5.21
-27.48
-32.04
13.11
-48.69
7.39
-7.88
-4.68
13.09
-9.96
20.72
30.29
-12.15
-26.41
10.69
21.65
37.3
6.68
29.22
-18.44
21.17
47.95
6.2
-13.17
9.55
2.94
-13.28
93.73
-35.82
2.09
10.55
57.34
-0.72
-17.51
-35.71
-31.54
55.66
-4.13
-13.16
12.24
13.27
-37.02
-27.21
65.04
7.89
-195.99
35.7
-10.9
17.66
7.12
-8.45
-3.66
-146.99
-25.79
71.14
-54.26
-71.06
-17.48
35.18
8.72
-15.4
0.41
9.22
0.29
36.8
-11.3
13.76
17.7
