49.71
-54.42
-17.89
9.96
16.39
-63.86
1
2.2
-47.12
51.4
-80.12
-36.47
1.97
-119.28
-5.14
-3.69
-4.38
7.36
-77.54
-47.66
-39.35
-15.75
31.08
-4.19
62.49
-17.27
-12.19
-26.08
4.04
-10.62
2.86
111.3
-5.13
-52.47
2.29
6.55
14.13
-55.5
19.67
-10.62
1.43
-31.47
33.39
-33.25
9.06
-479.15
-5.61
49.44
-6.58
-39.8
-15.66
-13.21
5.54
-41.89
-132.41
-11.61
7.86
7.06
41
-11.97
-23.11
10.94
-9.93
11.01
-69.22
32.27
-11.92
-3.9
-8.78
7.32
2.45
-569.35
-33.97
-18.14
-34.26
-4.5
-19.41
45.1
112.2
-11.17
-28.83
-2.02
-79.19
118.8
27.65
9.76
10.65
-2.68
-1.42
-19.29
-9.89
108.12
-1.47
-20.41
37.98
-127.98
0.86
66.96
10.91
-19.66
-3.4
-2.75
99.43
8.93
-94.06
-53.47
-44.84
-6.45
0.26
186.69
-1.38
5.37
10.57
-8.19
19.53
56.86
-9.36
-13.28
-2.6
-8.17
-3.94
19.96
-7.59
-104.67
0.59
-77.69
-20.23
1.53
103.68
2.98
19.7
-27.82
-4.4
64.32
-9.73
80.74
23.02
-227.36
-113.17
-22.86
-13.08
2.21
41.84
-9.74
19.21
3.65
-11.32
9.86
-1.36
-9.61
79.2
28.52
-5.22
-5.11
-10.62
-68.63
28.2
6.54
-74.33
-0.41
58.06
72.27
-3.83
-12.28
-3.34
-44.89
-6.38
10.39
-107.39
-7.22
10.49
-136.95
-85.33
3.97
10.64
53.64
-30.11
5.06
-61.79
-11.01
-45.06
-15.45
10.34
-9.68
-12.65
-122
14.92
-1.62
-3.18
-2.75
65.15
-6.21
12.92
7.69
-1.01
9.15
-4.14
8.61
-33.42
-0.7
28.89
36.38
-64.97
3.77
-5.44
-106.62
87.94
10.29
-22.85
90.21
41.36
-16.11
117.64
-47.5
7.79
4.81
2.09
10.77
4.26
2.86
-7.49
-6.29
73.09
3.7
-13.95
57.92
75.77
7.56
-4.45
-71.26
-5.69
0.2
-18.1
-29.25
-8.49
-58.61
19.76
1.8
-97.44
1.7
-1.3
6.83
10.29
-10.23
-94.21
-6.69
-19.48
-64.33
-13
-3.52
2.76
52.35
4.38
-13.79
-41.13
18.83
34.1
-14.51
13.94
-10.73
102.94
7.21
-16.91
12.62
77.83
-0.06
64.2
-5.77
10.45
84.19
0.89
-9.54
8.6
7.51
-12.63
-1.69
9.86
-11.02
10.34
14.04
9.48
67
19.36
0.12
11.57
45.47
7.24
-6.44
3.68
-1.08
44.07
0.9
-38.92
3.52
1.51
-47.9
39.66
-47.9
-2.8
-35.24
3.62
-154.18
-53.3
62.9
-20.13
22.65
52.42
13.87
10.6
22.4
18.6
9.26
8.82
-84.45
-14.17
14.63
-27.12
-56.78
-9.28
-98.93
-14.75
141.48
-3.81
43.31
1.75
-12.61
-21.53
8.71
-12.16
-23.52
-79.17
14.31
-11.38
0.6
-3.1
29.96
-84.93
47.68
-15.06
17.31
-0.1
-34.04
0.17
43.49
-63.66
64.38
19.03
-2.33
-2.9
-8.84
-20.5
11.71
31.09
12.08
-58.86
23.25
104.11
-58.24
-106.05
-5.4
-22.99
-88.96
-193.47
-17.13
144.47
-13.34
8.6
9.63
10.02
38.33
6.31
12.3
36.7
104.99
-13.14
51.42
32.84
-56.24
10.78
13.5
2.51
-20.77
0.13
-9.8
-20.62
2.9
80.19
15.38
25.92
0.78
-0.97
4.98
9.31
5.43
58.58
-9.25
3
-5.4
-6
-15.12
-0.55
-20.89
-0.92
60.24
1.5
57.47
-51
-14.8
7.51
-42.22
23.67
-7
22.25
6.62
2.75
40.38
17.05
11.88
4.91
-13.47
14.26
16.66
-11.73
19.74
84.49
36.34
21.44
55.63
-38.55
-12.37
-2.24
66.97
22.63
13.84
-91.22
77.58
-6.18
68.96
-24.33
-99.22
26.12
43.32
50.6
-45.08
-12.32
12.01
-8.24
47.47
-8.09
-4.45
1.6
96.09
55.22
73.29
24.21
23.63
36.39
-7.76
6.51
-5.02
84.1
-4.2
12.54
89.12
-62.6
28.67
1.43
79.29
-144.3
35.88
-15.84
-35.82
-29.25
-64.55
-19.4
-62.01
84.45
16.29
13.01
9.25
-65.42
-3.33
0.28
-1.16
0.48
-10.71
0.45
-136.74
34.33
-14.9
-13.37
25.38
87.38
-8.21
-27.46
8.06
10.12
-34.62
11.37
13.16
92.75
79.29
-53.63
-46.13
42.67
41.93
8.67
-12.83
9.02
14.95
3.39
-45.23
15.04
46.74
130.67
-7.47
-87.59
-112.77
-0.97
-8.21
-16.64
-10.99
-7.08
-41.62
-14.86
-36.28
-68.14
-180.99
23.85
-11.97
4.77
-21.93
-14.31
10.8
-0.57
11.43
-100.42
7.59
-17.15
140.17
-24.72
9.63
-0.93
-1.03
-64.22
98.48
27.2
107.31
39.82
14.03
-6.78
18.77
-10.81
-47.44
95.07
-4.99
-7.94
-16.62
-68.48
0.69
8.77
30.08
7.06
3.33
-12.83
2.19
-30.36
26.11
-25.92
6.02
3.38
-9.16
6.56
-2.9
-231.78
75.78
-35.78
4.71
-11.45
-55.45
9.3
79.46
-23.35
6.25
-7.4
20.86
-112.75
-2.77
-13.55
42.78
39.14
-20.33
11.27
12.26
15.13
2.19
45.52
8.67
5.79
-36.64
56.01
-5.56
4.75
-31.7
1.2
-0.17
-64
-43.29
-73.97
8.71
22.57
32.32
3.72
38.37
57.87
3.54
187.96
-8.17
36.53
22.29
53.17
46.75
-7.99
-59.6
-36.67
-5.05
4.67
-15.31
19.35
-6.5
-7.05
-20.84
-109.84
27.31
2.05
40.89
12.58
-49.36
16.3
-6.16
-13.64
55.27
86.67
-12.92
-3.68
16.71
10.14
-107.94
22.53
11.93
-2.78
94.76
-23.16
34.12
-8.92
-81.51
0.53
31.69
7.54
9.88
8.29
13.12
81.12
-25.21
17.08
-2.76
-14.15
14.96
-6.75
10.38
-11.43
82.91
-10.31
-17.82
-60.61
39.81
9.39
-7.25
-13.22
15.83
-1.4
-11.24
-3.57
38.53
-62.02
-76.44
-52.02
-66.5
2.04
-1.22
-27.54
-91.96
-15.9
-54.2
47.46
20.81
-0.88
-13.79
141.46
-42.58
-85.85
-1.65
6.02
4.66
35.52
-10.2
-12.11
109.26
6.18
7.2
-5.65
3.02
6.85
-4.49
5.29
-13.76
21.87
-73.78
-36.48
-5.96
8.89
-1.13
74.55
-22.25
-52.5
-6.4
0.99
30.87
-8.44
4.53
132.47
-86.78
21.64
8.53
-14.64
5.22
0.35
4.64
66.41
1.69
-22.06
-12.03
31.44
-2.13
-8.39
5.39
25.79
-3.87
-26.28
8.58
16.08
-52.81
-51.32
118.08
-32.07
3.47
145.95
32.38
0.21
2.69
58.99
3.87
72.6
-10.75
18.07
-2.55
47.06
-17.1
19.57
-86.22
-3.79
21.96
-27.89
-7.78
-77.08
2.98
48.87
64.68
-43.09
-3.9
11.34
-30.56
10.97
1.06
-39.4
0.7
-3.12
0.42
-3
1.01
16.81
-15.91
-8.13
-44.04
4.91
3.63
-3.63
-19.72
64.2
-8.44
13.42
-1.8
-142.05
4.44
-9.29
-73.96
46.4
-17.64
-81.14
-49.13
-3.02
72.74
17
-0.13
-5.47
-4.52
-23.48
-193.25
12.04
1.28
-81.91
-133.17
39.13
-13.56
46.56
7.78
-3.01
8.26
-27.58
11.62
-13.4
-287.18
5.64
21.99
-10.43
-32.41
102.85
154.67
19.98
-13.47
-39.62
6.43
-31.51
10.99
-33.49
7.02
12.27
39.65
138.25
-19.8
33.73
-80.16
5.02
10.89
-55.23
35.39
-7.43
-79.75
-10.9
-3.89
-53.79
5.49
118.09
-18.48
-8.91
-84.3
-60.21
-50.79
139.23
-9.81
7.88
-78.88
-87.78
75.56
20.34
84.85
14.69
-4.15
-53.89
146.22
-50.93
-98.26
15.25
-73.69
-10.22
44.11
-14.08
-42.08
-3.64
-151.53
83.64
-2.71
33.34
13.82
-50.49
40.01
-0.88
1.33
1.13
-1.05
10.3
-12.44
60.1
-106.7
18.79
-18.47
72.85
-93.97
-30.87
-42.79
-46.23
8.36
18.64
-6.52
32.87
32.51
-23.65
58.69
-8.88
-155.42
14.28
22.04
1.86
81.07
50.21
9.32
39.5
16.2
-7.9
-123.35
70.05
0.76
0.8
4.01
16.38
-98.66
-19
-13.83
58.56
66.21
-26.81
66.61
-10.62
-1.62
10.77
-0.28
0.56
-3.82
-8.41
4.61
32.13
37.97
2.07
14.68
41.91
-23.63
-8.56
16.24
3.32
10.02
47.41
5.13
-22.17
2.68
15.03
-11.09
91.07
-9.45
0.3
62.69
-6.28
6.02
13.41
-5.88
12.59
-63.44
48.72
63.78
156.19
-8.1
-0.12
4.23
164.59
-6.21
-23.16
-51.03
54.67
40.82
-4.94
111.39
24.31
-39.12
84.6
18.28
5.92
-82.61
-3.9
-6.73
-2.31
17.58
-48.14
2.66
53
138.28
-37.93
-14.28
-7.77
4.08
-4.47
51.44
19.62
-1.93
94.53
4.66
39.09
-114.87
-10.45
8.2
80.12
10.8
-6.7
-40.49
-37.7
44.54
