-14.83
-56.29
0.13
12.45
-105.53
-28.57
57.8
22.07
-6.63
47.28
-87.37
-12.12
-85.38
-11.17
9.34
21.16
8.76
-13.31
43.63
10.82
-2.54
-13.23
-13.2
62.4
-11.01
-7.71
-6.68
29.59
1.93
1.75
-3.86
34.17
-60.67
57.62
13.13
1.99
-12.77
8.51
-151.06
12.51
-0.72
-26.35
-18.61
-7.63
2.15
-97.92
-23.13
-12.14
8.02
-5.9
17.11
45.54
9.05
-51.47
9.67
-2
-9.59
3.88
-37.51
5.78
-90.7
16.06
11.38
-21.21
-5.04
-172.05
-111.46
-8.18
20.82
-63.28
12.9
31.96
1.09
-0.19
-0.29
-2.1
33.29
-5.82
8.87
-27.45
-21.95
73
0.15
196.72
-18.94
24.4
29.72
42.96
-21.1
45.5
78.96
-49.88
-257.74
25.91
53.02
-1.45
6.29
-7.48
-13.07
-11.62
-40.72
16.03
41.53
5.03
0.51
12.29
7.69
-6.62
-76.81
-85.24
2.63
-4.95
-19.35
12.27
-23.28
-21.61
-3.36
6.4
-36.56
-15.91
-10.5
55.08
-12.33
47.18
7.39
-5.29
-10.57
-35.52
11.22
14.25
9.12
24.79
6.23
30.29
-14.76
70.16
-13.3
-56.64
-6.79
7.17
-5.53
-2.18
-5.23
-125.77
4.03
-5.35
17.36
25.67
24.69
25.29
49.79
-19.89
-6.87
-11.92
30.62
-2.83
-16.33
44.19
10.79
11.89
5.03
-28.73
7.3
-5.85
13.4
47.71
-45.61
-91.37
45.43
-43.58
42.84
27.32
-64.03
17.07
-107.97
-13.23
-2.02
-7.77
42.44
-41.58
-84.13
34.65
11.83
-1.38
-10.01
14.17
8.14
-6.84
-23.23
6.12
-2.25
52.59
-4.3
35.13
17.21
1.94
-10.23
11.69
-10.37
161.17
15.59
12.89
-12.9
7.11
30.07
46.54
-17.67
3.63
-40.92
-0.22
1.12
-50.89
8.13
-9.36
9.73
-12.02
-8.37
30.26
5.46
-3.45
32.21
18.15
7.57
27.17
42.82
-36.25
-127.96
30.79
29.85
8.41
51.48
13.3
10.84
-10.11
-85.67
71.99
-21.28
4.63
-7.75
52.08
6.69
-30.61
-24.02
-28.66
11.67
-32.09
-6.93
44.73
20.58
6.24
-8.71
81.76
-0.29
-25.89
15.95
15.93
9.47
-50.9
-48.25
-29.74
-20.73
1.09
1.42
-3.24
29.03
-29.46
-39.49
-9.08
4.53
4.66
1.37
100.62
0.51
29.77
8.96
30.44
-50.63
-11.16
-106.7
-94.36
-46.22
14.62
100.68
-18.82
-9.45
9.14
-10.93
-38.75
-99.24
2.91
-1.41
26.38
12.36
-7.23
90.13
-8.81
71.23
1.19
6.8
-60.75
67.15
-3.06
-30.83
-12.45
-87.3
-61.31
-30.61
10.09
-46.13
-126.83
-12.87
-82.84
-39.48
-8.11
-1.99
-33.62
-37.8
52.89
-3.19
8.5
-17.69
32.11
-3.38
14.69
-16.25
-7.5
34.45
-3.51
4.92
-4.93
-42.82
81.23
-108.06
53.5
10.27
-6.82
43.44
47.24
-3.92
10.63
10.46
-13.23
59.95
11.76
-119.75
23.61
-42.46
0.54
16.45
-68.31
32.36
-7.58
-3.37
41.89
-42.76
-24.55
2.13
-52.35
106.89
2.47
-34.38
-41.57
-10.73
50.46
56.58
-86.85
-28.11
28.85
114.35
-26.05
-45.22
-1.65
3.04
-32.57
-26.57
8
9.31
-40.74
-20.07
-2.81
46.69
-146.25
-3.43
-45.6
-8.46
1.79
6.13
-18.66
7.6
9.3
-3.23
-37.66
-9.22
-13.36
-9.51
-16.64
54.51
4.76
-106.06
0.42
11.16
12.14
-6.82
2.65
-10.93
63.55
-59.89
16.55
-0.64
44.57
30.55
36.5
9.26
14.74
4.66
-27.85
3.24
6.11
57.26
-33.93
8.28
-14.51
-0.33
-89.77
27.85
-11.5
-79.76
36.66
-8.12
57.02
63.08
5.32
-115.07
-143.17
-154.99
22.17
-9.55
11.15
-10.71
3.4
-8.1
-37.33
16.37
-5.18
105.07
36.88
-18.53
19.79
-1.39
0.9
-3.11
-98.3
-0.78
48.21
-10.77
68.88
11.35
-3.89
-45.68
1.36
-71.62
83.53
190.78
52.88
-68.52
8.27
25.49
-16.5
17.99
-9.23
13.67
-12.49
67.58
-30.92
-19.43
3.75
-61.42
86.88
-6.78
61.23
-107.83
-28.17
106.41
-9.76
-62.2
-9.08
-12.79
-16.91
-62.38
70.1
23.2
0.69
-34.11
10.27
11.8
-7.47
9.46
-10.4
13.84
-4.67
-12.62
-20.25
88.68
53.4
5.38
3.08
-68.63
105.93
-25.51
10.08
13.1
19.72
-100.7
133.11
-7.86
-2.08
-55.68
-34.7
-8.26
-1.11
3.83
118.14
-28.14
62.67
-3.97
-2.76
-55.17
-11.16
-15.64
9.68
0.49
-33.14
15.41
-36.55
10.11
85.2
-7.15
91.89
-9.17
49.71
57.05
3.01
37.34
-57.11
-75.85
-0.95
61.21
-5.11
-28.52
0.54
-79.79
-10.16
17.14
7.03
-6.52
6.24
35.59
-140.42
-10.08
12.05
46.23
31.59
-10.62
16.97
-4.41
112.35
-14.59
-5.75
10.42
11.44
2.37
68.46
-27.42
-48.04
-59.7
-30.32
90.96
-1.52
-1.85
7.67
-73.96
-0.02
-18.09
-7.47
-25.78
-7.93
-6.58
-82.27
11.68
9.84
-50.02
147.75
-5.04
-80.97
-9.54
21.15
9.39
-39.32
33.77
-135.21
12.44
-12.2
-113.07
-31.41
14.83
39.71
44.56
12.93
2.48
38.9
-8.43
1.9
-8.07
16.99
7.56
73.92
-11.71
93.31
47.03
65.02
10.83
27.1
58.86
-12.37
10.77
-18.84
-4.2
-10.83
-40.32
-26.06
-27.97
16.63
68.4
-187.5
1.14
61.84
1.62
31.61
-9.04
13.16
57.84
39.53
48.8
26.36
-36.95
-27.78
-169.5
-86.81
-134.38
-26.86
5.81
-15.41
4.18
14.13
-46.16
41.66
4.74
24.12
22.73
-65.14
-0.43
6.58
17.08
-7.95
-15.19
59.37
-24.32
-12.48
-9.09
-9.71
-10.41
-71.8
-32.03
-90.67
-7.24
9.91
-7.46
-65.59
-8.24
-10.32
17.5
31.67
85.38
90.51
-4.89
-59.12
-46.67
10.28
-1.87
-9.39
-5.01
-67.33
-32.47
-2.68
-2.78
-57.82
3.74
-1.31
20.72
-17.61
-40.82
19.81
31.51
1.95
44.81
8.67
-87.39
-6.31
35.97
-27.26
49.17
-6.37
-66.48
51.13
-16.65
-177.62
-39.11
-13.72
52.35
28.95
21.91
2.68
18.63
4.01
3.61
-27.54
-53.28
57.8
79.17
-8.85
6.34
35.93
-21.98
-23.7
-4.25
7.3
-2.57
13.83
-2.14
-34.37
-13.17
-10.65
-26.45
-5.91
-3.75
-10.49
6.45
41.3
44.8
35.07
12.12
3.87
10.55
-5.23
0.18
10.9
45.69
-35.36
34.82
139.72
94.63
31.17
-0.03
-20.66
13.14
-1.03
17.96
117.22
23.78
-36.42
-8.38
-19.54
-7.63
-9
-10.63
-5.31
40.23
15.75
-53.7
-6.69
-74.53
26.53
-6.3
-18.19
17.14
51.4
-32.04
-2.72
-0.9
-8.51
90.33
7.3
4.12
-6.46
59.74
-38.36
-28.97
90.76
28.32
-65.71
54.19
12.07
75.23
-48.91
-14.37
31.3
-6.6
77.11
-20.2
-26.23
-16.68
-11.46
47.96
-0.81
-87.36
-8.6
76.6
-31.81
11.28
94.29
-0.26
7.34
-22.77
-6.98
-7.54
-3.54
-6.51
5.31
162.76
-91.09
-21.74
23.72
-155.13
50.03
4.63
-41.71
9.77
53.59
39.16
-37.08
-7.39
-15.91
-1.77
-8.32
-3.27
-9.26
14.57
33.76
0.82
109.94
80.27
11.51
-1.19
-16.66
-20.98
1.24
-6.11
23.72
8.2
-346.4
-45.34
60.85
10.24
-4.62
7.18
-8.47
-149.31
-4.94
-11.32
-132.1
8.9
9.91
-81.77
6.52
-229.71
43.33
-2.25
0.05
6.52
-0.43
-89.49
-8.77
24.53
-18.08
-150.65
149.47
84.45
4.19
-90.57
-2.56
-5.24
-38.66
-6.28
-33.49
-1.57
-77.55
53.22
11.5
6.49
-1.24
12.85
8.77
13.27
55.19
6.96
3.41
-37.19
174.57
-61.85
-37.05
8.22
38.51
-6.96
-5.26
81.7
-15.67
-7.74
-24.11
85.74
31.08
-3.76
4.84
-22.67
112.14
10.02
80.8
-22.23
40.62
8.19
42.65
8.65
43.53
67.32
3.58
13.8
-20.29
-5.77
-17.83
3.48
-47.59
17.11
-34.4
-127.73
-23.79
-1.06
11.02
-8.26
-11.15
34.87
-4.4
42.61
3.41
-16.95
-11.22
-15.19
-5.49
1.56
14.79
-10.14
-2.69
40.67
4.46
-0.26
24.08
-10.26
2.72
-4.62
-32.53
97.72
-180.57
31.27
-15.47
0.02
134
-8.02
4.73
8.37
-6.08
53.44
-26.66
-108.33
61.65
-11.2
72.59
135.3
-11.45
43.7
7.67
10.68
41.56
-10.63
-5.77
66.96
10.35
24.51
11.42
1.01
4.59
-0.88
22.16
-71.71
-13.21
-5.68
-8.38
150.83
7.53
19.04
51.32
5.17
-5.26
17.01
-8.76
-48.19
-23.77
32.52
-12.61
117.66
-155.63
-6.12
-3.7
-3.43
15.27
-2.8
-3.58
