118.68
6.03
20.01
-0.37
36.16
24.89
13.1
-27.17
0.43
-10.82
-205.24
29.54
-45.83
-139.04
-20.01
0.13
-11.37
6.76
19.31
4.47
5.22
79.42
-31.56
-2.47
139.73
6.28
-11.52
35.67
28.81
73.57
-39.65
15.65
9.42
-5.57
43.74
-72.91
-30.81
11.63
-42.72
81.4
-95.4
-2.16
-0.18
-15.8
-12.77
28.94
-73.55
-48.56
53.67
9.31
-42.39
-3.01
6.99
16.09
12.13
13.22
-10.33
4.1
-3.16
56.91
-7.18
-11.77
28.17
-29.47
-28.15
6.93
59.24
-0.55
-17.39
-31.35
-71.1
28.11
6.11
-7.31
-10.52
35.47
-1.79
-10.73
11.67
21.96
76.41
7.07
68.63
3.62
-3.67
-1.86
-6.82
-59.12
3.34
18.32
-2.23
104.42
-2.02
1.81
34.75
35
22.13
-7.76
-16.94
-70.98
1.3
68.22
22.82
31.7
15.02
3.67
-86.43
37.95
3.85
55.39
-101.62
42.62
-0.85
43.4
59.57
53.31
-71.39
-18.24
-10.64
-9.66
-3.72
-9.13
87.9
-11.79
6.15
15.9
12.17
42.95
-24.79
-70.81
8.7
-68.92
-45.44
-3.4
-10.55
-44.77
10.9
7.88
44.43
41.96
-78.78
2.94
46.25
-18.36
-16.44
21.67
-80.26
-14.9
30.79
12.11
10.62
0.31
21.74
-66.38
-34.61
-51.26
-13.66
37.18
-3.47
-28.15
18.55
-16.2
-10.08
109.92
21.49
1.23
-15.47
-58.28
-6.48
-8.01
8.9
112.93
55.58
4.39
-64.59
39.87
-4.08
-17.2
-6.01
13.61
10.95
-36.11
4.58
118.14
-50.68
7.47
-40.04
-56.98
-48.11
36.27
-10.09
-115.77
-14.29
-15.68
80.91
50
6.35
49.75
29.6
21.92
-40.42
-0.38
5.45
-5.78
-7.55
11.86
-16.8
16.95
-67.72
-4.53
-14.85
38.97
-8.38
-9.46
34.87
5.59
10.84
30.95
11.33
-6.78
6.67
42.29
6.52
11.12
-103.41
10.97
8.43
-13.13
12.86
76.77
2.59
28.56
-10.73
-40.33
31.68
1.11
-9.98
-77.89
-1.68
3.84
30.6
-8.6
-62.94
8.72
-54.41
3.59
-0.29
25
90.37
55.06
-6.57
-12.13
-16.82
37.77
6.11
28.47
32.84
-13.78
29.46
48.72
65.12
-3.65
-10.09
9.38
13.53
-61.12
-7.19
45.02
-75.78
-50.65
19.16
-13.55
-71.28
0.4
33.37
-9.23
-176.49
20.6
-111.69
-8.4
4.2
-22.3
5.52
-43.8
-76.73
-8.21
42.74
-6.15
56.34
-115.71
15.18
11.37
53.47
-4.25
-202.93
9.6
6.76
-0.67
64.34
-47.56
88.43
24.11
-10.92
-7.81
-2.81
12.79
-39.99
32.74
62.26
13.77
-73.93
-42.5
50.38
3.59
-79.14
-12.4
-2.76
17.95
-11.12
25.68
4.95
11.23
3.77
273.91
-47.35
-55.13
4.61
-37.39
13.97
1.91
-296.96
-7.35
-49.47
37.54
-8.83
11.84
10.31
-54.59
-42.22
-44.64
-25.23
-10.31
98.86
66.07
52.83
-11.66
30.99
14.08
3.33
-7.48
-5.9
138.44
1.01
-10.3
38.15
7.37
9.83
-11.04
-39.66
51.38
-1.63
-70.56
24.68
-46.09
8.52
18.02
5.54
109.53
23.09
-8.95
-47.13
-29.25
27.16
55.33
-75.63
122.99
4.08
9.88
-9
23.85
35.44
-7.11
-0.99
7.68
6.54
80.66
-16.54
-57.27
-87.85
-1.89
-3.93
-3.53
-6.82
-9.16
-25.52
10.51
28.58
-12.01
9.36
-34.71
9.45
9.35
29.37
112.14
-9.14
-87.02
-13.32
-140.93
-4.74
-16.23
-12.97
-48.47
240.74
-81.1
6.55
-16.31
17.51
-86.68
4.12
-31.33
-17
4.38
6.25
13.18
-0.81
4.63
19.2
-14.31
1.66
72.59
-80.39
16.13
-7.96
68.41
2.99
-1.86
-62.66
23.31
7.63
-13.32
-2.81
-40.02
-1.93
14.44
8.89
-28.22
58.23
36.34
25.94
4.93
2.05
-25.74
-34.66
7.34
-35.19
-64.84
5.66
-2.61
11.43
2.34
11.36
37.41
7.41
7.13
1.79
-0.5
1.88
31.31
44.56
5.89
11.36
-78.41
4.9
-8.73
-20.54
-23.25
-2.71
8.21
29.44
50.6
2.46
60.46
52.72
61.24
7.86
6.42
55.05
86.08
-31.83
-5.38
-17.84
-15.06
-9.9
42.92
-16.47
-1.45
-51.24
2.82
-9.19
74.5
37.04
80.08
-40.74
35.24
12.25
-5.89
-24.49
-12.2
20.99
-49.35
-67.75
-45.45
6.82
-120.16
3.06
-169.34
-33.36
-9.41
25.34
4.87
89.98
-61.69
44.64
-19.6
39.16
45.27
-179.26
215.83
16.06
5.59
-11.55
83.67
-27.92
9.34
-6.6
8.62
1.71
48.89
-23.44
22
-25.93
-8.19
5.21
17.12
3.38
32.63
0.66
188.81
-4.04
10.66
57.33
-40.27
-17.31
6.06
11.43
19.02
11.56
-10.65
-2.76
41.09
-90.06
17.16
8.16
-19.63
-0.06
4.73
-11.73
26.29
30.04
8
-0.3
33.8
-211.16
43.41
48.56
4.42
48.7
-101.58
-19.45
102.87
-17.9
-14.65
-49.43
0.14
-2.74
10.91
-12.86
-19.86
9.98
-0.38
-10.33
46.37
-208.35
-38.11
49.11
2.61
-5.13
78.61
36.55
-10.43
-3.43
-8.53
-23.08
-14.52
-0.44
-68.88
0.13
3.45
30.43
-14.92
-2.19
13.26
-37.21
-23.52
6.12
-21.83
-10.92
-54.77
68.2
-2.73
9.91
-79.13
-28.73
-110.94
7.92
-41.05
-11.77
-28.41
-37.31
61.24
37
58.04
-16.21
-17.37
12.87
-30.19
6.57
5.44
-42.85
-6.2
4.98
-25.23
-25.45
-8
-75.26
50.4
78.14
1.94
8.96
14.75
-17.93
-4.66
11.6
-266.33
-6.46
32.85
-0.12
28.72
6.33
-21.01
37.67
-13.71
-129.63
-112.31
35.31
11.06
114.36
2.58
-8.1
-5.13
-24.54
-2.6
46.16
15
99
10.52
-4.76
49.99
-9.92
-186.14
252.82
68.48
-21.28
-7.85
4.09
26.32
-6.82
-12.48
-3.4
-8.61
-28.94
80.76
25.96
-23.2
26.65
25.14
-4.02
-17.32
-27.69
-13.35
-60.86
12.17
18.85
6.34
1.44
85.85
28.74
-1.54
6.5
-0.42
23.48
-73.99
33.59
-72.55
54.37
12.58
37.37
26.51
-4.54
12.39
29.91
-2.22
-12.35
5.63
-67.46
-22.75
19.95
53.54
-148.34
-3.71
11.57
10.18
4.98
-123.67
84.83
4.55
-14.07
9.06
-6.42
8.68
57.87
86.43
-10.61
-69.11
72.98
-45.04
-20.64
131.61
-170.47
3.88
-4.99
121.45
-48.97
-32.79
11.46
-169.4
-12.08
29.34
-8.02
2.54
29.98
-6.91
24.66
19.5
-6.17
13.17
1.56
10.65
-1.07
-3.07
6.98
-2.09
-4.02
24.55
-1.38
34.77
-3.88
54.4
-9.6
-11.72
-9.96
-16.91
8.16
-35.46
-26.95
56.87
-6.62
21.12
0.11
-70.03
12.53
-21.53
27.4
4.72
0.3
26.53
-5.66
-74.36
-5
-58.03
-9.9
10.13
10.52
-0.13
75.17
-39.95
40.14
35.63
140.93
-4.9
107.37
2.94
43.95
-63.93
88.93
-61.71
-4.04
-56.79
8.7
-197.68
3.35
103.76
-118.3
-9.27
-80.4
-6.26
-34.21
4.21
3.87
54.93
0.18
-33.21
-156.64
233.46
-0.81
-156
7.55
-4.1
-81.15
156.74
-68.88
45.67
-3.79
75.7
-9.34
5.27
24.66
7.1
67.42
13.23
42.82
-6.2
43.01
-29.86
17.59
4.79
5.45
-14.39
82.72
13.69
40.49
-97.16
18.23
95.61
9.79
-6.79
-88.76
-9.86
129.56
-12.17
33.58
-69.11
-33.02
-9.75
2.36
-11.34
-17.6
-36.37
10.29
9.7
-0.07
-51
4.34
106.83
82.51
-40.3
37.78
53.49
-10.24
107.35
-11.1
56.02
-66.29
-57.26
-46.5
-18.77
-8.59
-38.77
125.14
-4.61
45.52
51.78
14.32
25.68
-10.59
-16.17
223.37
13.72
-23.58
1.73
-24.38
-45.59
31.04
72.12
-5.2
78.33
-11.08
55.21
37.38
13.51
-14.23
-8.02
-11.84
59.55
62.96
84.02
-128.14
-44.85
11.67
-1.65
-4.48
-3.45
31.62
-11.11
-68.31
-15.92
-2.6
12.13
27.53
-6.69
-181.27
49.78
-1.72
-4.53
-10.16
-14.06
33.29
33.04
-55.48
6.04
12.39
47.95
32.47
49.72
-23.65
13.08
24.91
-5.41
13.87
-119.43
22.78
-11.8
3.56
-9.23
1.87
-69.95
2.88
-2.85
13.09
19.28
-7.67
361.79
-10.05
-26.08
-32.02
-88.53
-7.24
-7.23
-12.48
184.27
0.51
-9.45
-17.31
-41.15
-13.71
65.27
19.94
7.13
-8.36
10.13
2.81
40.67
-34.74
-8.25
-9.05
-3.58
39.43
-2.21
-1.55
-13.59
1.05
-18.17
-4.51
8.68
71.4
19.28
-8.23
21.62
6.37
-4.62
-1.17
-150.2
-1.65
115.2
-20.61
4.93
-17.06
8.38
-9.36
3.98
57.98
37
-17.02
47.54
