6.71
26.55
-14.25
2.91
-7.16
64.57
34.83
30.08
10.86
-3
71.54
61.59
-4.18
83.16
3.39
81.24
2.72
3.02
2.68
16.86
-181.45
-269.76
-2.42
-6.37
-54.56
11.71
-0.09
-58.63
16.3
6.83
24.58
-35.22
6.95
-146.46
52.13
11.66
12.26
5.96
6.93
-19.75
10.59
-81.57
-23.75
5.59
15.81
13.01
112.9
2.08
9.61
-9.98
-10.03
-145.6
-4.21
-9.04
-97.6
48.05
-0.66
-17.57
-22.85
-7.49
-45.87
-7.79
-45.72
2.98
-34.84
-1.67
-10.46
8.09
21.1
3.34
-20.17
0.97
-8.3
-94.74
-74.6
11.31
-12.05
10.35
105.8
28.86
11.85
-1.51
-4.02
-84.01
-11.35
0.65
17.11
18.89
-82.79
-7.64
-15
8.53
-4.09
-12.25
9.7
18.38
0.48
-97.98
-5.96
-5.82
-163.74
20.4
-11.25
20.87
37.07
11.8
-28.16
12.83
-9.66
-0.21
10.2
89.6
1.99
1.09
27.79
-6.25
8.37
11.07
-78.83
-10.57
-94.53
12.01
8.32
-7.5
-9.37
-9.02
29.12
-5.58
-72.11
100.66
-4.78
-14.41
-13.65
16.1
-6.31
-21.75
23.4
69.04
-11.14
14.43
-13.89
15.92
-39.76
8.89
30.64
-99.72
26.4
33.29
-13.75
-60.59
-30.75
11.67
4.55
-7.74
46.62
17.07
-1.31
6.35
-3.11
4.63
-5.78
96.56
-6.31
24.07
-16.44
38.75
-2.94
-4.71
-137.2
-13.82
-40.38
2.6
-98.41
-1.98
-12.7
0.33
-53.17
-7.36
12.81
-45.82
-14.32
52.92
8.58
-0.82
-59.62
93.45
30.43
49.19
-10.43
-6.5
-9.64
48.43
-12.33
-10.41
-12.3
3.36
-2.42
-11.83
-7.66
7.25
-4.62
-7.58
-10.56
4.47
18.63
-8.67
0.74
-37.68
-36.47
-7.03
71.51
-88.89
54
2.04
43.51
-57.21
-11.56
-3.16
2.59
38.06
5.71
44.64
30.65
-2.05
-20.19
-26.29
57.7
13.74
36.58
10.1
-54.65
36.27
13.23
0.52
32.18
67.15
5.61
-144.99
-7.01
-59.76
-12.85
41.51
145.06
-19.81
10.09
-21.46
13.23
-6.56
34
-2.51
-94.91
-92.57
9.71
18.31
-114.96
40.59
-24.26
-40.14
-124.18
28.52
-39.55
-60.7
7.42
-101.67
-8.62
-4.63
-35.69
5.23
39.45
9.51
-22
22.92
-60.27
-0.02
-20.7
-45.61
-28.1
0.62
-51.4
-1.96
1.64
-5.02
13.13
-97.95
1.65
91.39
31.49
-8.79
36.77
14.59
7.37
13.18
12.77
-63.72
9.49
25.05
-5.02
-32.03
34.18
11.92
2.46
-11.16
-9.83
-9.27
-53.99
-13.83
55.41
9.92
7.48
-16.19
-3.12
-34.81
3.8
-14.14
-33.75
99.49
-154.26
13.22
2.5
-10.85
-13.83
70.99
-27.09
-23.79
-3.94
19.98
-6.32
-7.44
-52.97
-0.81
9.2
-11.66
-73.88
0.21
67.12
-9.79
-8.7
43.77
-8.92
121.84
-39.85
30.95
13.38
-47.38
43.24
-16
22.23
-0.39
-40.22
39.35
-66.8
93.84
43.29
17.74
8.37
-30.95
58.5
-12.81
14.26
-5.15
-5.07
-50.78
23.9
-9.71
28.88
25.08
7.67
-15.56
-56.59
-23.23
-93.04
110.92
36.99
-7.27
8.32
-32.95
2.46
44.14
35.43
24.52
7.39
56.6
6.61
-22.17
-66.22
26.95
9.39
14.35
-1.87
10.55
-9.53
-25.46
-104.73
-24.04
-1.79
20.4
-7.58
-80.01
-14.04
5.49
-9.68
20.69
42.27
9.73
48.37
12.86
4.23
-78.24
6.79
17.49
-27.43
-9.02
12.02
10.1
-39.73
12.16
-171.15
-15.19
60.57
-16.44
-0.91
-1.31
25.23
34.72
9.22
2.02
-13.96
38.91
-4.83
-9.96
11.48
-6.12
-56.03
-11.1
4.75
14.66
-25.96
-32.13
-65.52
17.92
8.54
16.86
-10.44
0.48
-12.11
-4.43
-1.9
60.03
-59.2
16.96
18.45
74.86
7.58
-1.34
42.41
-12.61
16.93
134.64
-5.02
17.05
-7.65
-66.26
-9.12
12.87
-22.06
2.57
22.63
-342.25
-86.62
104.96
54.85
19.47
15.5
103.64
5.02
-1.24
2.86
63.78
-13.9
67.81
-13.78
-0.76
11.18
-43.54
4.51
5.32
4.27
61.56
31.94
-284.13
-45.12
10.73
4.62
-18.89
14.39
-60.09
-68.22
-23.53
-0.83
138.15
0.54
10.81
-2.76
-36.71
13.51
-15.42
11.81
18.77
63.89
-10.08
18.11
-5.53
-70.62
-65.95
-13.45
-48.99
-23.33
-7.31
13.13
-43.46
-28.56
59.57
38.2
-3.38
3.92
-85.41
3.4
35.92
-4.61
87.54
-73.04
-11.48
3.35
4.64
11.39
19.97
6.35
5.13
22.39
17.69
36.01
7.36
-10.59
5.51
3.97
-30.4
-49.1
44.97
-16.15
11.19
15.8
-104.34
13.45
8.16
8.07
10.1
7.15
106.22
34.96
6.93
-1.27
-34.45
38.83
40.24
-40.03
7.23
2.68
-4.21
-5.85
10.62
23.89
16.13
8.68
31.83
-2.43
25.57
7.78
-0.41
-7.11
-55.21
8.03
8.57
-110.89
-16.38
-39.68
-0.21
10
110.73
6.53
-7.89
-1
-0.54
-8.61
29.62
66.7
98.07
-18.91
48.83
15.7
-122.53
-123.54
-24.49
-17.26
-56.85
-64.96
3.44
48.92
-5.29
-10.25
64.05
-7.44
27.28
48.38
6.6
-4.26
-32.82
-31.34
32.2
41.64
-23.53
-16.83
56.9
-5.84
30.56
16.05
28.57
28.31
15.55
26.27
42.91
-9.13
23.16
-1.13
7.72
90.47
2.08
-10.39
15.09
21.99
26.38
-61.05
-45.03
1.31
-6.72
31.69
7.7
73.4
-6.94
6.81
13.92
-62.86
-3.75
-8.3
44.92
43.57
48.76
55.82
-161
32.85
-6.56
-11.54
-69.25
38.76
-14.76
-45.16
-10.26
122.69
15.85
-10.21
2.1
-71.3
24.5
50.08
-18.22
-9.82
-0.88
-26.84
-6.68
30.57
-18.45
44.79
-12.47
-6.19
-98.87
-15.02
55.61
4.43
-66.26
-50.93
34.32
-42.23
-104.12
12.94
94.34
-49.28
-46.25
8.62
5.41
18.67
-39.39
0.66
-4.03
-7.22
7.7
38.39
2.84
6.62
-83.51
-13.71
-51.25
27.34
-34.14
5.16
36.81
-66.32
16.65
-52.74
30.89
0.01
-127.46
62.03
6.84
5.78
-5.74
-8.03
-17.36
-10.86
-60.22
-3.08
-9.26
7.36
-1.78
-18.09
-52.42
-9.52
7.95
-5.06
-2.94
-41.42
9.04
11.91
10.48
-7.85
-1.64
18.57
17.93
-17.49
22.73
-0.32
-34.64
-88.84
8.35
11.57
10.82
0.23
45.4
21.85
0.91
41.13
-10.36
-14.36
-36.94
5.83
-27.78
-53.13
0.92
43.13
-25.63
-18.62
-11.21
14.94
5.25
3.99
-327.74
-12.4
21.67
-15.54
2.87
-5.03
30.62
-34.37
3.15
12.19
1.33
-7.46
-13.52
-71.09
-8.9
3.01
-11.62
28.09
-10.98
6.03
-193.03
36.4
-8.9
-63.44
18.69
51.55
64.67
-25.34
-4.05
32.96
-63.98
26.22
46.95
15.05
-9.23
-6.1
-35.51
-46.14
-28.24
7.99
-57.61
-61.71
46.35
11.75
5.72
23.02
-10.3
-7.65
-0.91
-126.7
-20.46
30.32
12.16
0.26
35.64
4.95
-12.42
-7.48
12.74
119.03
34.41
-14.03
3.69
-119.91
6.21
-7.17
131.53
9.25
13.72
2.58
-7.13
19.55
-25.1
-28.8
13.76
5.25
-36.72
158.67
5.13
7.13
7.07
-10.57
5.18
35.39
30.41
5.26
-11.75
4.6
-5.53
-60.44
6.82
221.68
57.52
8.23
-22.65
6.29
31.16
68.61
38.01
-11.12
12.28
32.46
-18.9
5.61
73.06
-13.37
-5.53
-4.26
82.11
57.73
48.93
8.39
1.06
-92.32
45.27
-185.28
54.38
-1.76
103.31
-85.06
37.1
2.28
11.65
117.36
-1.23
-24.71
10.53
48.11
-29.08
-19.42
152.78
134.03
-156.86
-15.87
28.58
91.03
55.91
-52.12
-69.05
8.11
-46.89
-0.62
-37.52
-0.61
-7.37
9.41
5.67
-29.78
-9.44
11.35
70.74
67.72
-123.43
40.67
0.5
-28.45
33.34
-1.28
4.24
-18.22
2.24
-2.94
-0.48
162.05
6.16
-19.39
53.18
2.91
66.29
44.3
-6.06
-3.23
4.23
-15.68
1.21
-7.17
-13.59
3.43
2.7
48.72
13.25
10.64
-24.29
13.6
0.62
-16.43
-25.23
5.57
-4.09
6.14
9.03
-48.88
9.3
-6.65
93.02
16.08
15.2
-7.12
92.27
9.14
0.52
6.69
15.73
-28.84
102.75
42.06
7.66
61.65
15.27
77.28
-4.32
8.41
21.37
-156.46
17.61
13.31
1.6
3.42
20.55
-2.21
3.62
-34.13
-32.55
136.13
-171.65
-3.9
55.46
80.82
-15.55
-4.54
40.25
-37.73
-82.49
60.06
12.74
4.14
3.24
-75.36
19.66
10.35
23.41
76.7
92.83
0.33
85.69
-46.57
-15.87
20.92
18.55
27.01
4.52
