-8.99
4.63
-9.15
33.84
-12.84
-98.51
-119.76
5.77
157.63
11.61
-30.43
-67.09
-82.95
6.26
-147.09
28.45
-63.36
42.57
11.6
5.42
2.92
17.13
-85.65
-35.87
-17.73
-2.98
103.47
10.9
-16.79
-39.5
48.94
4
51.46
-11.14
1.06
65.5
-4.95
-43.42
-18.63
-112.6
-3.28
-14.17
-7.59
24.33
-25.33
-10.42
-29.36
-4.75
-10.55
-37.69
-4.45
8.37
-52.83
-8.39
-8.53
-7.89
-29.04
-66.51
-10.68
-29.05
168.18
-109.31
5.47
-3.75
-5.16
49.77
-1.94
7.42
3.01
-148.86
51.84
-34.51
22.27
25.57
11.85
-5.87
10.52
0.95
-10.08
159.45
-10.54
-34.09
5.57
52.39
28.31
-2.89
-62.41
-31.12
17.92
-237.64
136.17
125.33
-50.35
2.71
-47.33
39.47
-147.21
3.01
30.39
5.74
-82.84
85.63
37.24
20.09
-16.97
65.71
54.37
-55.21
6.02
11.32
-40.86
-23.37
-54.88
-19.62
-3.4
-19.5
-41.73
19.46
2.35
-12.33
12.96
215.06
2.3
18.74
-0.68
24.93
-152.11
-3.92
-142.3
-3.19
7.09
-4.62
33.54
43.65
-25.36
93.13
33.25
6.14
-2.42
-63
-11.83
-2.98
-25.76
-111.22
2.36
3.72
-5.41
-29.97
3.95
-88.42
1.36
54.88
-56.45
8.66
37.34
-10.3
15.34
1.29
-8.08
-21.01
-136.34
6.99
-6.17
1.84
25.9
29.16
10.72
-8.99
-10.35
-34.94
48.14
13.44
44.73
8.84
-1
86.77
-85.8
52.34
-29.05
1.54
-4.21
33.95
40.62
-5.94
88.95
-17.43
-7.89
-15.14
79.73
-27.75
14.94
12.07
-18.41
-122.6
-1.91
-0.56
-7.53
-7.54
31.13
79.78
-80.71
5.28
18.44
5.99
-38.76
-82.53
-18.55
66.72
62.9
0.91
27.31
-13.39
-6.58
5.53
5.64
60.98
210.12
-9.67
17.41
14.23
-4.54
-11.27
-3.69
-3.73
-10.38
6.45
61.35
-7.37
2.3
61.36
-232.49
9.89
-16.42
-10.92
-6.75
-4.17
11.78
11.16
51.25
11.15
-20.26
8.49
-4.15
75.57
-8.66
0.23
-11.01
26.18
-4.74
27.49
0.1
-121.28
-11.61
-2.54
55.12
-102.04
0.57
-3.42
2.09
15.39
-5.4
-13.2
10.17
-7.9
-10.21
-7.66
-8.64
1.8
-6.58
-9.43
-5.77
-28.01
25.99
5.32
-2.03
-3.76
-8.8
-19.35
-27.13
53.66
-138.11
-5.22
-48.35
61.79
28.17
-14.87
1.94
-75.39
-82.7
33.24
133.08
5.4
-7.3
-14.87
-4.66
-4.07
102
-14.9
5.8
11.58
25.86
-10.93
5.77
28.6
-18.76
5.37
-5.28
-7.35
44.65
-19.1
-4.25
1.73
61.7
70.32
-2.11
-32.67
2.61
13.43
-19.32
31.38
-20.65
-22.25
-4.03
13.66
-14.78
-12.96
44.96
3.73
52.57
18.27
44.09
-127.42
2.09
-6.37
55.34
9.43
-5.75
69.88
10.07
-78.76
-130.87
-69.56
105.32
-3.87
6.04
46.86
-60.61
5.56
-33.22
-0.72
-22.94
-94.1
-16.45
4.06
109.17
-19.98
-50.41
-45.17
-9.57
-12.86
-103.51
3.59
15.69
87.32
8.19
1.99
7.04
-0.69
-11.44
38.64
26.3
-74.97
-66.09
-12.83
-9.5
-5.15
150.74
-8.05
25.5
51.95
-40.39
11.65
-33.31
90.6
3.64
11.86
21.76
7.2
119.99
7.79
6.75
7.4
-16.7
79.13
11.08
10.52
45.55
12.36
-80.39
-11.34
65.11
-177.16
1.37
24.21
-16.29
-75.91
4.62
-54.64
8.26
31.03
-5.4
-11.5
8.88
43.95
6.39
27.06
1.64
6.07
-22.1
7.73
21.52
30.55
9.18
44.51
-9.93
0.43
18.52
-10.99
-13.12
58.18
-9.53
-124.18
13.64
-19.41
-7.29
-13.96
2.82
15.33
9.88
118.14
-6.11
-20.98
9.2
-9.77
-6.77
13.84
1.9
-7.35
63.65
64.4
25
5.42
-0.55
-1
-7.44
-74.36
-20.87
6.66
16.57
-21.99
-2.54
151.44
6.07
119.51
-10.47
31.82
-67.71
11.76
-78.5
-23.47
-8.06
-2.6
6.02
45.07
-0.14
-102.95
-10.19
-57.63
-153.23
1.25
3.64
99.75
16.83
-9.34
26.53
-59.09
21.4
2.49
8.04
10.55
45.49
-20.67
-33.55
-13.43
87.58
5.18
-21.33
-23.56
7.28
-37.41
93.77
-11.65
-3.23
-16.47
-77.38
-3.72
19.99
7.46
27.29
4.59
-29.44
2.35
-13.08
-43.38
1.3
40.88
125.58
-57.55
-12.41
20.51
-9.09
-152.94
67.68
-45.27
6.44
6.27
13.1
2.55
-30.68
44.27
68.59
3.3
80.07
10.2
4.23
-52.75
-21.68
-121.63
-29.3
-130.26
-13.24
12.64
44.2
34.15
3.62
-5.39
-9.19
7.11
-72.33
1.06
32.76
5.41
-9.36
-11.98
11.47
-16.81
141.26
90.25
0.3
40.77
4.32
6.66
0.66
-15.71
-13.03
48.59
-7.61
-7.28
12.69
82.62
-74.11
0.88
2.23
-50.72
-14.07
28.69
15.47
-74.92
-41.82
-4.72
-24.21
37.14
21.81
1.48
-1.34
-22.65
24.13
-50.1
-156.77
12.04
11.27
-11.59
68.32
9.45
5.62
-3.43
83.92
37.48
4.01
32.01
-31.61
25.23
-5.16
5.61
8.36
-14.54
-139.92
-12.46
-12.93
8.47
-12.21
33.18
2.28
19.38
19.08
70.83
26.06
-65.65
12.94
31.03
-57.88
151.65
-6.93
15.32
59.72
-52.74
2.23
14.98
21.15
34.47
12.64
1.5
-40.56
35.8
127.72
-78.61
-0.78
43.25
5.87
4.15
10.96
-25.61
-5.06
-24.18
1.5
-101.43
71.58
42.34
34.85
-11.26
-7.91
10.88
-20.03
7.11
-110.74
108.05
39.88
-0.02
19.34
-8.04
42.88
14.78
-3.77
45.31
4.33
66.08
-8.31
-41.07
59.87
2.66
26.39
14.53
52.59
10.74
-41.33
-75.16
-42.92
107.97
50.57
23.36
-17.55
-12.02
7.91
31.14
-18.54
-180.47
-0.12
-68.43
131.27
-0.37
-50.02
-52.82
79.62
-1.82
-225.06
23.74
-77.72
111.54
-48.04
38.57
50.04
54.25
-35.26
0.66
11.22
9.23
-39.1
-9.01
-5.95
0.16
-21.46
-129.01
30.19
43.64
-38.73
54.13
12.96
-48.55
15.3
9.77
94.19
21.79
-96.04
-33.84
-6.09
-13.96
-7.05
10.06
36.67
25.86
-2.28
60.16
0.64
8.1
-33.53
-17.08
8.83
8.12
-9.34
4.29
10.99
-10.28
3.41
-15.43
-13.08
1.35
-83.63
-78.95
24.1
19.02
-16.35
70.41
3.81
21.15
20.04
32.31
-41.9
6.51
-2.91
7.02
-5.37
-20.19
23.27
-0.97
59.54
21.73
-5.35
44.2
-69.41
8.51
4.78
-8.17
8.51
7.65
-0.97
-103.7
4.02
17.11
-101.76
-0.95
-22.21
61.48
-148.1
71.28
-14.47
-12.66
11.09
-42.21
-2.31
-5.62
-117.78
30.82
-15.94
11.9
0.4
-71.7
6.47
57.1
-30.57
6.94
-14.37
-11.34
37.44
7.46
100.95
-69.48
-92.94
-2.37
6.4
80.67
-9.76
101.82
6.44
50.51
14.77
-36.82
25.95
85.48
-154.4
94.61
-30.76
-7.79
-0.92
-12.21
78.16
5.43
-3.53
40.65
-42.36
-40.77
21.51
0.66
-1.13
11.43
-203.74
114.57
11.13
4.83
6.82
0.75
3.49
65.75
-3.49
48.56
16.67
75.82
4.53
54.5
65.16
-20.22
-48.74
3.75
222.47
-41
5.51
-3.3
-1.45
-2.16
7.72
-41.89
-40.31
-10.55
83.96
69.9
11.99
35.84
89.82
11.67
19.86
31.24
5.77
42.74
11.89
14.6
-1.42
10.94
29.29
-129.15
-5.14
59.21
-53.76
-6.59
5.46
103.4
-13.23
46.71
8.32
69.72
28.42
62.61
-2.21
-53.83
-9.16
-77.21
34.27
-11.23
-10.19
11.07
81.22
-10.5
-15.49
-54.58
8.12
-21.35
-26.95
-11.85
12.03
-16.81
-1.34
12.23
13.67
3.99
-4.6
-32.71
-16.92
61.14
11.99
-12.96
117.93
-57.33
20.03
-6.19
-253.91
-2
-8.67
17.77
10.12
43.96
-44.92
-19.15
-102.18
8.44
7.81
-5.62
2.39
9.68
32.23
43.1
-8.07
-9.56
-4.24
-0.11
-12.72
12.71
-6.24
-11.26
10.92
7.21
59.36
11.29
7.72
-13.78
-19.95
12.2
-55.98
-18.44
11.96
-37.25
32.53
13.23
-16.87
84.65
25.02
33.89
-9.86
-11.91
-13.67
-6.34
7.23
-5.61
-13.81
6.6
-21.44
-12.38
32.14
0.78
-8.75
3.65
35.65
8.94
-30.39
-95.06
-7.87
-15.68
33.69
-5.98
2.1
6.45
52.65
-104.95
-70.93
37.78
-10.67
8.18
96.98
14.27
-6.06
68.71
-44.2
-1.81
6.19
8.65
-17.67
15.87
-75.31
7.62
-47.29
-19.81
-35.41
-10.13
93.76
-204.82
20.59
9.95
10.44
-48.35
20.73
-13.93
-6.35
-230.42
-31.95
-14.78
-29.53
4.74
