4.35
98.89
-171.51
12.35
-61.62
28.95
-8.15
7.78
-18.94
-4.15
-10.64
23.71
-126.22
61.04
-7.45
-8.96
7.38
-13.38
20.06
-90.85
-9.18
71.57
13.19
14.88
-4.01
44.67
6.82
-42.51
8.24
29.77
1.23
15.43
1.9
18.61
-86.6
5.73
0.86
14.79
0.55
111.31
2.11
81.7
108.19
-5.37
-13.8
-2.82
-24.99
3.39
129.68
-101.49
8.11
-52.4
-9.03
19.5
-4.36
-27.88
3.47
-8.31
-184.04
1.39
-36.61
54.35
-199.36
-76.05
-6.63
-0.69
-8.78
5.02
42.5
25.19
6.19
72.98
-81.59
-39.07
8.98
-53.03
-1.48
-6.31
-78.23
-168.78
-86.8
31.26
15.5
9
-32.15
-4.09
-12.73
-7.6
-6.97
40.47
0.09
-3.54
2.29
2.79
-44.75
18.77
37.79
-6
-76.96
49.4
-4.19
163.13
12.19
52.62
-11.34
53.12
73.8
43.78
97.1
51.46
48.63
-30.82
7.47
8.56
-5.68
-18.08
-10.51
37.63
-68.95
4.1
-92.01
6.99
53.47
-4.63
-33.51
23.26
-2.6
14.63
12.28
69.09
-19.19
46.42
-34.01
5.29
-28.69
-7.48
-15.3
18.22
80.55
38.23
3.71
43.75
-102.1
-5.11
1.65
12.86
41.54
-94.6
18.68
-9.13
6.01
9.68
114.24
-2.7
-134.31
5.68
6.77
1.24
-18.57
-3.97
14.25
6.15
-119.75
14.96
-61.14
-57.88
-4.78
4.82
-11.14
15.24
143.58
-13.12
11.68
3.04
11.75
-24.22
0.16
-101.3
25.45
12.83
7.99
-27.09
9.89
16.66
149.7
-13.59
56.11
130.21
79.49
12.26
28.78
5.19
25.04
82.67
21.39
-0.4
-0.56
-16.25
-30.57
26.4
-1.56
-40.15
87.62
-22.22
102.87
-13.67
13.08
38.31
26.77
51.82
3.64
-29.23
8.1
19.68
133.6
-16.24
8.53
-11.46
51.72
24.45
1.99
-119.32
-41.81
21.22
-2.96
12.56
56.88
-24.93
-60.17
-0.98
-20.37
53.76
-0.52
12.15
-6.05
-219.78
16.33
-5.86
59.17
-4.78
101.38
-9.25
-57
50.54
10.65
-0.41
55.49
2.9
2.44
-6.93
40.92
55.3
52.12
-4.96
-24.02
32.39
47.46
77.26
12.26
-9.14
-2.66
-2.97
-43.79
86.51
-5.26
82.19
7.61
-0.77
29.36
-0.48
-47.18
-67.64
80.36
-11.51
43.58
6.56
-83.41
-18.32
-31.5
51.31
-3.2
-97.81
-3.68
-6.64
51.15
-84.26
38.64
11.3
38.66
-0.74
-10
1.63
6.74
-58.23
13.28
-43.65
11.76
5.9
0.71
24.18
41.89
-8.92
-0.94
1
-2.6
-26.79
1.43
0.5
5.97
-11.84
69.9
-33.72
-10.46
-35
77.01
-88.33
17.41
-16.9
-7.91
32.58
-8.33
78.07
6.72
-6.96
10.71
-1.62
57.31
85.26
-183.88
-9.59
-7.73
10.2
25.72
52.6
-3.81
17.93
-8.86
10.65
-7.35
8.34
6.44
-3.96
87.42
8.66
-24.53
-132.88
-132.25
2.3
2.84
6.94
-26.77
19.42
27.9
1.56
54.26
8.31
-9.41
-102.5
59.65
-0.3
-6.12
6.58
-3.35
0.4
-6.33
10.84
77.36
-189.12
-21.14
-9.79
-76.45
91.81
-2.66
2.74
-132.29
-49.51
-15.53
4.82
42.85
9.85
26.69
14.06
-34.38
4.9
3.42
20.64
-11.59
30.09
-25.71
-8.39
-37.17
11.05
1.17
-29.62
6.26
-114
-0.24
-6.09
23.26
8.52
-56.03
-9.9
1.64
-28.14
5.75
-43.07
9.69
-1.93
5.49
-12.24
-7.18
-3.11
60.17
-3.64
-85.24
14.62
-28.28
-10.56
-15.57
-41.2
-72.3
-8.51
-22.99
5.9
-47.21
129.8
14.72
-12.96
-2.98
7.68
9.61
4.72
-2.71
-7.4
7.83
-21.09
5.9
13.98
-5.61
-106.32
-53.36
9.39
-6.25
-7.2
119.53
2.45
-2.52
-44.48
-39.93
21.37
113.75
8.93
-1.68
0.31
40.22
20.73
16.86
8.16
9.78
-35.85
-60.67
-38.68
144.82
-2.13
-1.03
-2.5
51.8
-12.97
17.02
147.9
-4.82
63.64
-7.85
-100.16
59.75
-52.19
-32.5
9.88
17.78
-4.08
-8.74
-17.38
-58.64
-13.08
11.21
15.52
-11.6
77.52
-2.66
8.05
-8.27
-9.91
7.63
-7.21
156.19
4.94
12.67
-16.62
-1.97
46.49
43.27
57.31
6.25
-6.82
-43.14
-36.38
-8.16
6.15
-2.19
-54.89
-67.7
-2.57
3.17
-10.59
29.46
-77.92
-11.07
-11.01
3.07
-3.21
12.91
-7.57
15.15
-65.89
-3.01
-67.27
-77.72
-8.45
-1.88
-15.13
45.68
47.83
15.5
0.08
-2.64
-46.47
-14.02
-61.7
-10.83
-88.24
-5.05
-34.45
52.63
5.81
-36.96
7.91
-38.22
14.35
-126.17
23.28
-6.42
6.98
-3.24
-10.5
-6.1
-25.39
-85.33
-19.61
-19.68
1.41
-0.98
-12.29
5.73
9
-11.9
-4.11
14.27
9.43
-8.71
-9.84
27.67
-2.86
-6.18
-1.9
8.2
-10.93
10.18
16.27
19.79
15.13
132.2
-25.11
59.21
23.89
-9.49
-43.54
-25.24
-205.55
16.7
-18.25
47.18
9.57
15.11
2.26
25.71
38.4
5.58
9.82
-7.19
13.41
-57.46
-41.27
-8.23
103.02
39.73
5.91
-37.12
42.04
14.67
18.18
-73.49
-39.19
32.63
-57.05
0.61
-37.45
-25.44
10.15
8.86
-31.58
18.82
61.48
38.42
-2.78
6.41
8.1
-2.25
-123.29
-96.78
-5.02
5.32
53.89
135.38
14.76
-91.22
55.38
8.49
-40.59
-16.64
19.52
15.96
2.1
8.06
-12.22
-10.63
65.8
16.46
-6.51
22.05
-7.1
9.84
4.13
-16.96
2.63
6.72
-28.51
9.21
11.17
-20.92
3.95
-100.7
7.75
-2.95
4.41
-18.02
-0.89
1.88
-28.66
-1.94
-19.04
-5.55
22.5
11.48
12.73
34.69
99.28
13.82
-29.94
9.76
69.17
36.27
-3.03
26.61
-45.37
-6.3
8.42
3.03
-45.75
43.03
-26.57
-28.16
-15
-64.31
-3.6
2.76
4.07
-10.61
23.19
-78.34
30.32
-22.74
10.63
-10.7
11.69
85
87.72
-162.77
5.18
-92.14
-42.87
-9.33
-7.63
-6.44
12.84
55.28
-3.55
63.34
140.9
27.9
-9.85
-100
10.83
-64.12
61.74
2.96
-3.55
-84.75
-42.94
-4.28
31.91
-5.34
39.71
16.06
-37.8
5.63
5.8
6.75
11.14
5.82
-6.76
-19.32
132.56
-6.56
-31.27
-26.86
98.01
9.79
-6.61
-108.11
6.58
42.75
-3.82
9.49
-0.02
-10.02
44.68
-1.17
-17.65
19.76
-13.81
-7.92
-7.82
38.28
35.43
-24.81
-20.76
10.12
-11.28
-26.07
-13.31
-43.68
92.75
8.01
3.36
-11.19
19.87
-17.04
17.6
6.07
44.38
1.26
9.81
-10.13
28.91
-6.17
-45.18
71.8
144.76
43.53
75.87
-1.26
5.09
5.14
60.06
18.06
8.05
-80.4
-13.32
7.82
65.84
-10.83
32.01
11.02
-22.61
1.74
3.13
-116.89
67.6
-200.48
-24.65
34.13
-40.94
8.08
-58.23
-9.95
-22.21
9.08
-136.73
-7.56
2.89
5.21
6.83
13.45
25.52
-5.99
81.71
100.2
63.11
36.56
16.72
4.14
2.9
-63.83
-35.06
-79.28
4.44
-42.14
-54.35
19.21
25.41
7.84
2.78
1.55
16.6
67.59
-5.75
17.67
-213.91
-4.66
23.04
15.84
0.66
-1.63
81.26
10.51
-113.22
-96.53
-4.18
-6.04
-58.59
-46.79
106.24
10.42
82.41
18.22
-26.98
7.26
9.24
95.01
-32.42
59.14
28.94
-54.97
-15.96
-5.19
-17.04
34.3
60.63
-198.08
-89.9
13.72
9.75
100.71
8.37
16.92
98.03
-25.49
10.52
26.28
56.1
101.06
6.59
0.17
5.99
-1.24
4.21
-5.26
-15.41
-32.63
41.82
-59.84
-6.75
44.44
-48.27
37.27
0.71
-12.38
-31.34
-19.8
16.85
-57.16
9.64
-0.14
120.28
32.88
9.96
12.45
-101.18
2.79
-78.33
2.97
30.32
-53.73
-5.12
-108.1
6.41
-14.21
6.9
-9.19
2.15
-7.53
37.86
-14.93
-21.37
-2.43
-51.43
13.12
9.08
18.41
-59.14
-33.43
-9.11
1.6
29.67
-81.31
-2.83
87.08
2.55
1.98
-2.85
-19.43
-7.62
-197.64
19.99
-7.52
47.42
-123.02
37.37
94.39
-5.82
-22.62
-1.51
-134.99
109.73
39.18
37.26
44.44
15.06
-39.74
7.8
-30.77
-129.67
-6.66
-106.91
-6.87
33.51
48.45
-68.81
12.77
-13.36
26.27
-14.76
74.56
-25.63
40.46
57.51
5.32
11.44
-11.18
11.22
-233.34
13.53
-109.26
-76.91
-77.28
16.02
8.38
26.71
107.77
52.08
-21.09
-11.74
9.92
-3.64
-35.11
79.05
27.95
49.86
-7.51
-13.59
69.8
-10.69
9.4
20.97
91.78
-104.73
-8.47
38.63
29.66
9.49
11.8
-5.38
51.51
-84.82
