33.71
-19.44
-57.16
4.29
-5.98
4.2
-16.61
105.29
94.7
-16.23
11.23
40.42
-66.67
-35.4
-3.43
24.57
3.98
98.8
-36.97
-12.65
-0.41
-67.56
-40.74
-16.04
44.01
0.23
3.91
0.2
-44.4
7
0.62
-2.14
35.06
-48.86
122.45
-63.16
-8.84
-14.78
43.13
-76.42
6.6
88.54
-3.19
-3.7
-30.11
-55.41
-10.9
92.04
-14.16
-118.43
19.13
-2.16
64.48
41.41
-13.31
6.23
13.11
37.88
145.78
16.52
-44.78
7.33
-88.71
-6.83
-114.71
-0.88
-27.27
23.85
64.83
17.34
114.61
24.28
-9.43
-95.37
0.43
13.07
-2
163.74
6.31
-55.8
2.23
33.06
4.68
-100.49
-18.65
21.45
11.88
53.02
-5.86
12.55
37.44
4.94
-1.69
18.71
43.72
-5.17
6.4
1.7
-2.03
-10.15
-33.79
-5.88
12.22
12.53
9.3
36.5
-18.85
0.21
13.7
-58.22
-29.99
-12.35
10.67
16.28
-8.41
31.54
-3.53
-7.83
7.96
7.56
5
47.52
-79.03
-22.99
8.59
20.37
-21.46
-42.56
8.36
-8.2
11.46
-117.28
9.54
5.89
-17.26
3.5
-96.95
-11.23
67.02
-172.7
4.77
-22.35
-62.82
9.79
80.23
-14.06
10.83
137.66
57.78
21.32
29.92
-11.05
6.92
29.27
28.19
8.18
17.77
-10.86
-72.4
153.08
-7.25
-4.5
-56.81
19.89
7.75
-56.27
-174.83
10.62
33.07
-70.61
5.65
63.29
-2.93
-16.59
25.03
64.9
71.9
-108.95
60.74
-1.9
10.92
-62.9
3.24
-7.01
140.27
-13.25
18.07
-2.76
-63.22
-82.26
-9.36
-27.05
-65.59
8.15
4.22
-12.28
11.24
-0.33
-6.98
-9.96
0.26
16.97
-7.97
38.23
-2.33
11.64
-9.05
-4.37
12.91
-73.9
0.16
-1.53
2.02
54.18
-0.11
-12.74
-20.2
-33.86
-1.99
29.49
18.1
-4.39
-4.37
9.63
31.86
-14.33
-9.62
-8.17
62.35
-3.39
-103.2
18.89
12.15
-80.21
5.43
-5.92
-21.3
48.16
32.17
-71.55
44.82
0.53
-17.69
-54.49
-6.61
44.52
-2.8
-2
-3.27
9.05
-0.17
8.77
-33.47
-41.22
44.51
-200.13
10.22
18.45
-29
-68.76
173.42
-7.08
-17.4
-22.72
-77.71
3.4
-5.22
-10.89
41.73
-6.28
-7.44
-23.99
8.92
-173.17
48.27
-0.62
-15.13
-10.2
33.26
10.83
-79.18
-34.47
10.27
4.97
63.38
-83.45
21.83
70.34
-6.18
-4.61
2.11
-3.9
8.96
-410.64
58.05
-172.98
46.68
-0.1
-6.8
146.22
-106.84
-70.91
-87.04
14.86
-5.07
-7.93
-13.46
9.36
5.87
-34.27
18.06
0.83
-12.73
-9.96
-25.89
-13.26
6.58
3.67
74.18
-2.09
81.16
31.52
-44.09
-7.1
52.5
24.19
32.08
36.55
12.7
-69
11.05
46.6
3.03
6.1
14.06
25.76
-6.54
16.07
-11.36
-31.25
38.49
-67.96
-264.15
49.66
14.38
-11.79
-6.22
42.08
-31.92
-2.07
3.91
44.42
61.62
99.95
-3.44
-0.92
103.55
13.82
-9.52
-12.89
-47.87
32.71
-31.07
-8.8
39.59
103.21
-62.75
-14.37
11.55
-7.52
3.92
-9.6
-8.56
-11.19
-29.87
5.85
90.3
-35.57
11.76
207.29
33.19
12.95
-13.96
-5.3
-4.86
69.58
-17.39
38.92
41.22
-58.6
-10.67
-12.56
6.05
-9.95
-22.26
-7.38
-48.01
-80.06
-9.3
11.7
-10.46
56.15
63.77
-10.33
-8.81
8.84
1.81
0.68
-19.7
10.6
-8.04
7.28
29.47
-2.65
3.22
3.51
-6.42
50.56
92.81
4.16
-4.97
8.86
18.15
-9.67
-2.68
-33.99
-20.45
-4.82
15.74
-25.1
13.18
-7.53
27.91
-5.42
6.29
-46.18
30.1
10.56
37.53
11.63
29.01
37.15
59.62
-0.7
-62.98
63.32
11.97
-49.13
-1.53
-27.87
-9.93
-51.18
26.8
43.27
-55.73
-179.9
-5.52
3.33
-60.62
-79.79
13.97
1.98
-3.78
9.36
-26.61
12.88
-24.55
-4.6
-16.53
4.59
20.36
44.03
-38.51
103.1
13.74
2.42
-50.16
2.31
-3.34
-12.49
-1.19
22.41
-17.59
-35.53
-44.69
-10.18
-171.27
77.3
41.01
-14.93
55.64
-71.52
-0.97
80.63
-12.36
-1.6
-179.15
45.06
-10.65
-11.46
-42.96
69.78
56.04
-6.49
11.07
-43.81
1.38
13.88
13.14
3.47
-92.93
-103.53
28.58
-49.06
12.3
3.28
56.89
-5.07
1.06
13.06
22.46
-18.07
28.83
-92.84
110.73
-27.32
21.05
-26.21
-2.18
-3.75
1.02
2.4
-3.29
-3.8
-125.91
-10.71
-6.77
-7.99
-16
-47.23
-21.88
-4.98
29.58
-20.11
-172.02
-12.75
-3.77
-8.36
2.45
-4.86
8.23
-56.29
0.54
-1.98
-2.22
1.87
-25.31
0.31
6
-10.32
44.35
10.94
-60.19
51.86
-14.35
35.33
16.32
70.69
-9.04
-9.43
-1.23
-0.99
-116.91
-2.02
7.34
-24.07
-55.1
13.59
-33.33
7.59
-49
6.46
-57.36
-49.3
6.58
25.46
7.66
-12.86
-10.38
-51.48
-0.83
5.69
-0.74
46.72
-0.8
-4.91
38.35
-71.03
-9.32
37.12
-9.9
-39.59
-8.25
5.13
5.66
1.99
6.42
5.1
6.54
-10.11
-153.98
-9.52
12.69
-33.53
3.69
-12.6
1.89
6.01
5.85
-2.23
21.83
7.7
10.42
-0.01
26.3
-4.5
18.04
-112.76
26.67
98.32
24.87
-6.86
-48.76
-7.51
7.66
-67.59
10.9
-8.42
13.45
173.3
90.1
9.21
24.99
-29.86
52.66
-5.88
19.72
-5.68
-71.06
-5.63
-0.51
-21.23
37.32
-167.25
5.51
4.81
-12.36
187.02
47.93
-9.96
85.25
28.28
3.49
8.52
15.05
51.02
-0.88
-1.1
19.39
1.43
-7.58
-77.55
-3.59
42.39
-41.34
-18.62
79.7
-22.67
-53.29
-90.91
18.26
3.35
-2.92
-5.11
25.49
44.67
-5.48
16.12
-6.99
-63.53
20.66
20.71
9.21
-5.34
20.4
47.62
0.81
12.53
38.83
-5.07
-61.37
-9.95
-2.38
24.26
10.86
-80.24
49.3
-16.28
-36.8
1.8
48.37
-30.55
-1.31
30.81
31.3
-8.68
-59.73
-87.78
35.54
-12.44
-6.92
92.52
-3.71
-72.27
5.19
10.5
-11.97
-4.12
-14.99
-12.98
46.55
136.38
75.11
1.58
-58.01
7.91
14.59
28.97
26.84
22.51
57.02
4.72
19.11
-3.01
7.12
-3.35
-62.35
-84.78
127.34
8.84
25.85
-3.93
-13.22
-4.29
-88.29
8.62
-162.91
18.97
43.17
3.28
-43.56
51.49
39.06
2.66
1.24
-2.12
-75.88
-0.54
-5.34
9.14
15.77
66.97
5.12
-105.17
4.58
4.82
-27.2
-30.29
16.55
37.21
63.63
-5.99
-12.38
50.21
-73.72
106.03
9.98
-29.23
19.87
-10.25
3.12
13.54
100.36
-33.86
-40.53
112.07
42.96
42.83
27.27
6.74
-15.37
18.32
16.73
-20.14
4.82
5.3
-6.95
-17.71
3.66
-16.97
-3.41
-10.96
71.98
11.49
-7.52
123.87
7.26
9.36
49.71
39.22
-20.05
8.71
-14.94
1.09
7.48
-15.38
-16.97
94.23
-0.56
6.94
148.89
-1.03
-4.48
49.43
38.27
12.25
-1.56
53.05
34.74
6.67
-39.22
-47.95
9
-6.74
-34.37
-19.99
3.99
0.88
-112.13
20.84
-4.42
55.27
1.73
-12.22
-3.46
35.51
-48.48
11.26
38.22
14.1
24.12
7.52
70.87
-43.6
86.35
-12.83
19.63
8.71
-1.2
6.74
8.89
8.54
-9.87
-7.61
81.77
2.25
-1.24
-66.85
-13.94
44.58
-21.25
10.05
-59.59
-7.17
22.48
-27.33
62.7
-23.02
-18.06
-2.61
9.62
113.29
19.31
66.31
-45.76
28.75
-0.42
21.36
0.08
-31.28
11.33
-18.98
-16.2
-15.43
-15.42
5.96
2.14
-4.78
8.87
8.82
5.39
14.38
-61.67
-1.73
9.28
-2.94
-8.7
-5.72
0.34
150.93
36.76
-14.2
-8.67
34
62.57
7.37
86.8
-0.34
-24.13
19.62
12.79
0.47
0.3
11.1
-118.03
-3.14
-8.17
-5.98
9.37
26.03
-34.2
80.23
-8.29
13.44
19.4
-55.75
-2.97
-9.48
-10
72.42
88.51
5.37
55.96
26.56
39.92
-8.38
4.05
-10.2
-1.11
-6.49
7.99
-37.48
-1.7
109.51
9.97
-108.8
-9.69
51.87
77.35
-0.42
-9.04
47.47
10.04
-10.39
25.52
67.29
-70.43
4.16
-11.98
-9.85
6.81
8.13
3.97
5.32
19.02
-39.24
-86.74
53.1
-17.92
-24
-39.27
-3.21
13.56
-40.28
64.07
9.8
-36.88
-1.28
5.79
-13.5
59.67
2.69
16.3
72.18
-12.73
-18.7
10.5
-11.93
-14.66
-4.25
85.24
13.1
-4.41
-14.64
-30.39
-50.29
-1.85
-5.47
32.58
27.34
5.56
-5.09
-88
-1.04
