46.7
8.22
-4.52
-15.9
-8.8
24.71
-17.87
-0.04
-120.33
11.7
13.89
-2.12
-26.63
68.49
10.76
7.35
3.4
-2.18
7.26
8.5
33.4
-10.32
-21.73
-2.54
-2.7
-9.66
-9.81
-44.19
-4.34
5.75
-15.85
0.24
97.26
-21.29
-9.42
-35.32
-8.85
-18.5
22.61
-169.12
6.36
-112.49
-31.13
34.83
27.55
-11.17
8.83
-7.12
70.69
-13.3
-7.49
-46.37
0.18
-5.76
-4.76
-8.48
-55.52
6.52
0.64
76.54
31.39
-8.63
-5.04
-30.56
-12.49
-14.9
6.68
9.82
17.35
95.53
-26.09
6.6
28.96
45.95
34.59
-5.03
20.96
9.21
-21.57
-16
60.44
0.48
121.04
-25.81
-10.39
-10.68
14.48
-12.45
95.71
-22.57
-2.61
-7.41
-53.17
3.41
40.37
-23.96
-2.74
7.89
-55.91
-9.34
-59.51
-31.23
-3.22
9.94
-2.33
9.42
22.43
6.13
-0.56
27.62
-8.14
10.52
-9.33
40.28
16.92
33.13
-62.91
6.4
10.74
-40.69
6.85
79.79
26.63
34.48
-141.71
-42.1
1.26
-16.28
-12.31
9.1
-69.43
-3.84
35.6
-6.76
-0.69
50.25
10.7
2.31
-13.19
16.28
-2.06
-16.22
12.92
-6.62
-0.29
1.11
3.22
-27.92
-6.2
-68.31
-7.61
55.98
-15.62
-2.24
-10.11
8.8
-2.24
-84.31
45.81
-18.79
-2.31
21.87
-4.54
-15.6
7.82
64.41
1.57
5.16
-3.83
1.51
4.35
-18.95
-40.66
44.65
-1.43
-90.69
69.93
-81.5
12.55
-1.38
9.15
-42.46
-12.11
12.93
46.1
7.17
-3.99
-10.24
47.98
-10.93
-26.2
-35.8
-10.9
27.08
8.12
-7.34
-22.82
5.05
-127.18
14.18
-29.82
41.68
-114.95
-10.02
-28.74
139.25
-3.27
80.46
23.49
-100.3
-9.36
8.94
-42.78
13.66
-53.6
9.46
65.49
-10.62
67.75
-29.54
11.45
28.32
35.86
11.66
-9.32
-65.29
14.44
-27.74
-2.09
-15.48
6.29
-45.44
-36.49
8.07
-154.62
-3.7
-17.94
-20.96
-8.35
1.84
0.37
-9.6
-14
10.74
3.72
5.14
-1.07
-8.46
43
10.61
-3.15
-77.4
5.44
8.67
3.86
-33.43
2.56
-10.65
-8.8
-114.49
1.43
-26.35
41.08
-15.53
-18.67
-0.78
30.56
-1.11
13.01
26.48
109.45
-19.65
-6.52
19.94
19.21
41.8
27.96
-135.15
30.35
-7.1
-57.94
-20.22
8.41
-31.97
2.97
13.26
-0.82
-12.29
-38.31
173.81
31.13
171.8
29.28
-12.14
5.43
-79.07
-6.14
-25
-19.11
40.84
12.36
2.95
73.21
21.26
64.6
16
1.91
33.34
123.69
51.24
-9.1
-171.96
12.25
-6.49
48.62
8.05
-11.43
19.77
69.2
-74.87
-7.65
-10.97
9.29
-24.39
183.45
27.63
192.57
7
139.92
46.51
130.74
12.08
2.93
-69.97
10.96
-0.46
11.64
-10.68
-222.95
49.7
10.17
-21.72
-14.93
3.84
-79.36
-40.92
-21.85
51.22
-48.21
6.08
14.44
-176.69
10.81
-50.05
-5.85
-15.05
-7.91
10.1
8.89
-15.63
10.77
-40.33
6.45
6.05
7.37
4.1
104.13
-11.52
41.37
-3.57
-28.28
44.92
53.72
2.1
30.89
-10.94
12.48
-50.12
-1.64
2.27
-26.74
-102.47
-1.76
7.65
70.44
-83.33
9.21
43.52
19.51
21.29
-57.34
-10.55
0.58
-15.43
0.01
6.81
-17.08
12.37
5.21
-12.28
4.71
-36.78
9.09
-24.79
-21.93
2.25
5.94
11.01
-34.97
22.9
13.41
34.21
108.89
5.67
-8.99
-0.93
4.64
-6.1
-14.06
18.56
6.14
5.61
124.99
79.72
-18.69
-5.02
19.95
19.45
-4.35
27.95
7.8
-65.02
-18.55
-7.75
-110.88
-93.18
43.66
23.89
32.47
6.25
-29.25
-40.74
26.56
-49.87
-43.35
10.62
-89.64
-110.51
-5.06
10.89
-2.65
88.93
71.51
13.43
30.14
26
-21.59
28.4
19.12
14.18
-52.73
-90.43
5.5
45
-50.42
-3.49
7.91
6.12
24.09
6.55
-6.12
-15.96
-39.59
0.92
-4.35
-13.75
-3.44
-0.57
44.13
6.7
-5.48
-54.36
-11.42
13.48
48.15
-8.44
-1.27
-0.34
9.04
-36.39
-12.16
3.09
1.89
26.17
-10.56
-28.89
-6.36
89.36
-5.39
9
29.33
8.41
-23.03
-43.02
-0.38
-26.46
12.15
62.96
126.18
-18.09
100.53
86.85
-1
21.92
-39.26
-65.87
-38.72
-45.78
7.67
-6.28
-9.2
194.39
-2.38
91.92
-7.71
-4.82
-39.34
6.68
-24.2
10.17
75.12
2.02
56.18
7.01
12.3
-12.12
9.33
31.22
-71.81
7.78
29.63
-68.43
5.07
-94.45
1.39
-11.59
5.77
-9.55
-3.59
20.8
10.89
52.53
-218.21
-1.58
49.53
-174.05
49
8.68
-30.36
252.28
2.85
110.06
-10.58
-4.67
49.24
-1.12
-20.33
-7.8
12.72
5.19
34.04
-11.06
68.03
66.92
-18.31
-6.79
-38.7
-14.99
126.51
-25.65
-54.58
20.85
1.91
-84.26
-71.22
-26.44
-18.79
72.36
9.59
24.17
-26.7
-19.78
-102.66
-15.91
-21.13
24.39
28.65
1.77
84.17
-10.72
0.92
14.12
78.66
71.4
-21.54
-11.36
130.01
-12.92
-7.37
18.05
37.68
-77.48
-16.67
-64.16
-8.06
79.2
13.29
16.8
-9.29
54.67
110.12
8.75
5.08
-5.5
8.61
74.82
11.39
-4.04
-0.84
-11.2
-4.82
-12.32
1.19
-51.39
-7.65
60.7
164.87
-12.14
-8.14
39.95
33.86
12.43
-9.72
-42.24
31.57
-43.1
0.66
29.4
51.59
0.19
-6.88
-3.91
1.42
9.79
-31.43
-90.71
16.84
-5.59
2.17
6.23
-1.12
9.1
22.58
0.63
5.84
-45.3
-39.69
-39.11
80.2
-4.18
-20.26
29.22
-12.45
-15.82
-126.1
-9.76
10.75
97.77
-45.68
7.78
2.83
1.85
-6.95
-21.04
6.36
8.82
-20.75
5.85
37.92
-9.99
-22.38
30.83
5.33
-336.53
-16.04
3.59
-7.38
65.32
41.78
-8.72
44.97
19.74
-41
-57.79
-48.63
0.25
22.66
10.81
-27.87
6.64
2.13
-10.68
76.63
-14.45
33.58
-3.43
-0.26
-37.03
-6.35
18.29
-33.17
-12.71
48.02
-30.03
-4.38
-60.81
-1.42
-5.46
39.6
-29.41
-10.77
-82.85
9.11
-4.95
-52.82
19.37
91.34
46.19
-139.15
-11.93
-0.26
-77.36
35.57
72.24
-0.41
-81.08
13.96
9.11
-49.84
47.4
8.84
-2.79
8.62
71.69
12.88
-9.35
63.64
27.67
-36.9
41.24
23.95
11.74
35.93
7.14
-6.81
33.2
5.66
38.51
-1.82
43.42
153.34
146.81
31.78
65.24
90.25
11.96
21.31
-32.27
-72.29
-2.44
-23.86
193.24
-42.13
20.69
-7.46
23.76
-6.74
88.84
7.43
13.03
37.74
-2.32
-9.2
88.11
7.75
13.34
-3.78
59.28
-31.54
-5.62
11.31
-45.85
16.51
49.32
-78.89
-101.92
-11.85
13.9
9.31
0.13
15.22
-14.61
45.23
16.42
-2.85
2.57
-13.6
-54.3
-2.67
-9.09
-34.45
2.98
-4.3
129.72
-232.21
0.22
-10.03
9.65
3.91
-20.15
5.55
15.77
92.35
-40.26
13.25
65.27
-112.39
49.39
53.14
69.45
-16.16
-1.94
41.64
-42.79
-5.42
-10.19
-3.08
72.97
-70.53
-62.83
10.32
7.86
52.68
15.5
2.72
167.39
7.68
35.14
-98.23
70.63
27.37
-137.54
289.77
-18.53
11.37
-110.7
-47.51
0.97
-3.83
12.43
-26.66
-7.28
-5.74
-90.67
4.71
-7.36
-22.92
72.01
11.73
-8.38
-6.62
66.7
-29.27
79.11
39.59
-36.46
-8.63
-15.46
8.43
-21.39
-31.61
14.61
-10.03
-8.22
-16.32
-16.45
-7.07
57.78
-55.59
2.72
78.98
21.06
39
-3.51
-83.64
-59.39
1.51
5.82
-43.25
-0.98
-9.12
6.68
-73.26
98.35
-10.17
-58.65
-12.76
-10.52
60.27
37.03
13.83
3.36
-172.48
8.2
89.32
11.73
9.86
21.01
82.58
-16.72
-97.78
-47.21
-13.33
1.88
-0.66
18.19
10.3
5.78
-10.48
-25.32
12.48
-82.62
-96.06
-66.06
0.29
-81.25
-60.6
-5.3
-2.73
-14.02
-1.91
3.95
0.32
-19
-0.7
4.46
29.03
8.7
-2.97
28.65
1.97
-39.99
-6.21
-13.79
-7.79
91.44
-22.73
-39.57
49.5
11.98
16.61
42.24
7.29
-21.43
3.06
-12.32
12.72
-118.87
-93.42
-13.51
29.44
-137.14
-10.67
48.83
-1.31
65.8
16.73
-43.03
0.26
-10.01
-3.6
85.97
103.06
11.05
-124.27
-12.15
-5.22
-5.94
39.26
4.34
-8.08
235.54
62.63
-2.76
-0.92
2.5
-33.51
-159.91
58.76
-4.25
-8.38
-20.67
10.86
-11.48
68.2
-9.95
10.8
0.76
-78.89
20.12
5.98
-46.66
-7.75
9.14
