-1.76
1.25
-30.07
-12.25
1.2
79.49
98.43
8.36
1.47
-6.35
9.99
7.63
6.95
28.56
7.25
23.1
-1.22
12.8
10.96
15.6
66.26
-3.91
-20.28
5.42
12.11
-8.93
-11.05
125.14
26.25
14.35
-6.92
-20.72
12.03
-56.48
-0.42
4.37
-48.75
58.46
47.05
-25.29
28
-54.89
33.78
1.6
9.32
-0.27
-14.31
-53.6
10.19
-9.06
-23.19
5.31
-199.3
12.3
-29.79
-113.37
-25.59
11.48
9.76
-12.39
113.67
117.64
-22.86
7.97
-24.44
3.31
2
74.91
-41.62
-69.2
-172.94
99.95
-8.96
-48.43
-9.28
7.96
-30.58
11.08
11.31
7.36
-70.52
-78.76
35.13
32.09
30.49
-11.79
8.3
143.75
35.74
-22.27
-46.9
-8.8
15.58
35.42
46.17
-95.3
-3.87
-57.01
60.84
-10.96
8.91
39.96
13.03
39.43
15.68
-11.6
-29.69
-6.88
53.59
0.63
-20.42
-15.95
13.12
-1.92
-11.66
-6.98
11.99
-3.64
-29.6
9.25
-36.74
-4.21
-26.33
34
23.75
94.5
-6.5
-5.62
6.81
14.71
6.64
-7.03
-12.47
-40.18
-80.3
-4.46
-11.35
12.29
-9.57
3.69
40.43
-38.7
-2.45
11.17
-76.21
32.67
-3.74
107.92
0.19
8.99
-73.92
48.23
0.13
-131.68
3.09
-127.99
0.76
6.76
-33.15
-10.2
-8.34
17.59
74.01
22.51
5.06
-146.71
-2.58
-11.16
25.53
4.1
-26.71
2
-43.86
26.99
5.98
-18.69
-73.15
23.01
8.46
-24.49
-21.85
1.95
84.52
20.35
-24.65
-3.37
-9.06
-2.93
84.51
158.29
29.75
10.52
-28.51
14.16
2.92
-9.53
44.72
-12.33
-13.93
-2.58
0.19
-33.4
-12.69
-29.3
16.91
1.59
113.82
24.31
-12.3
3.95
-7.97
-7.31
-53.47
-10.65
-27.56
51.52
14.74
-72.87
9.54
-4.15
25.37
10.64
14.51
-15.85
48.09
-13.03
-5.77
-56.03
-62.01
-9.49
12.03
-19.46
96.03
8.36
-0.37
29.81
-25.07
26.21
13.84
-8.54
-10.34
57.96
-10.58
-52.76
22.95
52.42
-3.22
-2.13
5.07
-236.19
-3.92
5.5
45.06
-10.07
54.45
18.97
13.14
-11.32
-9.61
110.83
-13.21
8.13
-5.84
-5.52
0.22
6.09
2.19
15.32
9.98
-20.9
2.8
-3.81
-34.52
-39.91
8.96
-14.3
-6.63
54.88
7.85
11.95
22.76
-98.56
-15.93
-37.52
-15.6
0.16
40.83
-9.95
-29.06
20.81
-5.56
-98.5
-6.45
8.2
54.27
44.79
-1.07
34.82
-3.57
5.77
69.52
11.96
22.73
68.93
-36.12
9.2
86.8
6.14
5.42
26.08
109.05
-135.79
-30.08
19.19
30.87
-14.73
9.33
11.4
10.74
-6.84
-5.46
-101.05
-3.19
28.81
-63.73
68.05
37.28
3.47
140.49
-119.52
6.9
-2.54
-21.24
-69.73
-112.38
-3.95
38.13
44.18
44.9
-68.24
-119.64
-8.69
44.59
18.84
-37.55
-6.65
57.12
10.98
35.35
28.41
-26.6
20.2
5.64
-14.69
9.26
-27.71
11.3
71.2
9.93
-35.43
16.48
41.31
-5.54
-144.51
9.42
33.37
-489.49
-3.54
-145.43
-37.16
15.03
-4.62
-24.21
-105.22
11.53
-35.34
-22.06
-24.3
-4.35
13.63
-70.43
26.6
-19.56
25.65
12.16
-62.53
-30.13
-11.66
9.72
-12.71
-2.67
75.02
51.42
-3.17
-11.24
16.44
19.54
-4.79
3.59
-6.12
-25.6
-83.48
11.96
-65.71
16.19
8.66
6.61
87.99
-8.22
2.91
3.41
-5.9
134.48
-3.97
-77.24
72.31
41.27
8.89
11.79
-7.92
-2.4
12.93
0.42
-229.3
86.04
-33.06
8.25
59.35
140.69
-38.46
-21.62
-45.23
31.35
7.93
7.52
-2.32
-82.39
4.29
43.19
-70.28
-57.9
-111.01
-34.19
-3.15
123.6
6.02
-8.86
23.08
11.3
-29
40.96
14.82
-16.22
-0.23
-8.51
44.75
-35.46
12.04
-9.29
39.31
8.41
-63.55
100.62
-35.6
-8.58
-71.52
8.32
-77
-5.86
-0.53
6.08
-159.43
-3.93
-16.92
-23.77
5.01
-15.19
-5.41
-80.26
-3.28
13.59
-8.05
2.62
27.65
149.19
-54.72
0.93
-20.6
-21.48
10.78
9.35
-144.68
-9.66
-10.69
-3.02
-38.15
-161.47
-33.38
32.26
-6.75
19.82
95.06
86.49
-76.77
9.2
8.32
-5.1
79.19
-3.21
8.23
-52.53
-2.89
-102.48
-40.85
-42.64
-1.27
-5.52
-5.12
-16.32
-21.54
45.52
-25.81
-19.22
-2.91
-109.7
1.95
26.69
-10.17
7.33
3.9
9.25
11.23
158
5.88
-35.68
0.84
-10.42
10.09
19.63
5.41
-104.13
18.17
44.96
6.21
58.87
3.08
-15.92
96.31
-9.24
0.31
57.7
31.89
-72.89
-8.6
-102.4
9.4
33.14
-98.94
-31.29
-64.88
97.5
11.22
-22.69
-27.96
-85.03
-1.64
111.58
101.34
-8.52
-2.27
47.25
-74.87
1.69
-7.18
-1.12
-49.75
19.64
12.72
5.59
0.14
10.36
-3.71
62.41
-49.74
-6.35
6.86
-6.65
-25.88
-8.78
-2.22
-83.86
3.32
12.97
-16.95
-12.17
62.31
2.39
-75.17
-0.73
-1.51
-15.84
-10.29
-2.94
6.48
74.8
-38.12
-1.18
-15.66
-3.55
-9.53
13.32
-7.29
-26.08
39.8
2.97
135.86
-0.33
-66.22
11.37
33.57
86.86
-25.89
-44.76
4.6
4.29
17.34
-3.84
-8.68
32.16
24.32
14.72
-53.32
-22.41
46.07
-21.78
-26.04
-69.24
1.18
-3.19
-49.67
1.4
-110.5
11.02
-10.61
-1.62
66.17
14.5
-0.64
-1.58
36.04
7.29
-51.06
-3.22
41.34
-20.8
-49.33
-0.57
-53.43
-15.29
33.87
36.23
-1.63
21.31
-46.67
-133.58
-7.18
-90.78
-319.57
6.58
-6.94
6.21
11.79
8.67
-30.51
6.03
3.72
61.98
-18.48
-40.86
-108.09
60.35
-12.34
-1.95
-2.92
-0.5
0.86
46.57
119.69
-86.26
20.49
-5.81
26.03
-4.86
17.09
6.45
-25.44
2.23
-35.79
80.96
91.73
-55.5
45.54
11.34
-65.16
-34.35
9.9
56.31
59.53
-3.53
2.9
9.78
-4.97
82.19
12.97
-17.04
36.71
-8.11
4.85
-22.49
119.4
-107.26
-37.28
12.98
-11.99
-9.56
-3.42
-1.8
21.32
31.14
6.15
76.46
44.88
1.18
-3.14
-3.28
50.06
36.26
4.5
-9.58
-1.27
-10.05
-6.9
4.34
44.91
4.24
82.27
3.79
-7.94
88.26
15.57
-1.75
-26.81
-17.83
-73.79
13.72
8.18
1.49
8.5
-1.49
8.69
54.99
9.16
42.33
-2.5
10.66
-11.88
-176.22
-18.52
-12.56
-7.64
36.97
-4.87
133.43
-8.91
-125.01
-12.29
103.08
1.41
-7.75
-11.22
-62.62
-37.16
-3.37
41.57
-1.48
19.62
9.26
-4.57
-90.83
-108.68
0.72
-27.97
29.76
-19.94
-11.37
51.3
1.97
-52.57
-14.66
22.9
113.08
21.89
-130.54
64.93
21.58
15.87
48.52
89.6
6.36
-5.32
6.66
8.82
26.48
-59.5
78.54
0.77
-56.39
-225.52
-66.78
9.42
28.34
1
-11.35
-36.16
7.07
-6.88
-30.48
7.3
-6.42
-38.28
-11.97
-5.97
1
36.91
51.88
-88.44
-9.31
-2
26.5
41.37
76.52
-41.95
-22.49
31.86
45.16
2.73
53.77
63.04
16.87
3.74
11.59
-7.23
-128.41
-6.85
-7.56
-51.07
-7.36
-113.35
-46.62
35.57
-15.44
66.95
10.32
6.97
1.32
-200.63
12.12
6.83
8.33
-358.9
3.27
74.62
8.98
-12.68
-243.12
18.03
-168.69
-15.58
76.43
-6.86
2.51
-59.87
15.73
5.31
-8.61
-2.11
89.34
9.39
-3.62
28.48
51.93
-19.4
-28.2
-31.77
63.93
265.5
8.67
-41.8
-15.92
2.36
-9.16
-9.92
46.88
90.17
-6.66
-78.17
5.98
-109.47
20.21
-43
26.93
-51.84
-47.55
34.27
2.14
68.15
-7.18
20.63
-14.25
33.11
25.28
101.64
-6.16
-10.63
20.16
12.88
59.93
-10.88
88.67
-6.44
-114.29
-55.62
-54.06
15.67
45.95
-1.34
-10.92
-10.53
11.24
-5.11
12.47
32.18
-32.83
-245.74
-19.04
-6.01
2.21
-0.08
-10.56
41.47
1.17
37.3
-81.37
-0.56
10.23
42.06
-76.1
-4.42
-166.52
10.35
6.48
69.13
40.19
4.23
28.48
-132.48
22.71
-7.23
-4.93
-9.6
-1.23
-10.61
-1.38
59.38
51.87
13.25
12.56
9.88
-24.99
2.57
13.75
-12.37
-235.48
-1.33
-66.5
-33.68
-10.27
-12.58
11.39
-7.61
88.95
-46.95
16.53
10.77
-44.35
-58
2.34
27.28
38.17
28.9
-43.28
56.74
-11.42
-13.92
73.31
17.45
52.1
47.23
-44.2
-53.27
-25.47
18.55
22.01
-73.57
36.08
12.58
-12.23
11.34
-16.12
-13.97
54.84
-1.29
-0.78
-28.55
