26.69
37.93
-47.57
-2.61
-8.89
45.97
-107.55
-5.5
-71.05
-12.03
-4.27
-8.47
27.27
-21.89
70.9
13.45
7.38
-14.56
4.24
56.48
23.33
-3.73
51.99
33.93
-91.44
12.65
1.18
-9.18
-7.6
0.52
-19.83
8.75
62.28
-11.4
99.48
-13.28
-1.46
-2.32
-129.95
41.14
14.08
-9.1
26.61
1.85
-12.06
5.69
5
5.34
-4.11
-0.44
38.06
-21.45
-11.46
17.22
74.2
-12.24
26.02
-12.52
-18.4
33.6
1.45
-18.08
17.3
-29.94
72.11
-58.18
69.62
-20.94
8.7
12.8
7.59
40.22
8.6
14.63
17.36
-118.18
-1.14
-39.84
6.42
2.23
-1.21
-3.84
-59.65
43.72
14.28
77.91
-35.05
-52.8
-2.87
40.12
-11.61
-56.22
-3.36
-17.26
-24.17
1.76
4.26
32.9
-2.66
12.08
-22.43
16.77
-13.26
55.76
18.46
-44.3
-26.88
-36.61
-12.54
22.5
11.08
84.67
16.28
-60.58
0.64
-77.47
-17.63
-0.19
-5.03
-1.01
15.4
11.53
-36.31
1.75
-10.74
-1.4
-66.38
40.43
7.71
-63.88
-9.68
-1.73
-5.59
-9.3
-67.21
4.98
69.34
-12.46
-3.88
21.51
-15.84
-116.23
49.47
0.23
-8.84
70.96
-122.66
6.79
6.01
29.79
14.19
23.69
40.52
-11.3
-6.87
3.72
-59.47
-18.99
-2.13
-0.58
10.38
13.1
-2.09
29.69
7.56
-72.25
-41.33
15.79
-64.15
-19.54
35.42
4.01
18.72
48.9
49.86
-40.31
2.76
-6.07
7.52
40.46
-16.71
-14.78
-14.02
42.88
-1.36
-59.5
-109.49
-4.02
18.6
-11.91
-20.81
61.91
21.47
-12.07
-64.79
2.26
-11.14
-29.06
41.86
40.69
54.78
-5.49
15.55
0.62
-8.61
44.58
3.88
147.15
-21.5
-1.43
35.18
55.43
12.71
-14.11
76.78
-14.86
-28.8
-5.07
76.73
-10.96
-13.6
-30.58
-1.69
-4.99
26.66
-41.65
-126.52
47.51
77.85
-9.86
-119.67
101.47
-0.45
-9.45
-0.11
-42.19
-5.46
-79.66
-48.37
-5.58
9.46
-8.98
-84.98
-55.28
44.32
-74.21
-26.89
6.32
-18.94
60.52
8.2
6.48
89.56
6.09
22.93
-7.51
89.24
-10.69
4.15
7.55
7.84
-3.24
-1.08
-10.44
30.21
-121
20.1
48.01
-9.43
-15.05
2.94
31.64
-70.29
-26.16
11.29
35.16
-8.8
33.46
40.93
-75.95
2.96
37.17
94.72
21.75
5.2
4.98
42.71
181.71
-2.37
-7.59
-19.25
33.95
-5.01
2.69
-73.5
9.1
-9.74
52.79
-26.45
30.22
59.72
6.96
-48.09
40.32
33.46
57.92
136.88
82.27
46.99
-9.44
-35.94
92.34
-3.98
11.75
-6.17
-3.13
-61.28
0.8
27.7
21.61
60.78
22.74
40.89
2.95
5.44
-10.62
3.14
28.9
2.25
-8.61
-12.95
-7.08
-9.58
1.91
14.6
70.88
27.45
-14.8
10.63
-2.05
5.97
-19.95
-8.74
-127.02
-34.61
-24.48
2.47
5.16
12.79
14.05
-22.03
26.83
15.52
31.06
-14
10.56
90.15
-3.35
5.4
45.58
10.97
-25.62
100.24
-36.52
-64.76
-6.54
96.15
-9.59
-5.97
-20.67
-0.85
74.89
14.69
-22.59
-28.47
-8.03
70.91
-19.64
-13.29
101.02
-93.17
-5.44
222.16
-137.04
-9.15
7.05
-2.76
13.11
-60.66
-96.96
-3.39
7.44
16.44
148.81
12.75
-12.83
-12.87
0.72
57.08
-21.9
50.27
-17.68
7.15
9.51
-128.5
92.95
-11.04
8.71
-22.62
-7.35
-26.59
-8.78
-12.96
32.86
2.3
-45.68
-34.19
-23.6
73.71
-206.88
-1.64
57.77
61.4
-19.49
-7.36
50.27
-6.15
38.32
41.92
7.83
-1.98
12.36
31.56
-52.31
73.77
-11.32
31.44
39.02
-19.29
25.99
31
102.23
-10.36
8.02
-1
-23.23
-34.78
-0.21
-11.9
-8.13
125.21
82.53
-36.41
8.97
-12.35
-60.03
-71.56
-32.7
-47.18
-0.45
-7.63
3.4
-8.55
-45.66
11.31
-6.06
10.12
4.81
-8.53
0.18
44.25
-17.8
162.65
-38.74
-0.87
16.87
-0.77
18.9
-21.01
84.71
16.58
29.36
86.65
-11.05
-5.18
-138.99
-7.7
-11.72
-55.46
-37.1
5.18
145.85
-38.78
-72.88
-11.39
-3.39
183.2
-19.9
-8.15
3.25
-31.01
-13.82
-23.64
12.88
16.26
33.8
23.15
54.67
85.32
-106.32
41.09
42.03
-65.45
20.99
-34.15
40.1
47.4
13.92
0.95
2.72
9.86
19.06
2.77
-8.98
10.49
19
-100.62
-9.76
-10.07
5.49
36.97
-3.67
-37.41
-9.18
-17.93
-5.39
51.27
57.5
-15.5
-33.93
-14.57
-3.82
-13.38
-91.77
-7.67
5.88
-2.39
12.97
15.14
-6.26
-15.48
-17.33
55.92
6.53
15.67
-52.55
42.13
0.31
-10.55
7.37
-102.83
-9.16
1.51
-11.5
8.77
13.2
-7.38
-6.08
10.71
-62.12
-96.1
7.91
-4.48
-158.77
8.61
128.79
-11.5
0.96
-53.1
-14.88
-49.45
4.87
20.12
-54.72
1.53
122.55
-71.53
124.52
-10.56
3.86
-174.16
-29.01
-14.29
-21.7
14.78
55.81
-27.8
5.54
-17.23
30.55
49.78
-10.38
-21.65
-0.37
-5.13
-4.23
-32.43
116.64
67.87
-3.6
-1.84
-8.14
1.17
15.32
2.78
-90.48
9.14
-58.82
10.47
19.35
-5.22
-123.99
42.48
-7.5
-25.29
23.57
-61.06
54.19
3.26
7.77
61.36
152.24
6.07
-14.59
2.1
-332.21
-8.64
-463.52
15.65
12.24
68.75
13.88
40.23
10.61
-26.68
-12.15
-62.4
89.44
-11.74
14.61
-11.11
55.33
-3.13
3.54
6.26
-11.84
11.5
-12.42
-67.1
4.48
76.08
2.06
63.77
1.45
-126.78
-7.03
6.22
-8.18
15.69
68.14
-10.75
5.6
9.43
9.51
-9.15
-41.04
7.56
-13.29
4.71
-2.36
4.62
3.43
20.73
98.11
13.04
13.25
1.81
4.06
60.6
77.36
-1.12
3.42
52.68
12.18
-11.52
-35.1
41.59
10.61
19.75
-3.85
23.1
-5.1
5.72
-6.92
6.5
2.56
-31.22
-49.89
55.07
-13.18
18.69
38.77
-46.66
46.91
-5.09
-6.47
-6.91
-4.4
49.55
29.49
9.8
-6.88
19.86
-18.28
-24.03
9.98
-69.67
16.72
-5.42
-10.54
35.01
18.08
-129.1
11.25
-26.85
-8.87
96.7
-25.94
17.54
-19.42
-142.54
-5.24
28.92
-10.1
4.74
18.43
100.29
16.57
154.51
-11.96
9.03
-42.66
35.8
23.07
-6.86
-7.06
-3.67
-11.39
7.6
-86.17
46.9
62.68
30.37
36.76
-49.15
0.26
-4.63
7.72
-9.62
71.88
-17.47
-57.1
10.36
66.89
-18.5
40.35
-0.53
2.73
4.95
-10.86
-7.65
72.44
-51.37
3.42
57.45
-12.75
70.12
-56.37
0.57
52.89
7.4
-45.03
10.6
-68.69
7.82
-4.7
29.61
66.61
-21.9
11.82
-3.21
-59.07
-21.64
8.36
56.04
20.99
15
3.43
9.09
4.03
-84.94
38.72
22.49
-12.43
-5.78
-33.67
-9.03
8.36
-3.35
-61.91
18.01
20.92
3.26
23.02
-50.84
-26.17
-6.6
-19.28
-2.13
-141.88
8.04
-7.84
-71.3
-49.83
8.63
-3.58
139.23
36.42
6.95
-3.42
-0.62
-78.99
19.44
13.17
9.52
-108.91
9.78
10.59
-3.73
-7.06
-12.84
-65.4
7.74
-15.18
12.08
6.53
37.18
-6.01
-26.67
43.99
36.3
50.08
33.36
-45.48
31.98
-13.16
45.25
-39.4
-169.29
-53.14
155.55
-38.2
-5.92
-5.59
-91.3
-40.28
32.63
64.77
-18.36
31.77
5.65
42.31
-6.22
-24.75
125.38
11.12
-8.5
140.26
-7.14
-37.81
19.32
-97.33
17.93
47.77
-68.08
111.52
6.84
43.03
-1.43
-9.11
-13.44
12.96
17.52
-23.1
9.19
-22.61
-32.92
-5.79
-27.75
-9.28
44.77
-9.58
45.32
11.48
2.92
2.59
7.22
-11.78
7.08
-107.2
12.71
12.61
-10.01
-6.09
53.45
10.97
27.99
14.73
8.87
-10.84
-83.39
-7.8
26.5
2.78
-8.55
5.19
-1.92
5.15
69.05
56.27
6.92
39.78
6.83
18.54
5.09
27.7
-98.23
70.64
0.6
-19.68
-4.59
-94.16
12.03
14.58
-7.36
8.34
-7.7
48.73
10.63
60.58
4.42
13.34
25.66
2.87
34.73
-5.82
57.49
-74.13
1.96
2.78
31.16
6.9
2.96
6.92
83.74
39.11
12.16
31.84
34.34
6.67
26.75
-5.21
53.62
-3
27.73
-7.62
39.39
-49.43
0.18
-5.23
-30.7
-11.15
-65.19
-4.38
-19.34
-1.79
34.1
-18.39
13.16
151.99
-17.51
-4.92
38.68
15.71
84.55
76.58
92.91
-8.41
-117.56
-6.65
16.21
5.19
-8.58
-4.9
-80.03
-75.46
-140.79
-10.4
18
10.35
87.69
-0.07
11.25
5.2
