-43.72
42.69
25.26
38.69
-20.84
8.45
162.6
8.13
11.26
20.16
4.83
0.5
2.26
101.43
53.06
-28.14
-5.25
-68.58
97.44
-10.54
-9.46
-2.15
11.49
-6.54
-16.23
-34.55
-56.07
35.38
5.25
-1.05
3.16
0.27
-25.45
-10.63
-1.55
-29.94
27.06
-110.54
-19.86
-15.13
-6.93
2.49
19.34
7.72
-14.34
23.35
-70.98
-10.11
-12.39
47.3
34.02
49
12.01
43.88
-32.53
35.14
-8.33
-6.42
-1.24
4.61
-21.73
39.99
57.63
3.05
-79.54
-83.02
-49.99
4.44
36.79
-18.47
70.48
140.62
-76.3
-1
10.47
3.52
-2.14
-4.82
22.43
15.95
0.1
7.12
1.83
-4.12
-4.54
11.13
28.02
-13.67
-8.89
10.55
53.96
-16.41
15.25
57.69
-3.07
-43.7
-36.62
-74.58
45.39
9.01
-8.53
-30.86
-29.6
-10.22
-1.76
75.91
-8.84
1.3
-8.56
122.29
161.59
64.57
-11.97
-34.83
102.83
-11.46
-43.98
33.27
2.99
-9.52
8.77
-10.36
56.37
-37.25
-67.02
95.27
-44.1
-24.19
36.28
9.7
-33.79
-10.08
-361.45
-8.83
-11.96
13.68
-53.18
9.39
8.75
6.51
11.03
-4.81
82.89
-192.03
-5.74
-36.59
-83.81
9.99
11.49
-94.07
20.82
-5.62
-28.02
-15.1
-8.8
89.76
1.8
13.12
18.44
12.16
113
5.56
-3.13
7.64
5.53
142.91
32.63
68.41
6.2
6.42
-86.11
42.91
-2.35
7.13
-118.25
82.87
1.4
11.6
80.62
-37.1
25.57
9.3
-54.4
157.16
8.47
-49.49
-16.84
2.3
-0.12
-7.5
-2.41
-0.29
10.83
58.82
5.53
21.5
11.08
-34.13
-58.29
-101.41
23.04
-38.15
35.69
-8.1
5.12
-78.9
-6.88
13.27
22.39
59.28
-9.34
-9.27
50.77
5.45
41.55
-31.53
-99.7
-20.91
1.58
11.23
-53.38
55.88
-8.56
49.56
4
-13.99
-2.3
-22.41
14.98
15.87
-8.15
5.42
6.69
-38.99
49.72
4.73
-6.79
-5
7.84
1.24
32.85
-46.53
-9.72
118.17
-56.18
-38.11
8.33
-82.86
45.87
6.45
-1.72
15.17
31.88
20.59
-11.26
8.55
-8.82
61.95
8.39
3.98
-2.89
19.1
41.09
20.86
-87.3
80.76
-26.11
-3.52
-35.28
-0.25
98.03
-96.05
0.21
35.05
-7.73
-23.34
13.63
3.07
60.7
31.01
-42.87
7.96
-0.61
11.02
14.24
16.46
61.07
-69.59
-6.11
-13.54
4.88
-0.27
-19.22
22.77
15.46
-20.74
-25.82
4.38
-143.22
4.73
-7.94
10.23
-8.04
-17.21
19.2
-1.61
-0.36
68.34
-6.51
-184.43
-38.22
5.58
9.37
0.86
-51.04
7.8
29.69
56.57
34.67
-47.1
-24.33
132.84
15.94
36.77
-14.89
-3.92
33.33
-4.69
39.54
63.84
13.12
-10.16
-43.09
52.8
-4.83
-3.2
-34.82
-59.55
-61.01
66.85
-14.9
-49.18
-21.44
9.78
-24.6
5.68
63.65
23.51
-4.66
-94.17
-3.3
25.31
-34.62
154.29
-3.7
103.47
2.13
26.64
3.72
22.13
-16.31
60.57
-13.69
-5.17
11.81
26
-15.53
-11.02
-4.35
11.75
-50.25
12.71
6.1
6.15
6.24
-65.04
1.93
47.33
9.51
-43.96
-85.68
10.4
51.9
-107.62
1.77
-7.93
-161.21
22.02
-13.28
6.19
4.74
-41.96
-85.67
23.79
3.41
4
-9.22
-66.63
-105.27
26.61
10.87
-13.79
48.26
7.63
8.92
-20.37
-75.93
-18.43
-302.46
8.21
13.72
37.53
-12.58
-2.75
10.6
6.5
-3.46
5.96
29.4
5.02
59.74
-15.43
62.8
-1.78
-4.75
62.91
3.54
-41.64
4.25
4.61
-52.08
-29.39
16.25
6.35
24.69
26.85
-3.64
-3.08
-72.45
-8
-9.64
8.71
-59.53
21.18
133.92
-12
30.58
82.99
3.23
-7.68
-9.58
0.95
3.41
4.91
20.2
-13.45
10.42
-5.34
4.54
-32.01
-86.01
-117.37
67.97
14.64
47.41
-55.2
39.28
6.01
-16.45
5.19
11.42
15.64
-182.04
13.11
-21.67
86.93
2.68
-8.63
36.95
14.66
1.18
51.35
11.58
-1.75
14.6
-34.92
-39.53
-26.7
94.18
-263.95
-82.07
1.66
12.88
-9.36
3.7
8.89
-65.1
-58.56
59.82
53.98
-7.67
-29.14
-11.53
63.56
-8.57
-23.35
-44.55
45.62
40.53
-2.79
-66.7
-16.29
-50.08
10.1
-20.89
-4.08
-10.54
-0.03
-35.6
-18.63
10.11
-21.6
-8.86
20.94
2.32
-7.4
6.05
-11.34
41.47
-118.33
8.23
34.74
-49.78
53.73
9.38
0.94
14.15
13.07
40.22
2.26
117.83
-15.26
32.01
57.66
-70.98
-16.78
-9.72
-3.88
-4.74
-0.25
-26.15
-10.77
-17.58
50.2
70.34
-27.02
11.53
35.19
4.37
9
4.44
12.87
-6.05
-46.91
10.27
2.13
26.03
24.61
53.66
-10.81
70.17
-152.42
79.71
-30.17
50.68
6.11
-26.88
22.02
26.98
-13.56
-14.13
-14.75
-0.76
-7.81
-11.88
-9.35
6.67
-94.79
0.57
43.46
-0.17
14.84
87.1
-1.8
-11.23
-104.3
9.63
2.48
15.39
-14.04
-5.45
44.88
10.74
23.07
-29.74
6.66
10.29
-8.29
102.89
-54.52
-3.27
-21.38
13.15
29.84
-13.25
-7.74
-1.71
-79.21
-17.25
-53.96
-12.58
0.89
11.02
-27.72
-0.43
3.24
-106.55
-11.45
-206.58
13.88
45.56
37.14
-15.44
-9.62
13.72
84.96
9.24
-5.29
13.96
8.45
-19.8
41.35
0.03
11.92
9.61
3.48
-14.41
56.64
-7.35
-9.24
-0.01
-20.74
-7.95
6.56
3.5
41.05
7.94
-7.42
16.33
-37.8
6.28
-6.8
-16.24
-166.5
9.13
-65.31
-4.43
12.99
48.76
-2.69
-9.34
-59.9
-15.12
2.26
9.42
2.6
-12.48
3.89
-24.97
6.41
-16.8
2.37
20.96
25.89
27.07
-22.29
-25.6
-6.26
12.73
36.15
13.02
6.6
63.43
0.32
-67.69
-7.06
-8.06
-0.07
-5.52
124.42
-5.23
5.34
-6.54
-6.04
-16.74
-36.3
15.24
-34.68
65.55
92.63
0.35
144.22
-22.07
-4.95
102.36
-76.95
-57.71
6.92
2.65
-70.39
-5.98
151.52
12.18
0.92
16.36
53.53
-74.53
-5.64
-40.84
-42.15
95.84
26.12
4.84
9.17
-11.1
5.97
122.55
83.43
-3.91
-3.84
-7.67
-2.62
-17.31
8.2
-56.19
51.68
2.68
-12.34
-21.37
-33.45
11.83
-94.05
-5.95
-88.8
-13.61
43.19
-46.54
2.9
3.88
-6.91
-74.45
-11.49
-20.28
0.34
-111.41
-12.04
20.63
43.27
1.09
3
-10.85
1.32
-14.5
8.07
-42.83
-7.89
-29.87
67.03
10.49
16.49
20.33
-8.43
-5.53
-45.14
43.71
-44.83
-37.12
-138.88
-1.03
17.91
-99.94
-8.28
9.04
-91.77
-1.7
108.91
44.81
-51.78
0.07
9.19
-52.46
93.3
17.63
5.56
-8.22
-98.86
-201.19
-89.07
-1.04
-40.55
7.31
-1.19
56.2
2.42
6.31
-43.36
-42.21
-7.76
-9.74
-22.6
-66.81
10.96
39.37
80.53
11.17
4.16
-27.47
1.39
8.92
-75.58
32.21
-11.03
-84.72
-73.98
-79.11
25.7
-39.04
19.7
22.47
0.57
34.77
6.67
16.37
23.1
-20.71
-9.53
-48.7
110.97
-4.91
-4.76
11.23
-4.22
59.52
-6.27
-93.39
-0.35
67.35
-16.01
50.02
-6.7
73.75
127.07
-3.36
-71.83
0.48
78.89
-46.83
197.25
-35.08
1.21
18.5
29.66
5.38
79.29
-126.75
-13.74
31.94
38.52
37.16
37.06
43.01
-58.28
2.39
7.82
11.4
-21.71
16.8
33.12
88.67
11.38
8.29
-7.99
10.42
57.7
-16.25
-48.22
66.18
-8.92
71.22
-66.07
30.71
3.79
91.89
-48.18
25.22
14.43
-1.72
-13.89
66.88
-8.91
2.5
-9.34
7.61
-108.75
10.58
-9.26
-1.1
-210.46
10.3
-7.47
-7.89
-30.14
-4.2
17.12
-73.29
-11.89
-52.99
-2.66
20.58
-6.34
32.02
108.74
-40.96
-9.65
7.95
-8.92
-15.6
4.23
33.13
-8.17
-4.99
3.55
7.75
0.94
-15.04
44.81
0.51
42.1
99.42
-2.72
4.4
9.72
81.06
-51.78
2.22
3.06
-17.51
75
-2.51
74.73
12.83
52.39
-18.93
10.34
17.15
-169.48
-10.24
-2.82
-6.67
-14.94
57.46
-40.44
28.55
45.9
22.35
58.1
-8.16
5.22
-72.08
-31.89
-21.3
53.33
-3.4
40.63
11.75
6.01
-15.69
-4.15
39.9
39.15
-83.8
46.56
13.66
-16.32
4.22
16.79
-43.64
-1.7
4.26
-12.37
3.29
-7.1
-7.31
-3.49
18.5
-41.23
110.25
33.38
-41.29
-9.18
0.3
-130.94
9.56
59.9
8.86
-20.14
10.7
9.93
-10.29
77.86
-92.24
13.53
8.06
-38.29
