27.01
10.3
8.21
10.1
-85.15
-6.55
-6.66
-8.49
-43.99
1.36
20.9
14.5
-14
1
30.68
89.9
22.32
-25.94
-67.64
7.67
-37.93
-2.33
-112.72
-17.03
15.84
10.2
22.42
0.95
-6.41
5.18
72.61
56.66
104.75
94.51
7.76
-96.44
13.68
-12.11
-46.85
17.99
24.77
-79.58
-14.41
-1.86
-25.79
-56.79
0.29
-5.74
-120.73
-48.08
-24.7
-4.82
-3.32
63.67
-121
-0.25
9.73
-27.3
21.93
3.54
-15.94
-19.7
9.33
-70.34
17.36
-80.81
-0.55
6.81
46.55
46.97
-14.84
49.1
7.03
12.95
-8.97
-7.41
-9.73
19.09
-28.47
4.83
152.99
-11.04
8.79
-14.91
-60.41
-4.37
10.11
21.08
10.16
1.15
-81.64
8.06
7.87
-124.64
-4.72
3.19
4.42
50.64
40.22
-9.73
-103.27
-40.67
55.71
3.36
-16.95
-15.42
-16.63
7.91
29.81
16.38
10.39
34.03
70.79
-11.41
-4.21
-5.2
16.47
-14.13
-55.89
-8.67
-15.14
-12.94
-66.39
11.91
34.04
40.34
-0.15
3.93
-11.32
78.99
-55.89
-49.39
-96.45
-11.69
30.13
51.98
22.71
-0.01
42.64
56.92
10.77
3.14
49.91
-9.09
2.14
7.93
-14.2
29.42
14.28
-31.94
15.94
-61.37
7.92
-3.84
59.94
15.71
-5.48
17.18
2.3
35.8
74.35
-3.71
-42.83
-6.22
-4.11
39.98
-11.85
6.91
27.88
-27.68
6.19
-12.18
-4.04
-12.54
-13.42
-4.34
-5.03
10.59
28.92
49
-120.6
-136.14
14.27
226.92
-21.3
41.69
25.08
-145.28
6.92
55.53
-37.98
27.15
-10.89
77.04
-20.92
13.89
53.34
-181.23
2.2
1.13
7.64
115.01
34.19
7.2
-17.4
3.84
4.76
-7.2
-2.81
4.7
6.34
63.33
10.79
66
-71.83
-51.34
0.31
5.44
-11.41
-31.89
45.43
34.3
-70.95
43.41
52.76
5.98
14.83
-3.6
-165.91
19.97
40.98
66.7
29.62
-38.45
9.58
39.2
-7.81
-4.67
1.39
-16.5
12.08
-4.98
-31.58
3.89
0.37
-1.85
-28.1
27.2
-21.61
8.22
62.74
-40.07
-41.38
16.81
-29.66
30.21
-9.5
22.95
32.66
6.96
-0.02
-73.52
-6.3
4.62
6.94
41.41
-67.36
-8.76
72.16
-47.93
42.26
-21.29
5.33
-1.62
-15.89
-6.8
44.41
-74.42
10.38
9.19
-0.55
-6.21
-85.56
19.38
127
-5.91
22.72
-81.1
117.02
-7.89
-115.91
23.43
-10.33
6.3
-33.15
10.63
0.69
-25.01
126.41
19.46
78.18
-13.6
44.48
10.26
-18.28
-144.84
9.13
-107.39
11.39
-145.9
-43.45
-37.17
-8.46
12.07
2
80.67
7.69
-13.69
8.43
-78.06
-28.38
6.05
-2.7
-36.63
4.64
29.91
34.39
3.52
-12.37
-59.01
0.91
-6.32
47.81
-12.8
-61.68
-41.28
-10.58
-5.48
-40.21
-44.56
-6.72
-8.51
8.23
81.76
-53.12
6.02
13.69
4.59
13.02
-4.41
-64.82
31.62
-124.12
-10.09
-25.2
-15.89
-18.68
4.5
-7.52
76.81
-65.71
86.04
10.43
-9.6
-11.53
-23.05
70.99
-10.24
-2.44
14.64
40.28
24.98
-12.5
-0.15
-90.44
40.49
-10.65
6.79
5.31
3.25
-28.61
-85.8
-63.29
-107.23
-56.44
68.8
1.22
33.81
-11.78
-53.86
-74.02
145.82
-27.64
7.11
-26.76
1.74
2.24
-4.19
-7.23
91.79
-10.58
-14.07
-1.58
-17.51
8.83
50.62
-6.86
-10.28
49.74
-38.41
-65.02
-26.5
28.07
-37.88
6.71
6.34
40.92
-5.61
-6.25
31.4
-14.21
37.79
-6.02
11.9
1.85
-26.39
-6.18
-12.19
10.83
69.71
-15.08
-24.62
7.78
-9.9
-32.81
-19.23
28.77
-8.01
8.08
30.51
10.53
-35.19
9.77
18.65
9.18
-2.04
15.97
5.79
26.51
-37.9
-1.29
6.74
-46.21
-25.55
45.79
18.11
97.87
-1.39
-44.73
1.43
18.83
53.01
14.53
25.22
0.07
1.77
14.94
29.78
5.97
-51.3
15.6
-49.07
84.89
38.84
12.12
-4.56
21.8
-10.19
10.7
24.3
31.94
19.04
-45.37
-66.42
-71.32
-37.43
6.56
-0
13.08
7.59
6.92
0.44
-58.76
101.05
72.53
9.43
24.48
53.04
-7.12
3.12
41.79
59.03
-83.87
-9.14
108.82
-15.59
0.65
16.87
10.65
-2.86
-151.02
-45.43
-47.7
70.9
2.41
-120.79
1.78
10.31
17.5
99.62
-45.5
37.6
30.48
12.97
14.73
4.49
-24.91
-19.47
-7.41
3.13
2.51
-7.51
-6.51
11.84
0.84
15.1
85.37
-13.01
-2.49
12.29
-100.94
-68.17
-85.04
-61.66
72.43
-41.97
187.4
-7.19
2.94
-12.89
23.05
-13.09
9.22
-12.39
-10.93
-5.45
-63.15
7.5
-9.61
-37.49
-24.68
64.87
-43.67
27.05
-65.44
1.96
8.84
139.92
-33.42
6.18
5.35
2.04
-6.65
71.17
-12.14
-7.7
5.39
-16.75
-6.82
14.3
65.97
-56.03
1.09
25.46
20.75
-36.53
46.58
22.91
-8.63
-113.19
-12.79
36.89
194.17
45.89
10.41
-9.37
108.02
34.92
-16.65
15.13
5.64
2.73
-4.3
76.19
-2
5.46
-33.02
19.07
-28.33
2.24
10.09
18.13
-54
16.07
-52.38
9.4
52.13
-1.99
-4.8
3.02
58.26
-32.53
7.74
-87.59
47.48
-0.67
32.87
-2.34
53.41
119.01
46.15
6.93
3.22
3.71
12.87
-17.95
38.02
51.76
1.55
-4.61
13.22
29.43
-8.95
-47.3
27.06
14.62
148.33
-112.99
-14.85
-16.77
73.6
-17.05
205.53
63.58
11.54
34.71
-1.6
-12.83
8.71
105.3
3.84
-10.71
-3.27
65.45
9.86
-157.4
3.77
-150.28
-4.88
-20.07
9.4
-15.42
5.26
-17.02
-31.9
3.67
66.97
-70.73
49.64
11.64
-286.51
2.69
33.72
8.78
8.22
98.73
46.06
46.25
98.21
-10.4
3.95
-31.06
-20.9
5.02
8.53
16.88
6.11
-14.45
15.42
-30.86
-57.37
-2.96
-10.28
2.36
15.27
5.73
15.88
36.36
-3.82
13.73
-3.48
-21.31
166.76
-4.65
47.69
-19.06
-1.06
-9.19
18.47
10.65
-51.58
79.58
-0.14
15.09
75.27
-15.53
-3.87
-102
-17.75
-176.11
47.41
-19.62
11.29
-34.57
1.79
-10.21
-29.35
-32.82
64.36
73.63
-55.1
-34.66
-170.17
89.54
124.8
3.65
8.8
-58.05
-26.62
-61.09
4.7
-89.53
6.94
8.24
9.23
10.96
-32.66
-12.01
-5.84
10.1
-7.61
-34.53
18.01
12.49
17.37
14.93
79.86
-43.14
-31.49
1.34
11.25
-79.81
-10.83
3.79
15.75
-144.18
68.15
25.5
-12.88
-0.6
107.09
-16.58
9.26
57.75
-41.9
-6.92
8.85
-37
3.07
-2.24
18.88
0.55
-9.55
-28.47
28.31
101.4
-34.42
17.74
15.2
-99.55
44.25
-28.36
2.55
-5.64
-4.12
3.67
4.22
14.79
210.81
-6.76
-79.75
7.71
10.69
-9.47
-12.87
5.58
102.16
45.7
-4.42
180.68
-18.55
66.59
23.77
5.89
-77.15
6.68
1.61
5.33
80.78
-87.55
57.75
7.22
17.41
13.5
-32.82
10.32
103.22
9.93
10.83
-0.18
-4.3
-0.93
25.91
12.44
25.93
-40.08
-44.3
39.77
47.77
92.41
-56.96
-10.25
8.24
-9.41
-42.08
-131.79
52.56
29.36
134.58
-99.38
26.17
-6.61
6.71
9.53
-64.34
-51.69
44.57
1.88
1.42
15.58
2.64
-0.56
41.27
-15.7
11.06
-65.2
6.19
-67.05
-0.45
12
46.06
-7.95
-70.06
-42.92
29.26
27.17
-1.89
-50.64
-34.7
10.35
-42.97
-114.03
-12.99
168.86
36.04
31.97
-15.15
-20.49
-8.31
-1.73
23.84
-4.27
112.65
-9.22
-24.97
-6.66
-8.12
-33.54
56.91
-86.47
20.7
-8.98
89.48
11.38
37.69
2.66
7.63
-14.68
-10.26
-91.78
-97.44
-25.22
-15.57
-75.17
6.23
55.84
-23.55
27.27
133.32
-1.83
-6.5
-6.57
56.8
-72.53
-52.89
28.58
-3.43
8.94
22.65
11.29
-13.72
-55.45
2.2
-50.1
-16.5
70.97
0.77
99.52
89.48
-121.75
8.15
40.92
-1.25
-6.92
120.44
44.31
-3.92
-7.91
-3.83
-12.01
11.78
-5.1
-20.23
76.85
6.27
-13.96
-10.82
-111.71
-44.92
-87.64
90.55
14.02
0.89
-75.76
65.61
11.51
-53.85
28.66
58.91
-41.84
10.44
-46.99
-30.37
-41.33
121.01
172.04
-42.45
-3.39
-15.84
13.91
17.91
61.11
-8.08
-14
-13.26
36.39
6.58
-6.36
-7.58
-6.11
27.22
-1.16
35.43
6.9
6.71
25.59
0.98
47.35
-34.45
-16.22
35.57
6.09
41.4
-11.65
4.28
6.9
-123.27
-16.8
-16.39
-25.14
-85.04
34.36
0.26
-1.97
