-1.63
-144.17
-6.43
-73.8
20.71
40.59
1.29
-21.39
-33.77
142.02
-7.95
0.81
-34.54
3.87
-14.55
16.81
-91.5
-14.03
-3.46
-124.48
5.02
23.97
10.87
-5.14
16.34
-42.03
-8.3
-124.6
-59.2
8.94
-13.42
2.33
-36.3
9.13
8.13
2.07
43.58
17.55
8.34
-11.88
5.17
-8.33
-14.51
-15.5
66.5
4.33
4.85
-127.43
8.94
-6.31
61.64
-95.21
-13.29
24.1
39.87
-32.76
-22.36
-12.91
-5.67
14.1
-3.82
-13.4
-134.97
-2.43
-13.43
-130.36
12.85
-10.89
85.34
7.17
-113.78
-75.26
-16.95
-30.78
-8.64
10.87
-9.87
39.8
74.24
-1.71
8.4
53.11
25.29
-7.33
75.57
2.3
65.98
-6.13
-67.62
12.71
-5.18
-20.26
13.87
4.25
-41.06
-5.01
-10.03
-58.96
-124.9
41.53
10.39
1.14
-10.8
10.64
3.23
-30.59
67.14
27.64
-29.67
-1.65
-17.82
-304.86
11.02
-27.62
-15.83
44.14
-5.05
-10.36
70.16
-14.71
121.25
63.79
7.26
46.07
4.22
75.92
10.02
-3.48
-6.96
47.74
-23.23
-130.72
42.66
57.77
-8.52
33.42
-9.64
58.79
-34.62
92.33
-20.97
11.06
5.31
39.85
-99.27
-0.37
103.33
112.94
12.53
-107.53
1.66
-4.15
64
16.14
12.68
4.19
-68.94
10.93
-5.97
18.05
-8.15
1.41
-7.03
9.6
-10.61
-6.27
-110.37
-85.63
66.94
12.71
62.94
131.4
-22.39
6.67
9.33
6.51
41.23
14
6.73
27.18
-10.89
-16.58
-100.59
113.88
-14
91.59
80.4
-29.94
28.17
-60.04
-39.91
-208.05
7.36
-4.55
72.57
-100.82
-16.72
12.18
29.51
-9.29
-11.52
-8.55
8.37
4.67
11.88
-8.35
56.64
-18.23
6.04
14.9
-29.83
47.06
59.78
-3.68
24.2
19.45
20.46
16.6
-0.06
-0.98
2.93
-2.95
56.25
-5.88
-35.25
-11.33
-2.93
4.63
40.83
83.38
-48.31
5.51
-224.76
-8.45
-61.03
6.19
14.14
-6.89
35.37
-7.95
-4
6.85
12.53
6.63
25.03
40.22
-69.1
3.69
-86.5
5.6
18.64
28.21
25.09
106.17
-115.67
-8.35
12.67
6.31
-23.06
78.95
-0.31
-11.96
-3.67
25.37
20.37
0.01
53.98
29.26
-5.96
-32.88
20.24
-64.43
7.8
-24.64
-10.11
23.05
30.96
0.77
16.44
34.7
-148.96
-1.82
45.77
-3.89
-60.38
20.49
13.89
-5.47
-5.23
-26.81
23.54
26.13
-11.68
1.66
-14.22
42.26
-5.92
3.03
25.37
-2.99
10.19
33.42
75.25
-4.89
-5.88
-73.05
-12.85
6.3
20.35
-7.72
-6.3
-220.92
28.51
29.78
11.74
-9.54
52.47
-7.33
7.68
46.11
54.05
-18.4
1.65
60.9
16.05
4.32
-16.56
40.74
-14.23
-7.74
20.57
-117.32
-34.29
-2.47
40.46
-142.67
-7.38
-1.23
-30.52
28.72
25.53
-9.52
-58.04
-4.25
4.87
-61.76
0.75
14.39
-39.18
-0.92
-23.46
-24.89
-7.17
-176.58
-47.84
-1.57
-13.19
105.86
0.24
-8.5
-5.27
-28.07
11.72
1.94
-28.74
40.72
9.34
-46.42
-7.18
13.67
-6.83
9
11.08
11.7
59.82
-98.25
21.11
-0.99
-4.07
15.29
73.77
-13.88
-58.14
-16.86
-42.5
62.51
37.04
9.78
2.83
-8.74
14.84
-11.29
20.55
6.3
9.83
-3.77
44.29
-11.37
-8.02
-19.53
-6.54
10.15
16.79
49.92
-59.42
3.28
7.03
-23.87
8.45
-11.12
68.98
24.59
9.38
2.92
-4.05
-8.18
53.37
-40.32
95.79
-14.51
83.08
-363.58
63.49
-14.64
-57
37.84
85.89
-38.65
-3.06
-28.77
52.95
35.68
33.72
-23.12
-128.16
-16.65
34.41
-17.38
8.84
-16.98
-16.51
44.7
-134.12
-129.25
17
3.81
-27.13
6.41
0.01
56.56
3.43
93.46
1.02
-5.99
-9.18
-1.95
65.36
46.63
29.47
6.89
22.81
-14.44
6.27
-7.23
-12.76
12.31
-144.79
-58.46
11.07
30.76
-96.94
-6.88
-16.41
30.59
-10.28
11.47
-9.76
45.3
-9.45
20.23
12.53
-10.66
-26.75
131.15
17.74
11.15
8.9
62.6
-6.74
-66.25
7.87
17.66
10.68
17.63
22.36
-1.76
28.04
33.45
-12.67
14.84
-60.37
7.63
-211
6.32
-10.03
21.13
18.8
-2.99
28.64
75.15
-12.23
84.53
-2.27
-14.7
9.33
5.68
10.67
17.63
-86.6
-178.08
-1.58
84.74
41.21
-11.98
-39.44
6.96
-5.33
-44.5
18.98
-5.33
-4
20.78
-15.71
46.3
19.83
10.23
1.08
100.98
29.46
-3.33
-22.69
-16.54
-92.33
10.1
-4.54
6.09
9
5.72
-173.07
18.49
1.15
-168.59
-24.03
-8.18
4.48
-8.65
13.47
-60.67
-9.21
6.01
23.96
2.9
35.27
-13.01
-112.9
-23.28
16.6
-56.03
-13.43
-7.43
-5.21
5.15
42.28
51.35
-26.84
9.19
0.46
-5.46
-8.29
-69.86
8.87
-20
98.27
-3.34
-6.12
10.68
-129.84
63.25
-7.61
-86.84
-47.08
12.15
-126.92
63.78
4.98
-24.52
-27.93
21.37
42.23
52.83
-262
-27.94
-0.22
-4.78
63.02
-58.8
-0.01
-63.24
6.03
24.93
-8.26
84.06
7.61
-15.8
-13.21
1.18
-8.73
-38.91
10.09
-88.37
-6.8
216.13
-12.23
-7.94
79.28
28.5
8.92
-49.04
-5.51
11.36
-44.15
14.47
-7.54
1.91
-160.52
-1.26
13.87
110.57
17.88
122.14
-1.34
20.65
-0.54
-30.75
29.6
23.03
-53.12
-20.85
-82.62
223.88
42.2
1.28
13.47
-21.33
15.38
35.13
4.82
9.08
-23.43
-8.16
-7.09
-53.75
-46.23
9.88
-24.33
-3.7
-5.68
27.9
59.75
-40.06
-17.16
46.45
-1.44
-10.9
74.91
-4.88
-32.6
46.52
59.45
98.69
-11.57
46.85
4.9
29.62
31.89
-58.73
-6.44
87.27
11.47
-17.06
-484.57
-29.33
42.48
80.47
-20.69
83.6
-16.99
90.75
-19.54
-17.3
8.27
4.02
-37.56
-14.16
-11.74
-3.66
10.53
15.28
-22.03
-53.57
8.6
8.46
-45.3
-126.35
12.13
-118.25
42.98
-11.85
-133.48
-13.07
-1.18
-13.9
-63.49
57.12
-19.34
2.33
-29.65
6.98
17.91
12
-1.86
-17.65
41.92
4.96
-151.85
-148.31
-5.04
12.57
2.29
4.26
-10.19
4.92
110.58
1.57
-62.86
30.88
40.84
20.11
-1.6
-7.2
17.8
62.93
22.49
-47.99
2.66
19.5
-0.23
41.16
-6.43
-8.51
2.11
29.47
0.03
33
-39.05
68.99
-52.41
55.32
2.21
-11.14
-8.93
40.03
-1.31
-64.19
25.1
17.82
-39.95
-155.17
-1.01
40.99
-3.64
-2.89
14.18
-65.53
9.02
-8.37
-6.45
-2.56
5.34
-33.82
-31.68
-1.84
-3.19
19.57
-1.21
7
102.07
-1.77
19.4
-2.02
30.2
-46.57
-12.23
3
-154.92
-5.6
8.3
19.03
-2.36
-154.98
-11.38
-18.3
-1.01
-7.69
32.33
3.46
-1.62
-15.37
-6.79
7.61
-153.48
58.04
-16.92
41.55
-24.85
13.97
27.84
-7.09
-3.69
23.24
7.14
-34.07
-83.64
26.16
-66.55
-49.46
16.54
9.8
-1.05
3.73
18.15
23.41
-12.1
-14.13
-96.67
6.11
-5.4
-3.13
0.61
-6.79
-2.52
5.54
-5.26
-0.68
-54.98
-0.02
27.2
11.96
118.37
14.17
-8.42
-84.99
-8.09
-22.87
83.42
2.12
-3.56
42.5
6.61
-99.53
159.1
-105.87
9.78
16.82
7.43
59.83
-1.57
-21.49
-152.63
7.5
-83.61
7.62
21.27
-35.59
5.44
38.46
93.89
-57.31
-66.84
11.67
-4.87
-2.4
-44.6
8.24
-4.09
61.92
-34.55
-20.83
14.6
-86.78
-27.39
-11.52
-6.82
8.57
4.39
1.99
15.19
-3.48
-4.26
13.34
-0.47
10.34
-9.55
-15.7
-1.69
-2.15
11.83
-132.47
-59.14
33.47
-21.8
0.38
-46.79
6.71
-2.43
-16.15
9.37
-60.33
16.58
0.89
66.05
-58.86
-7.56
-21.37
-6.82
-4.37
39.71
44.67
-5.12
4.96
-4.36
20.65
-14.4
-11
160.67
-125.18
-30.21
7.93
0.02
104.69
-5.91
-94.23
31.98
22.29
61.63
25.2
-64.06
30.17
11.1
25.36
14.18
-105.12
-73.89
-5.65
-3.09
-10.31
18.44
-47.41
2.44
2.55
82.91
-38.91
2.72
15.08
64.71
-163.13
98.61
-23.28
-8.89
25.38
13.89
-66.48
10.32
-2.97
10.89
3.13
-19.76
-8.86
35.73
25
6.32
6.42
-3.03
0.23
-95.39
-1.69
-4.02
-193.75
-7.51
-1.04
11.04
-11.36
1.52
-9.39
-1.03
82.59
-15.47
35.64
-25.6
91.75
15.33
-8.04
-36.52
-18.23
62.41
-100.24
-9.52
11.03
0.6
24.81
14.43
-16.36
-19.22
19.41
