46.7
-146.35
-52.2
-2.66
58.35
-46.16
9.86
49.86
0.54
-35
-7.71
6.34
-4.6
1.38
15.92
-205.6
-25.61
10.01
-67.53
4.54
-46.86
-34.83
12.14
24.07
103.07
-19.54
7.46
-6.03
9.56
16.1
14.59
8.93
-1.75
106.86
85.17
57.41
-81.68
12.2
-56.27
162.23
63.02
0.37
-24.58
-105.94
-7.99
83.95
4.07
-27.22
-7.37
4.3
-55.56
-6.66
-86.37
-8.23
5.78
51.68
14.09
-35.74
-17.05
-1.83
-18.82
10.6
-5.75
-30.02
-105.64
-112.44
-2.55
-5.4
5.52
88.81
29.17
5.36
5.42
16.06
25.05
9.63
-14.22
-3.7
8.29
-29.14
-19.31
-79.21
42.19
53.17
-72.2
62.8
45.26
-140.19
2.46
-27.19
-3.57
-14.36
41.17
82.39
32.45
1.08
223.15
-37.01
11.44
-62.07
-2.59
19.32
31.56
163.91
76.05
-23.7
16.97
7.78
22.31
-10.09
-72.06
58.84
8.53
-96.37
-15.3
-18.57
6.29
-6.83
30.82
115.86
-8.55
-3.27
-70.41
-22.16
-31.13
11.14
4.45
15.95
-41.71
115.99
61.17
-25.45
-6.56
-26.59
17.11
1.64
-38.24
0.32
14.44
-4.91
39.75
2.63
66.92
-76.28
-8.48
16.06
-101.38
-62.71
72.99
88.34
4.31
1.74
37.84
-9.47
95.81
-15.61
-8.49
7.88
76.67
-11.82
5.31
-23
-90.07
-13.39
-8.12
60.22
0.22
19.74
26.31
-1.9
12.09
-10.32
-7.19
-93.42
47.74
1.08
86.21
203.58
-2.19
-9.71
1.86
-24.56
2.33
-5.47
-1.77
-91.25
-60.43
-12.17
10.88
0.71
-2.66
26.87
78.56
-46.17
-30.06
-2.53
-12.05
23.66
-77.39
26.92
4.75
38.05
-22.69
36.76
-31.79
-6.53
-21.72
5.4
74.05
-106.09
64.91
-104.02
1.2
-16.17
3.6
11.81
18.34
-223.1
-17.91
-48.35
141.3
53.28
-8.67
0.69
33.09
-8.25
-3.22
-45.19
-65.9
1.03
57.68
9.3
-2.34
-56.15
14.73
-10.26
-94.28
-8.29
-12.29
-200.36
-26.97
-28.34
-2.88
105.57
-90.79
-0.18
72.59
-4.51
-26.53
6.01
24.19
3.71
-20.99
-5.73
163.64
8.62
-110.67
-6.08
-9.57
39.74
23.64
0.75
3.35
-38.66
37.04
-5.93
21.6
55.61
-48.78
33.65
20.3
8.45
3.31
-11.69
-60.22
-17.86
-8.24
-20.72
15.71
9.34
-22.77
-35.44
14.58
99.18
42.52
-3.74
0.64
28.19
-4.01
11.46
-29.09
3.22
-7.37
-21.09
-6.19
-6.72
140.12
-1.29
3.15
25.63
21.6
24.57
1.09
20.36
-35.03
4.01
-4.98
-1.22
42.75
42.3
-3.59
-0.18
-67.78
-4.36
-7.85
-36.88
14.02
-7.1
47.07
105.34
10.64
-20.35
-6.62
-0.87
-7.77
-12.81
85.53
15.09
-44.35
-76.71
9.21
-49.87
62.25
-7.39
23.01
-3.94
-0.75
115.23
-4.33
6.28
-37.81
-11.34
101.8
13.78
-1.5
14.31
7.16
-11.07
-5.5
42.38
29.59
-11.88
-12.1
15.94
-35.1
-18.72
-9.18
11.2
-60.89
-16.97
41.67
3.75
-33.46
-7.58
154.58
9.29
-29.64
-97.94
-44.03
-7.6
-16.54
9.05
-25.64
-0.38
-9.6
31.55
1.71
40.25
-4.81
-17.68
-14.65
-83.73
10.83
46.99
9.38
47.44
-92.41
44.94
-51.52
-167.72
-0.6
1.65
-92.7
12.03
6.54
-77.98
-0.79
64.99
59.09
-28.03
112.12
-33.53
-13.58
-24.11
6.1
-49.96
3.09
8.94
39.49
-45.1
28.21
-11.82
-6.56
-2.62
20.71
2.24
-0.4
-7.56
-4.15
-15.14
-50.73
-63.48
47.34
53.13
-10.6
10.14
-6.19
-7.21
-159.98
-26.7
-50.49
4.12
0.92
-1.69
52.27
61.98
-19.12
10.24
51.08
-13.26
55.98
-63.11
-43.85
3.92
9.8
-7.78
20.2
-53.64
19.41
25.97
0.13
-10.56
-12.16
-4.13
20.9
20.09
6.65
-0.95
2.21
33.38
88.72
-14.51
-13.82
19.64
-7.41
-10.91
-77.4
-36.08
-26.41
34.55
8.86
42.97
3.29
3.87
103.63
0.37
-7.6
10.73
-191.81
-6.72
-19.43
-5.03
4.8
-5.06
5.41
-8.34
80.37
-18.8
-41.41
-10.43
-5.94
8.6
9.32
57.05
10.1
9.73
30.28
-7.79
-80.97
6.68
-8.06
36.32
4.58
35.11
-2.79
57.12
-6.6
97.96
19.74
1.59
23.08
14.72
-10.01
8.2
1.33
24.94
14.19
-9.15
26.31
-14.51
19.76
-2.02
71.91
-1.54
-5.68
5.82
-33.81
-8.88
-9.46
132.84
27.7
8.69
8.33
-51.61
12.23
39.62
-18.57
-25.78
34.24
130.66
-2.57
-4.68
-14.58
3.88
1.61
-12.05
12.21
62.97
21.35
12.07
-56.81
10.92
50.47
12.6
36.11
78.69
-54.19
6.43
-8.14
-107.06
-7.76
-23.13
5.28
-1.57
10.13
16.42
-75
45.48
9
3.02
-13.92
72.1
89.57
-10.82
70.15
-16.74
11.53
12.86
-59.24
-0.16
12.04
5.15
-7.23
51.63
-44.09
26.29
-5.68
30.6
-34.58
-0.06
-34.67
-9.13
31.24
1.76
-84.35
84.03
8.44
38.29
-6.76
-1.89
-2.08
58.85
34.11
20.55
-7.29
0.17
-5.95
89.69
47.77
-37.42
17.07
70.92
60.75
16.83
0.74
-9.96
22.91
-4.94
37.57
-69.97
-5.07
-119.94
47.89
-28.09
5.66
7
9.06
-7.59
-0.36
-22.75
-3.05
-164.26
-1.65
17.52
2.42
-15.59
-24.12
6.86
-38.79
-23.61
-31.87
-1.49
14.56
2.08
-0.16
-10.96
-14.31
13.86
-11.43
14.15
-11.09
-40.94
-117.66
52.97
75.13
-19.98
68.7
-28.74
-192.84
9.7
-19.53
-36.78
-20.93
-51.62
8.49
-28.59
58.1
2.14
-39.3
-4.17
-10.5
10.29
8.44
-2.08
54.81
64.77
-67.18
0.9
8.46
64.98
-15.6
-76.21
0.35
34.95
6.9
12.85
9.71
-14.05
6.67
-93.52
18.94
42.93
1.28
75.3
3.12
-8.67
88.18
-0.76
75.59
39.26
-21.15
-8.1
12.45
6.09
-142.09
-12.72
6.21
53.21
31.54
112.63
-29.23
-32.09
12.45
10.99
-9.94
21.53
-3.13
1.05
16.31
-13.03
-50.72
-21.71
83.89
40.18
-56.4
52.02
9.32
43.66
-11.15
-13.41
-15.18
-3.01
14.79
-11.88
43.76
14.67
27.63
-9.95
10.21
23.46
-90.33
49.15
-5.76
8.47
23.98
-10.17
-40.24
24.34
35.8
18.58
54.82
-7.11
6.15
7.03
-4.42
1.26
-5.37
16
-49.03
20.75
8.13
-32.02
-36.07
-18.77
-20.18
255.76
-2.79
16.03
-69.36
-10.26
14.3
10.29
-133.09
-16.64
91.63
-9.08
-16.52
3.11
-167.39
58.47
17.3
-10.94
3
-0.83
-29.48
6.04
9.48
-46.39
5.72
57.05
194.32
11.25
100.7
-6.64
-69.18
-73.41
-26.76
-13.77
9.13
4.16
0.92
-23.25
67.24
7.95
-138.05
-33.42
-9.47
41.3
-9.53
-3.18
16.01
45.65
-7.92
12.54
9.91
-96.17
-1.31
45.92
-13.3
9.04
-54.23
-12.22
-25.85
5.93
-3.26
-17.39
24.53
19.45
-31.82
-0.59
16.92
-1.03
-11.83
-21.14
-25.53
60.98
-38.06
-7.16
-45
-25.6
0.65
10.37
51.54
-8.51
10.37
42.91
-46.06
11.95
8.37
-9.35
98.8
-19.23
-20.07
-8.44
-28.98
-44.23
45.41
73.23
70.93
18.06
16.69
9.63
15.68
-4.89
9.45
-99.27
5.44
86.57
61.33
4.07
8.82
12.09
7.83
-121.22
-2.03
13.27
21.75
-20.19
4.8
12.05
-2.49
-72.09
6.92
28.15
-14.31
62.15
5.09
-6.23
-0.23
-70.62
-1.86
-5.13
69.06
-53.74
5.09
1.01
-43.19
-3.46
-135.62
9.89
-90.12
-10.23
-104.59
-2.24
0.11
21.56
-26.68
12.91
-35.82
105.81
-62.62
0.88
136.04
72.58
-3.36
20.53
-124.96
-56.25
-13.43
6.36
3.97
-6.57
-33.97
-13
-22.35
81.31
6.76
-2.55
-5.61
8.23
63.36
1.53
30.41
56.57
-6.58
-21.9
-19.71
56.68
104.39
-9.17
21.52
9.18
98.07
5.93
-35.46
-8.52
15.22
-41.84
8.85
0.68
-33.5
-126.1
82.29
-312.69
59.67
-18.14
-6.91
-24.98
63.52
42.41
-4.95
2.26
-68.23
50.99
0.12
-81.67
1.3
-7.57
16.94
-11.72
-60.31
37.55
-10.94
-38.98
-40.31
4.1
4.61
-1.19
-121.22
0.9
-237.01
15.54
23.18
132.28
-55.87
-44.61
51.4
-127.32
-55.98
-18.59
-40.8
-67.88
-3.02
11.59
-174.71
134.78
-8.79
7.64
3.43
14.3
69.43
-28.8
-39.12
8.38
14.38
-13.63
-56.91
33.14
21.14
12.17
8.7
-66.19
-83.67
2.53
9.86
-79.69
11.78
-0.05
37.96
10.53
-0.2
16.33
45.29
0.54
