4.8
8.97
5.82
16.45
-23.16
-32.92
-10.34
6.55
20.12
-165.91
12.19
0.97
-23.6
53.05
10.48
-8.21
10.68
-127.6
2.23
-7.17
-14.47
-10.47
-6.25
106.48
-67.93
7.08
32.27
5.11
-20.95
-39.45
14.16
-16.47
-1.45
16.47
124.92
-128.38
-28.39
159.85
89.79
6.02
28.13
2.76
-3.67
3.58
-12.39
130.02
-1.7
8.05
78.85
3.67
31.68
-7.54
3.02
-23.24
18.64
54.48
14.82
-9.36
4.26
-59.38
9.89
-45.11
0.43
-101.71
50.11
-54.04
-102.34
-98.63
85.9
4.73
-91.48
29.47
-33.13
-4.58
3.3
73.09
-42.15
-20.8
12.04
-12.06
-62.32
5.22
-75.59
-29.35
32.21
-6.96
-32.56
29.85
62.57
-11.8
-15.18
-2.13
-28.87
-93.91
31.47
54.29
13.02
5.46
99.51
108.67
7.64
70.88
-3.34
-35.45
-32.02
46.99
-60.09
-69.31
-12.2
-21.98
11.62
175.26
-10.38
3.72
4.53
36.53
30.91
-3.02
26.89
7.24
-11.25
-5.19
62.38
-76.43
13.38
-7.26
45.54
82.62
-27.34
-82.61
-16.85
-39.81
188.78
2.53
50.61
-20.45
10.13
44.07
-28.74
-24.99
3.75
32.01
-6.61
-10.97
10.35
-0.62
9.4
-8.72
4.43
-40.24
3.58
10.66
-25.62
-35.46
-7.64
36.94
-3.6
1.63
48.4
-42.73
4.95
-108.65
-52.66
-2.12
1.66
32.16
-14.13
-12.38
0.35
34.82
-35.9
-55.41
-25.25
-118.44
5.81
30.49
-51.31
31.5
1.5
-15.44
4.09
48.57
-12.68
30.19
14.37
-10.91
-20.37
-10.17
31.58
3.12
-103.04
-11.46
-2.21
57.75
18.77
6.68
32.37
151.46
-21.38
-5.63
16.68
50.16
26.93
4.23
-62.94
5.1
-103.82
-146.86
75.77
-5.33
72.6
8.61
1.91
-78.97
41.91
-5.43
46.46
27.1
0.13
4.52
-18.83
-5.22
-23.04
-101.83
7.39
-13.48
-4.47
64.42
4.07
14.98
-0.39
39.94
-12.5
6.61
65.67
-27.76
-10.54
1.88
10.71
-10.12
-14.92
29.53
20.37
4.96
53.8
-6.58
-12.95
-47.97
29.88
11.15
-12.05
-7.02
113.2
-3.57
-39.45
44.66
37.04
-54.08
-2.41
41.11
51.25
27.25
84.71
18.07
-9.67
-203.62
-17.7
-14.31
42.94
72.37
-18.08
-189.64
30.51
49.57
13.76
-2.87
-2.99
3.39
-2.64
-41.84
-3.01
-54.25
-10.27
-10.46
-76.07
-22.82
0.78
6.13
-50.13
7.18
25.54
-30.55
10.83
19.68
12.14
11.06
-0.09
-44.79
-33.94
-89.99
7.5
53.49
-7.88
-31.9
-59.7
8.5
-0.26
-8.37
-0.12
-1.99
48.88
34.53
0.46
11.3
-10.96
34.86
14.94
21.94
23.9
8.96
-68.99
-19.45
-6.68
36.02
4.13
2.01
-49.57
-41.91
52.14
50.28
6.04
4
79.24
36.57
24.44
38.76
-5.28
-40.41
-53.45
1.56
-117.79
-7.62
14.78
-29.14
-13.39
14.57
26.71
-3.07
4.27
0.65
-17.2
-1.2
6.99
0.09
-80.51
-75.69
-6.94
32.75
-1
12.28
-28.92
-6.99
3.14
-21.21
-62.46
59.34
28.62
7.14
-0.16
34
-5.63
3.51
40.04
13.86
-53.56
-39.94
-5.54
7.33
36.88
1.92
-125.38
-10.27
-101.7
41.73
-56.22
77.79
3.13
99.08
-2.44
23.08
131.36
-158.08
10.44
37.72
-33.03
27.26
-59.56
-10.31
6.64
117.35
-10.31
-17.76
-93.78
-12.31
56.54
47.38
-1.9
-12.62
-20.65
14.03
10.62
-174.72
-9.08
-2.53
17.48
1.72
-4.85
-45.61
43.46
6.64
-14.29
44.82
-40.84
-10.73
-73.33
89.1
-32.32
25.93
-41.49
49.73
85.45
-45.57
93.58
17.51
21.71
-12.1
-10.31
-23.21
9.79
-4.37
18.89
16.14
28.73
-3.77
114.03
-56.15
23.65
-7.05
-35.24
13.68
-82.8
28.04
-114.03
-34.39
42.05
3.82
16.27
12.75
2.7
18.68
51.43
47.54
-32.87
208.59
-22.46
-6.69
39.09
-45.52
-81.65
4.25
-5.77
-16.72
23.94
99.33
88.95
6.03
-25.72
63.55
22.47
-0.05
36.2
76.11
-38.44
-0.61
-43.6
14.38
0.58
1.97
-68.7
29.68
5.36
116.46
-0.73
-3.23
-54.52
77.35
-2.09
-44.48
8.13
6.86
-3.8
-4.73
15.6
11.27
15.14
-38.51
-64.64
-53.04
7.84
-76.61
-29.75
-14.3
-141.61
3.32
-6.23
1.47
-4.12
-6.56
143.24
4.85
52.64
2.08
-26.78
42.99
20.89
-73.34
23.66
133.4
38.42
-12.57
28.5
-12.66
195.52
-43.65
31
-3.89
-6.25
-67.76
20.17
-15.86
-4.3
-22.17
-47.09
-54.57
30.86
-12.36
-5.62
-5.76
62.81
-3.6
88.98
-11.53
-15.13
-44.12
1.91
-37
-65.86
-25.1
-2.68
-13.86
-27.21
-41.32
52.21
44.54
14.67
17.02
2.92
-25.4
1.34
4.29
26.34
-165.63
-4.72
11.06
-48.31
-49.31
37.74
-58.2
86.16
-7.43
16.94
60.17
23.93
-8.71
12.31
11.15
-9.21
-8.77
-29.82
11.84
-0.24
-5.53
-2.42
-9.55
68.59
-6.75
-46.6
89.07
-8.93
-25.79
10.97
1.51
-6.97
4.72
-3.42
-44.63
-11.72
-154.79
-4.15
7.88
11.15
-21.7
34.6
-69.57
-15.13
8.89
-8.78
-22.14
-22.18
58.94
-44.06
3.36
-20.47
3.3
70.34
-0.09
1.58
-80.05
-6.5
-9.17
-13.58
-61.17
-68.01
17.77
-26.72
32.39
12.27
-21.87
3.08
49.4
-250.41
-51.75
-10.62
-13.38
163.7
-12.79
126.63
55.81
9.14
-82.08
-5.45
104.41
-13.25
10.4
7.6
93.87
63.9
-10.47
24.05
102.78
-108.04
-19.14
-15.56
18.9
-4.31
-7.76
14.51
21.05
-19.73
34.5
-5.48
-15.13
72.25
-7.77
-39.45
11.2
23.64
1.95
80.51
25.62
-10.5
56.63
29.76
-7.58
28.99
11.73
83.85
52.31
-12.93
-52.76
-15.6
-31.59
-8.45
-1.96
-3.21
-28.29
8.52
6.82
-54.17
-2.79
0.89
-35.17
31.72
-76.19
108.41
-68.98
18.4
-8.47
-80.91
-9.14
60.35
-14.99
-18.21
17.93
-64.15
35.55
90.51
50.37
16.68
-57.86
22.53
-39.07
49.94
-166.77
6.12
30.74
-4.98
0.74
-132.86
7.93
-3.1
16.66
7.06
62.23
-31.53
2.99
-32.98
29.27
8.4
0.36
-6.24
-14.33
-20.64
-6.19
40.57
-11.97
47.76
-45.87
-8.12
121.81
43.24
119.99
-2.89
2.45
46.98
39.25
-2.5
179.26
-34.22
1.14
94.51
-10.74
-8.87
-143.38
14.99
9.73
-95.97
29.27
-189.67
-128.1
14.86
-12.5
65.06
55.55
4.94
-19.68
-6.8
-3.6
14.07
33.65
61.81
25.84
-41.03
-13.16
-111.45
2.47
-22.57
-70.19
59.16
17.62
5.36
-45.36
87.51
9.69
1.54
-57.45
-64
-9.05
-12.65
117.08
35.78
9.47
-4.25
-18.37
-51.79
-10.58
19.96
-193.3
10.96
-11.02
61.72
-5.92
46.97
36.97
-23.01
-107.36
-0.49
-11.45
5.04
-60.13
-36.84
-41.07
0.6
41.08
-103.86
-31.67
-136.01
14.85
-5.96
6.54
58.96
55.24
-3.92
-6.89
2.55
29.8
10.47
9.3
-33.46
55.06
25.82
-65.3
-39.66
80.51
64.16
-24.96
-7.84
8.98
-14.95
-33.78
-9.51
4.1
2.34
-50.84
6.34
-9.86
8.67
-18.89
11.22
-6.75
-9.48
-28.36
25.48
-11.5
-2.03
100.42
112.67
51.07
6.65
-17.98
-56.83
-227.93
-21.79
82.53
118
1.79
-28.47
58.26
14.53
-23.89
64.26
-10.38
-1.43
1.48
22.07
9.62
10.23
45.92
-22.63
-20.02
-1.63
-30.04
-6.94
5.5
-20.72
86.99
5.34
-9.03
6.96
77.99
-13.43
33.47
-14.53
6.87
2.02
52.32
-9.56
1.83
25.7
-51.6
72.41
1.69
19.75
-83.24
0.21
-19.06
-16.72
6.09
9.98
-3.36
-12.96
12.26
-1.86
-31.84
6.52
-7.7
-64.47
121.37
12.77
-64.82
-2.59
-1.26
8.42
-127.48
42.19
-77.23
30.75
11.65
0.6
32.38
-94.68
-17.02
74.51
-12.59
-35.36
7.56
32.18
45.62
24.61
-9.86
-12.08
56.17
22.25
65.34
5.3
31.74
67.32
75.08
60.9
19.88
4.29
-15.4
-8.82
-3.37
-47.19
-1.13
42.18
2.28
94.31
-17.76
118.4
-70.99
-71.1
8.94
4.68
-212.75
-21.02
8.09
4.18
-4.92
3.56
-105.87
72
84.77
31.47
-111.53
8.9
-8.93
110.26
-32.63
33.8
-4.65
-5.57
-68.95
10.94
86.96
11.91
10.35
65.48
43.7
59.32
-10.65
-38.65
-69.86
5.61
-3.66
-5.81
8.6
-6.12
4.74
-23.23
-20.78
19.26
32.97
-12.43
51.48
-10.73
20.88
-8.09
3.7
-13.46
-121.94
-75.97
-89.62
