11.02
-24.93
25.05
-28.49
9.53
-14.38
13.82
90.76
30.83
23.59
-3.41
-17.28
95.62
-10.88
-41.21
-7.63
-37.79
-136.65
-1.69
-49.85
-68.78
8.16
-0.29
10.01
-14.31
3.92
70.09
49.09
-128.98
3.77
-22.25
56.38
43.51
-22.07
-0.24
5.95
6.21
-35.72
7.3
-26.01
-19.92
4.23
-60.77
11.49
73.38
16.36
-9.06
3.02
-17.01
16.58
8.13
-3.5
61.89
68.17
1.04
6.36
-18.58
27.88
6.94
5.67
20.13
-123.8
11.26
2.27
-11.05
21.82
-108.23
-5.24
34.01
14.26
5.36
12.34
4.35
0.1
35.16
-30.56
11.46
-23.43
-31.16
-34.62
87.76
5.68
2.84
-43.67
23.14
50.64
54
-46.08
-5.23
11.85
-8.08
23.58
-30.83
17.57
-52.12
-71.32
12.73
23.63
14.24
-3.94
-61.55
3.43
-18.04
-40.91
27.03
91.45
-7.19
42.56
7.71
-112.12
-78.53
-17.59
37.88
-13.46
53.23
-11.17
4.88
3.08
54.4
-30.79
44.76
43.92
11.42
137.32
-34.99
1.98
-32.49
0.97
8.32
-45.24
2.85
-39.07
5.9
-7.7
4.79
-45.5
0.78
-6.94
2.34
-154.11
9.25
-45.12
-13.87
12.42
55.23
-60.24
-5.56
23.51
-2.37
14.47
-2.16
40.01
82.87
35.42
4.47
-66.51
-4
-7.51
-3.06
-36.93
14.18
13.48
24.22
12.97
36.2
-12.67
-4.72
40.37
-210.73
-96.59
4.83
-8.09
11.59
-44.13
13.22
-7.1
6.79
-169.37
-20.22
-71.91
-96.82
-52.91
30.97
-5.16
-11.8
-60.26
-17.74
90.94
22.49
83.03
56.7
10.86
10.78
9.02
6.67
59.34
-66.95
66.7
-12.05
-25.74
168.97
-71.05
-9.11
-47.96
-66.52
-16.97
60.68
-5.96
11.72
12.47
27.53
-33.23
-73.68
-8.43
13.47
-6.12
28.52
17.54
43.49
-65.25
0.04
8.86
46.19
18.93
12.61
-10.34
17.7
-6.66
-75.35
-3.3
-1.49
14.11
60.99
32.23
-6.75
-97.65
-5.69
10.28
6.76
8.75
11.54
3.26
104.72
5.93
-2.63
33.98
27.83
-6.9
-15.61
-30.14
103.25
-11.83
-73.19
-11.92
-63.45
-38.06
4.72
-7.32
64.28
-6.4
-1.47
-17.27
20.97
9.34
-1.5
1.14
-16.11
-2.39
20.39
31.1
-5.75
-32.99
3.39
-6.25
2.56
0.03
13.77
21.25
-5.69
18.21
19.42
7.49
117.24
-19.79
-8.53
9.84
2.74
-17.02
-8.87
8.18
32.85
-46.68
29
38.59
4.15
-23.48
-6.71
-2.51
41.49
-10.85
13.14
15.62
57.24
35.66
3.07
12.16
2.83
20.67
-25.42
-10.68
2.87
-1.94
-5.63
-24.71
-53.98
-5.4
73.32
9.7
-19.46
-10.73
10.54
11.64
1.83
-5.52
57.01
-19
-2.61
-25.96
-111.49
6.42
-6.47
4.15
85.62
-62.75
-2.95
6.83
1.26
14.64
-10.77
33.28
-2.78
-180.52
5.03
-2.24
-0.29
-38.38
-11.54
17.49
-4.81
-3.04
45.94
13.25
-2.04
66.2
-40.99
-7.49
-9.48
49.64
170.11
163.42
30.28
-6.16
-6.03
11.25
0.31
63.48
-10.21
-47.24
-10.34
-70.09
0.63
5.52
9.8
0.04
29.44
25.51
34.12
94.63
-13.52
5.76
85.08
11.36
-13.9
35.74
-27.38
-2.08
-7.94
2.9
-31.35
-43.38
-65.88
5.83
-5.35
-7.67
16.11
-0.54
-90.69
8.97
4.58
5.82
6.73
-9.1
1.18
-19.88
5.13
-4.48
79.99
-62.79
-1.02
-68.6
8.97
-7.39
6.78
59.66
11.04
-7.17
-36.65
14.05
31.24
-8.72
-10.99
27.12
-0.81
98.71
-38.64
53.62
-70.01
41.38
-77.36
-19.23
-11.16
12.27
-1.75
5.48
5.4
-4.41
-17.22
-150.9
-8.55
64.35
-8.2
84.16
22.05
11.6
-111.55
-4.67
-114.53
30.05
6.4
-11.25
6.43
57.79
-101.27
33.03
1.49
51.62
-5.18
-19.27
-42.35
-8.46
-11.41
-66.39
10.9
-64.57
-8.65
-1.61
-8.09
5.51
34.46
-52.91
-17.33
6.5
-27.18
2.63
-35.63
85.24
-15.79
11.25
46.25
68.65
-10.45
-66.15
50.7
-19.07
-63.83
-47.44
-20.34
123.55
-4.04
122.59
13.24
6.53
-26.8
-11.94
4.07
-54.65
-11.65
-4.01
23.66
-25.16
72.62
7.3
5
-6.37
111.42
-14.32
-3.77
-54.21
9.57
-5.26
19.11
-3.94
-150.63
0.51
18.71
8.58
-4.35
10.45
2.32
-11.18
-3.41
-6.93
53.53
-10.35
12.96
-44.65
55.3
-30.27
-47.69
-8.91
-55.89
-1.42
17.83
9.27
10.07
16.31
-11.7
101.02
2.91
127.4
-5.43
-12.89
5.97
5.55
1.36
-30.29
55.74
-66.24
-7.03
3.83
1.99
17.62
-4.49
7.24
-56.64
6.67
-17.89
1.6
-56.69
15.77
-114.62
-7.87
24.16
0.19
-15.09
-31.41
-10.12
22.75
11.44
7.78
-225.29
9.04
62.77
51.62
-18.22
-70.3
-22.27
33.06
12.33
22.83
-0.75
-7.83
-17.99
0.31
2.17
5.2
-7.41
-35.87
-11.56
-3.42
10.63
24.09
-25.38
5.66
14.7
-9.47
-70.44
11.85
-10.13
-27.01
7.94
30.1
-40.36
11.01
54.36
-5.3
10.76
-1.8
11.83
-29.45
89.13
9.73
-58.68
-1.53
-0.16
-6.31
-97.59
-32.37
-57.4
124.6
11.5
-95.06
21.2
-190
-0.3
-6.02
58.97
-13.87
4.88
-25.75
31.65
1.52
-32.74
1.34
49.17
-56.43
40.6
-5.49
2.79
-12.69
-7.56
90.57
-11.33
-9.5
-12.87
-45.23
5.53
-77.75
-14.33
-40.82
33.26
-99.22
7.88
16.88
34.45
14.58
33.04
10.01
13.85
-16.58
41.41
25.83
-2.84
-10.19
1.33
13.79
-5.09
0.66
-8.64
44.59
19.17
-10.36
41.07
11.44
-45.95
-20.97
-38.21
10.92
-74.92
-48.05
-46.89
-0.18
10.2
24.74
-51.91
52.79
-93.41
66.93
-8.26
-7.54
26.37
11.5
22.84
9
70.85
-6.84
-9.4
7.16
-9.14
-7.23
2.03
34.95
9.71
-15.51
38.41
-9.8
-4.7
20.4
5.34
118.28
9.86
57.86
-87.65
-48.23
47.36
6.64
130
33.32
-31.43
-2.74
1.03
10.22
53.67
6.91
-150.77
2.61
-30.04
-6.8
40.04
-85.02
12.14
6.4
-9.76
-7.92
38.59
-14.39
-6.93
11.07
74.88
10.89
5.69
-32.18
56.23
-149.94
30.36
14.78
32.87
-79.58
-38.93
-13.2
-28.25
-4.38
13.92
-34.51
-16.1
-31.77
-11.4
-12.41
-10.76
-15.71
49.17
-8.61
-28.8
5
144.45
-21.01
14.56
-8.23
-7.88
-22.49
118.6
30.42
-83.72
-39.75
2.68
5.58
47.55
-6.98
1.13
16.59
-15.76
-4.89
-78.7
-5.8
-9.32
7.36
28.62
17.13
-6.36
-3.33
-25.83
25.2
55.36
3.84
10.59
3.43
-4.63
-13.41
84.38
-13.35
65.82
8.04
80.45
71.58
10.43
33.34
-2.25
41.56
-2.16
33.29
-1.64
10.13
-124.52
-28.31
43.91
11.62
3.19
92.07
4.4
-8.45
-22.52
-105.73
-2.83
19.36
94.78
52.92
22.37
-94.29
-31.31
37.5
38.31
-13.37
-20.14
-27.38
-49.3
-94.43
18.56
-15.79
-42.77
-9.39
-52.96
17.3
-12.04
18.68
28.51
-71.46
-10.18
-0.6
18.11
11.3
3.08
-0.24
7.77
-45.21
2.6
35.32
-20.98
-50.22
-5.37
214.06
-62.53
7.28
-14.51
-35.43
-6.55
26.96
-18.71
22.99
-9.6
2.66
87.72
10.35
59.53
6.06
-10.6
1
-11.92
40.96
0.23
-14.69
56.5
9.05
-75.5
36.66
15.69
-39.27
-5.13
9.88
50.47
25.66
6.59
11.33
-52.58
-154.01
3.46
43.47
-38.94
13.75
59.33
-242.03
-30.63
48.69
-55.23
13.22
-6.28
-1.24
144.67
32.65
15.07
-31.65
18.34
-17.65
7.3
-7.95
-7
73.79
-40.4
22.14
114.93
24.6
-56.25
-21.79
-14.01
21.88
-0.73
19.31
118.04
-270.25
6.29
54.68
-143.65
5.53
-2.15
-11.28
-6.83
22.26
-16.26
11.64
-13.38
-5.01
-32.03
34.06
-22.32
42.2
6.14
-6.32
-8.24
14.21
1.84
7.46
-119.06
-8.01
-13.71
6.22
52.56
-24.75
1.66
32.34
7.58
3.88
12.73
-4.9
12.55
-3.83
10.81
-14.04
10.55
88.6
-41.87
-46.06
0.85
-19.37
48.8
45.62
-12.58
-42.95
-43.95
26.92
-99.34
-21.77
13.29
1.39
-18.48
-31.73
-33.47
-83.39
29.48
-78.3
-7.98
-4.36
-41
5.19
10.14
-5.7
6.31
27.92
-7.2
89.75
-48.7
4.99
-43.13
6.62
-73.34
13.68
19.56
37.96
-4.22
39.8
14.28
-17.63
3.67
-17.8
-6.03
71.8
-4.46
20.88
-41.86
12.83
-13.64
24.7
23.12
-211.37
-40.21
22.37
