2.19
-16.42
0.97
-5.56
66.89
8.71
0.42
-177.65
61.88
-17.87
19.04
10.19
4.16
12.83
56.28
11.44
6.47
4.73
6.68
-24.83
15.28
-9.59
26.88
-33.59
-63.84
-10.73
225.64
-48.31
4.76
-5.12
-4.23
-146.32
52.46
58.93
74.95
36.88
-10.97
70.64
18.49
29.66
-24.94
8.28
8.69
14.12
-19.57
62.76
-165.36
48.96
-51.63
26
0.77
14.32
14.6
90.8
-6.04
7.62
60.23
35.28
-19.51
-5.95
2.14
-30.88
26.81
13.81
63.54
-91.53
-130.14
48.99
-19.78
-10.91
-0.31
86.53
-23.38
-16.02
14.36
93.44
-6.87
-13.21
52.79
-25.69
-9.04
-109.01
68.9
6.04
-4.9
-6.71
59.49
10.22
-8.33
-10.55
26.26
37.45
5.4
-53.57
28.24
-91.28
68.43
-26.6
11.61
32.28
1.41
-1.94
-1.81
-18.32
-9.56
-6.04
-54.24
-110.63
-9.19
-23.95
-2.6
83.02
12.9
-7.36
-47.6
-2.7
84.49
-8.04
49.74
-1.76
10.86
2.07
27.01
-28.05
8.68
11.24
7.86
-11.29
24.84
32.98
23.62
0.53
-2.83
-7.59
-66.63
8.13
24.61
-18.08
-21.28
9.9
-9.67
-44.63
-8.83
-45.15
-6.29
7.76
8.9
-8.56
16.82
1.35
-173.8
-9.78
-8.65
7.36
-7.9
-39.2
-4.65
-61.95
46.31
-7.57
5.66
18.11
0.98
-80.27
24.4
43.19
-136.71
-159.71
23.75
-5.58
49.46
52.46
-0.44
105.68
13.84
-12.35
-5.01
-87.54
38.99
-40.09
32.84
-1.97
-9.64
-25.13
-4.72
-29.26
-17.59
10.8
53.36
-54.98
-61.9
6.02
-7.88
-9.07
-24.16
-5.68
78.43
-45.83
-15.04
-96.19
-9.83
-8.99
-9.91
6.1
-0.77
-2.46
10.43
1.96
-7.76
5.55
13.91
9.07
-20.79
-32.11
-6.22
-12.22
2.96
53.77
-0.68
12.11
-82.42
-12.22
-4.4
100.09
3.42
36.11
-41.2
91.66
-82.71
10.19
9.59
6.22
87.13
-0.28
11.15
-21.56
66.76
2.48
-7.8
19.64
11.28
-49.9
-5.76
-31.03
22.38
0.14
-3.32
5.56
7.17
-8.4
-5.43
8.37
0.64
-172.94
-2.12
-6.11
-20.91
-89.59
-2.11
4.94
2
11.31
76.58
-59.72
-10.14
-18.03
104.82
60.93
-103.53
-6.22
-6.87
25.09
12.05
-14.07
112.69
24.11
-11.05
22.4
-10.14
0.75
52.74
93.92
54.85
-8.65
10.91
9.68
-2.11
-4.47
73.7
-3.32
148.28
31.95
2.47
9.87
-4.12
-24.78
-21.96
17.11
5.51
-45.75
-8.5
-3.96
-37.11
-8.23
-38.38
-14.1
79.2
-10.59
3.77
20.5
41.3
12.04
0.03
28.71
-37.73
-89.21
25.9
0.85
-7.37
23.25
-150.35
20.65
-13.56
-6.35
-15.09
-3.23
-0.67
-194.29
-9.53
35.09
-71.33
-74.33
66.22
31.45
0.52
11.59
-7.63
212.69
43.96
9.63
47.77
-64.22
-1.54
10.61
-2.5
-1.93
20.99
-58.42
6.5
-13.91
-23.47
17.88
21.72
40
-16.77
-58.71
60.77
45.81
-9.71
-20.73
16.77
29.11
-0.66
4.39
-169.73
-59.75
0.91
25.97
-7.9
-87.21
10.24
5.65
-9.29
41.36
-8.6
57.95
-28.96
-55.49
17.46
60.84
40.49
-41.53
-16.76
9.23
26.78
15.39
0.09
20.21
0.5
74.37
-101.78
-144.27
10.2
6.58
-11.89
4.48
-2.77
-24.4
77.42
89.73
63.42
-1.26
51.7
-4.4
-141.21
-46.95
-4.79
-68.93
-104.9
10.04
-11.49
-108.62
26.9
9.1
-15.59
91.98
-12.72
-14.32
-7.16
-5.46
-48.91
82.29
2.29
-3.32
12.99
-39.73
-134.73
47.45
-10.26
26.09
-5.09
0.06
-2.99
-57.73
-9.16
13.76
-63.29
-5.08
86.03
-56.92
67.69
86
59.21
8.08
-3.96
-15.15
-16.97
9.76
0.01
24.6
69.62
26.64
-42.93
-10.82
9.83
-24.45
46.96
10.79
-8.38
-22.78
-1.86
33.79
15.42
-63.39
2.27
2.64
-14.49
-25.23
-0.78
-72.95
20.29
4.31
-3.09
17.32
4.08
1.87
-23.06
4.66
2.48
22.9
6.55
47.36
9.19
12.22
69.65
5.89
0.22
-9.66
-17.17
-161.82
-69.96
44.44
-30.61
33.48
-7.07
-42.15
-5.28
-14.67
-11.51
-32.29
-8.63
43.99
0.48
-1.94
191.68
-3.65
49.86
26.27
-2.76
17.53
10.86
76.55
49.97
-6.38
57.8
5.69
-10.82
-7.51
31.28
84.69
-3.36
-6.48
-3.58
16.02
-74.04
-300.29
19.42
-0.72
-8.11
133.68
22.47
-35.77
0.47
-16.79
-40.71
41.22
-23.04
-8.84
-56.76
-6.19
64.2
-88.13
17.73
58.72
37.31
-16.64
74.44
-26.13
-42.18
75.52
-100.27
94.6
39.47
-70.1
25.34
-7.33
27.02
-60.87
18.28
8.15
-72.01
-6.01
58.92
48.35
2.16
7.39
-88.56
-45.92
-53.55
21.54
2.81
-13.3
-1.77
-74.44
-38.18
16.41
-0.25
-3.36
-30.24
-140.03
36.47
1.02
-37.46
-135.09
-10.88
-22.67
-10.84
-1.9
-8.35
346.75
-11.29
-14.82
24.48
-74.38
84.12
-22.32
-64.15
72.9
12.52
-9.97
-6.47
43.82
6.26
1.46
-29.71
-55.01
-6.78
-108.36
-98.23
2.04
-13.85
-4.58
3.03
1.17
-10.13
-53.89
-3.52
74.42
-7.81
-66.58
135.37
-23.76
10.48
-2.16
19.88
0.64
20.24
18.31
-38.19
-7.41
-11.51
-20.51
-7.25
31.47
2.24
-7.77
-8.35
-30.26
0.46
-3.08
-8.19
-8.25
-107.63
22.44
68.89
84.5
69.7
89.66
7.67
29.67
-8.17
30.61
8.58
40.11
-1.78
56.14
-2.33
-18.54
10.85
-1.42
9.1
-4.96
0.61
6.77
4.01
47.76
-21.55
-56.09
-9.78
-109.19
-12.75
10.1
27.13
5.17
48.75
-92.19
-39.17
-7.98
-26.48
-22.36
-26.8
-6.18
-17.4
24.12
-37.27
8.56
-6.41
22.08
5.57
-8.93
12.53
5.52
49.83
-120.9
123.22
139.4
84.09
-4.24
6.44
-12.66
70.2
43.75
5.4
-16.15
17.19
-53.63
49.48
6.99
-28.44
58.9
76.78
-115.08
12.79
-39.49
29.22
-2.98
7.99
-10.42
-0.6
-2.5
0.86
25.87
-7.13
9
47.39
2.68
12.27
-10.79
4.9
30.67
9.1
-9.52
-43.79
32.12
-5.54
65.05
-17.21
9.76
9.61
-22.23
-8.68
-7.2
-0.72
2.9
-0.46
-39.24
-16.79
48.71
-88.05
-11.94
-24.45
12.19
7.76
-3.77
-69.32
3.24
-103.5
-35.22
-17.72
-72.46
4.57
12.5
22.61
15.2
-2.19
-10.12
-10.74
32.1
2.22
51.28
40.73
-62.56
17.06
-6.42
38.01
4.02
-8.24
50.91
112.27
-2.97
-109.77
12.68
65.8
4.9
78
-45.19
-32.41
8.27
-6.2
-9.65
4.73
26.22
8.23
5.36
4.86
2.25
-15.38
-44.8
5.38
-18.97
6.98
-60.6
-1.46
48.42
8.53
71.67
78.7
24.64
-51.51
10.51
-6.31
-15.05
-3.6
5.41
-77.46
-13.54
-21.67
-26.28
22.87
106.98
50.16
12.05
-10.38
29
-8.03
15.41
-80.1
-4.76
42.19
-2.13
66.8
23.4
-0.42
6.2
5.91
5.23
-16.35
12.08
-17.76
0.23
4.8
7.33
-56.14
44.71
6.34
-148.78
-25.49
-4.02
7.81
-36.06
10.03
0.07
-15.04
13.8
18.49
-11.91
-26.75
-14.34
-7.68
-10.74
126.53
55.54
31.63
-64.14
-44.77
-101.06
-9.54
12.18
-6.44
-206.71
47.34
1.11
-0.13
76.59
-4.14
-10.71
-10.97
143.65
41.42
-29.95
-8.77
-91.25
-69.38
1.13
-14.58
-45.8
-132.49
-5.07
36.77
98.71
3.22
-11.23
0.77
-81.88
13.04
-13.34
-19.95
8.27
82.03
111.89
2.78
2.41
-65.85
-137.71
0.2
-28.56
31.93
77.1
-11.55
-5.07
-3.58
40.54
2.8
4.31
93.77
-10.81
-8.05
21.45
-6.63
127.95
0.48
-3.75
-122.38
37.17
19.11
2.61
-10.37
27.47
47.71
10.88
-5.62
-28.86
-66.52
-1.48
9.21
4.99
-41.48
-53.82
-2.76
-26.98
-25.07
73.8
42
20.51
11.34
1.32
-9.65
-10.29
21.07
11.54
-7.66
-7.19
-10.29
-11.23
-9.49
-14.14
-9.62
29.57
13.74
-10.85
-8.03
-122.42
-24.1
-8.43
103.37
-1.51
-62.82
-57.67
-69.79
31.3
12.59
-6.35
60.64
5.62
-162.74
-9.24
-4.73
-51.85
-40.39
-12.11
-15.7
-4.99
34.69
2.7
-0.24
7.69
69.64
50.89
9.6
14.94
27.55
-101.79
-9.12
-42.48
1.54
7.52
-4.3
0.08
3.9
-4.01
-57.29
-16.69
-5.04
-38.58
-3.59
-50.68
19.78
17.03
19.9
12.33
7.7
196.16
-5.52
13.66
48.92
42.99
70.14
-15.31
-89.68
-0.46
-21.94
11.61
96.93
-16.22
