24.56
5.59
88.97
-49.38
-140.73
8.63
-7.4
-85.91
2.95
98.21
-3.99
2.02
2.62
16.05
-15.82
42.53
-15.32
25.57
-24
-58.96
61.01
-9.31
41.47
4.49
23.88
-73.73
11.66
6.61
11.12
49.38
4.86
-40.74
64.73
10.27
-118.69
-82.15
37.81
6.85
-54.82
-31.39
18.87
-5.17
52.15
31.37
-64.91
-79.66
-1.65
4.26
-2.47
41.51
-55.16
45.91
-9.01
12.01
76.5
-13.42
3.55
-91.81
2.54
63.95
-9.16
20.56
13.7
-30.95
14.19
-8.46
-11.43
-8.09
-107.64
-9
-7.62
3.25
1.64
0.58
-35.03
-151.56
-3.03
4.11
-43.24
-4.41
-70.89
-4.27
77.35
1.05
-59.39
2.71
-1.86
6.71
23.89
-65.97
-11.33
4
-38.36
7.65
-69.56
-25.15
71.01
-89.19
-35.64
-59.2
1.89
64.55
-133.91
-66.24
3.36
-10.01
6.47
-44.94
30.82
5.8
4
1.72
-2.41
1.48
3.67
-62.15
-0.83
60.57
8.25
-85.33
-24.33
35.76
-14.84
6.06
68.18
25.83
15.37
46.94
-22.34
3.85
-2.74
0.67
-47.77
9.68
-0.18
-8.78
26.33
62.42
17.25
13.83
5.51
63.74
30.17
8.51
-8.59
-27.68
-9.21
19.58
41.5
-6.39
6.89
0.85
9.36
97.82
-1.72
8.84
19.72
-55.53
-21.96
11.38
53.27
-4.6
8.19
-12.55
-221.79
-28.39
106.81
8.92
6.19
26.27
-4.96
24.38
71.24
0.03
-111.19
17.5
-20.05
9.78
6.32
62.09
107.32
117.57
5.25
-130.21
-82.44
-55.37
5.09
-10.61
-107.38
28.42
12.8
9.72
160.18
13.61
20.73
-12.83
27.07
-16.55
-18.43
2.36
-10.4
14.46
-39.06
24.54
-199.89
99.41
1.65
-74.71
-17.96
-3.05
4.83
-34.22
-6.43
9.42
7.3
-58.76
5.82
-17.14
-2.13
8.5
-38.62
-9.67
32.71
0.52
-22.01
-11.79
-57.98
38.92
28.55
16.97
24.7
44.66
-9
-10.42
8.56
68.01
15.53
23.43
-37.67
7.32
-28.36
-2.51
-9.05
7.73
19.95
33.94
98.47
-67.44
9.22
-76.52
-61.57
31.13
55.69
-3.64
-16.82
-6.6
-8.51
-19.4
43.94
-4.31
1.1
-41.55
-11.45
10.99
-107.97
7.55
-64.4
55.72
-20.09
3.98
64.39
6.57
-35.23
3.5
2.37
-48.9
115.84
-45.66
-78.82
-40.05
187.3
-44.26
-25.84
8.1
15.36
-31.52
112.85
29.12
-33.15
11.75
-47.22
-44.76
-10.14
-13.05
2.48
69.3
-56.92
-27.22
-17.04
-66.45
-56.01
4
27.01
-10.79
62.04
-13.84
-28.05
41.64
-8.59
-11.92
37.84
32.25
10.66
-4.65
7.22
-101.8
-14.43
20.85
-35.36
-96.7
-7.42
56.37
9.36
29.22
-52.89
7.08
27.56
40.08
118.59
-1.8
-46.56
-30.81
-13.98
-204.45
0.54
-27.91
-9.19
12.37
43.92
-8.03
7.64
-24.79
-6.07
-14.04
-34.13
-97.17
7.19
35.15
-6.05
12.81
-0.62
-8.97
52.69
-1.39
-21.12
-7.77
18.67
10.22
2.39
73.17
110.96
5.65
-18.23
-15.1
-18.89
-229.55
73.35
16.76
30.56
61.95
-9.64
-32.31
22.04
-23.48
3.61
-11.83
-12.21
1.15
65.91
53.54
-0.26
16.29
-39.66
45.93
-22.26
-13.53
88.19
-14.22
0.27
-1.14
33.92
5.76
49.7
-4.86
16.45
3.47
-35.98
25.58
70.06
12.04
145.28
10.69
2.03
2.02
-0.35
-41.52
-3.04
16.85
-1.81
-61.07
-37.77
18.06
67.67
35.88
0.71
27.29
9.46
-14.07
-83.59
40.18
28.61
49.98
3.28
7.26
36.22
19.73
60.11
55.66
3.97
-6.08
-8.45
-0.88
3.99
63.21
2.19
21.3
28.67
0.32
-1.92
107.97
0.47
8.56
9.4
39.46
0.38
73.75
-44.86
-23.3
-89.12
3.78
146.18
79.56
38.18
-11.72
-10.14
7.83
-9.26
27.23
63.8
-177.28
8.94
51.05
1.55
39.11
-8.69
-9.95
9.8
92.29
-135.12
-3.29
5.87
5.89
-3.39
7.14
13.61
8.57
-30.26
2.29
-69.07
9.13
11.97
6.95
1.05
8.12
19.87
32.15
-21.91
1.15
-41.74
-2.9
99.8
-4.87
2.97
-5.51
129.67
-48.77
-0.71
-1.71
0.56
13.2
10.8
-5.68
-0.45
9.45
-182.55
53.98
-0.93
-7.27
-10.51
30.76
-7.44
1.99
-3.8
4.68
-11.59
-115.51
72.23
64.61
-11.52
0.88
12.21
10.96
6.25
-3.38
-15.43
-0.33
-8.66
24.46
-2.54
67.58
29.24
53.13
16.94
-16.37
54.36
-9.43
-6.16
-12.36
-14.39
-6.25
-10.42
28.65
-16.91
-18.04
-14.58
143.66
17.89
-2.31
13.93
40.7
28.37
-3.79
-34.56
14.19
50.27
25.55
23.77
26.17
2.08
-86.42
19.59
65.14
-11.94
0.57
45.11
1.98
10.47
30.41
-161.38
-94.21
-57.7
6.23
-15.05
-16.24
-8.18
-18.87
-0.22
3.15
-6.87
-45.07
-24.21
-12.15
-34.95
-4.3
-69.19
-112.99
-26.74
85.45
-79.39
1.69
-46.94
-1.89
10.29
-6.76
84.59
0.59
49.81
10.48
-39.61
-134.25
2.73
-0.83
-4.87
156.82
-3.76
51.17
39.56
-7.38
31.17
5.22
2.84
-168.17
-9.36
-0.25
72.53
2.28
-3.96
7.35
36.44
-1.29
12.94
16.53
-47.18
25.15
2.59
1.38
3.45
-5.01
42.03
103.86
15.99
16.35
14.67
5.66
-89.54
31.96
-30.73
-158.01
33.79
4.95
15.17
18.26
-0.81
8.68
-83.32
4.39
9.98
3
-4.28
5.7
0.83
-9.96
-89.83
65.12
-22.04
29.26
43.56
-31.69
27.72
-9.65
13.59
9.49
-122.98
-7.23
16.03
117.32
-46.87
80.61
6.17
-121.14
-87.72
-2.02
-71.82
7.48
15.88
-20.6
11.44
45.98
10.13
42.66
-7.1
15.71
113.9
14.06
57.33
3.33
-7.24
-1.88
-43.07
-49.7
31.96
-48.85
-141.35
-41.89
-10.19
7.36
-51.7
-64.84
-12.1
-60.24
8.12
-15.87
9.2
1.84
4.58
-36.08
-38.14
-5.44
9.32
-33.56
-20.22
18.15
2.38
102.73
-7
76.48
37.08
-95.15
52.58
-16.57
-14.71
-12.2
5.14
-9.1
36.83
3.07
9.46
-173.28
6.65
6.47
-145.23
-33.58
55.45
-8.16
-35.23
-12.59
12.53
17.1
-7.73
65.02
-4.24
9.34
-14.93
-1.86
-13.3
-29.31
5
36.99
108.07
-59.34
8.58
-8.45
24
-2.59
-3.01
-333.16
-24.63
-20.4
19.88
75.47
-128.25
30.85
54.73
-22.16
38.66
22.72
59.28
17.92
27.64
17.96
105.79
28.82
-90.46
-4.78
5.6
-11.7
-2.43
-33.42
-19.01
-6.02
42.07
-29.08
-11.77
-5.92
-13.89
-5.04
12.49
-7.05
-38.03
-14.27
-28.08
-27.76
27.55
-5.19
-13.25
-2.98
6.03
7.24
-44.17
4.29
82.71
-5.12
6.4
-4.04
-42.73
-0.82
-139.75
127.61
59.86
-39.93
39.81
-71.57
5.7
-140.45
10.03
16.41
15.06
-28.85
-4.33
6.71
-65.73
58.26
9.84
47.32
-10.43
-3.6
8.92
0.18
-3.9
-1.88
15.1
-0.38
-156.81
-5.55
-51.77
7.94
22.59
24.84
-14.73
10.38
57.56
30.7
21.96
26.49
64.43
-33.7
33.29
14.33
12.28
6.6
4.62
-146.72
-31.49
-8.48
10.57
48.51
-70.82
23.54
83.82
-35.48
-12.96
4.68
27.37
2.16
7.68
-40.85
-4.87
-137.78
-4.22
4.1
-1.61
-15.33
-3.11
72.13
32.7
-10.23
-7.9
20.44
-9.09
-24.86
2.06
-0.19
-11.12
15.22
-52.77
7.79
-13.81
-18.32
-83.55
-7.65
30.44
62.43
-1.08
9.3
31.78
-6.61
4.08
38.22
-41.01
-9.04
3.25
-29.98
-4.14
26.44
90.81
-53.16
63.57
51.39
16.77
2.51
13.7
-50.26
83.62
-8.28
-19.47
-27.59
-5.81
-33.91
1
-44.97
5.08
-9.18
49.31
-9.19
30.36
-5.07
8.36
-60.53
-29.27
-11.58
-33.18
-1.56
18.55
-2.4
11.54
23.73
33.78
-42.39
3.79
-54.96
97.13
-28.28
-70.86
-9.14
114.63
56.66
7.03
78.16
12.93
72.71
16.19
48.49
-3.33
-18.46
19.14
-2.69
1.29
-22.35
114.78
25.39
-3.06
10.54
-2.42
8.69
-20.06
21.94
10.73
12.39
-33.52
-53.35
-99.29
-11.99
-4.65
5.79
2
-3.51
132.32
-38.25
6.21
7.52
10.6
-48.41
42.92
50.82
-12.96
-6.73
8.63
-158.68
4.74
-11.3
-2.1
52.23
-99.16
-23.52
34.47
-17.49
12.71
42.11
-3.06
-17.17
-19.69
-108.92
1.42
-33.91
99.8
2.13
9.37
-49.15
2.2
-58.38
-18.91
11.96
-57.29
-8.68
18.74
55.58
-7.53
11.81
10.48
-109.77
22.38
-30.02
27.68
-26.75
