5.44
-10.22
-7.18
28.29
-33.04
11.07
-36.85
25.19
1.48
-11.34
43.63
0.34
2.56
6.33
-33.36
5.38
11.52
-12.71
-36.96
86.55
9.45
2.21
-0.69
-37.32
8.96
46.52
-29.49
-15.82
-154.15
69.75
-63.48
-10.3
-12.12
-9.03
-137.18
-10.15
75.91
137.9
30.71
-13.56
61.04
86.37
1.2
2.71
2.6
-91.98
-6.82
-7.25
-19.6
88.8
-31.52
51.15
-38.28
-16.18
8.71
-9.55
-4.29
-4.83
-10.08
-4.16
18.52
6.98
37.69
-58.28
-0.07
-56.54
-56.24
-34.78
42.94
-31.58
107.98
-0.74
51.68
-13.72
-105.59
-145.7
-17.06
56.81
10.66
-70.87
16.63
63.64
-6.16
-7.23
127.34
-0.77
13.5
-18.1
1.72
31.15
-10.99
23.56
-16.63
7.88
28.51
55.6
29.32
-1.85
56.87
3.76
-9.73
28.3
-47.87
19.23
-125.64
-75.77
2.61
-15.02
-5.58
8.33
-6.3
25.29
-10.29
9.69
-20.69
96.08
99.49
10.16
42.24
2.79
-18.22
-14.91
40.71
5.4
4.89
4.26
124.09
-30.39
-18.35
-38.89
-28.85
-0.66
-2.97
19.35
-25.43
0.34
49.45
18.54
-148.25
4.31
8.17
-12.46
-5.09
-20.55
-37.23
-10.75
-33.97
-5.7
22.95
-5.35
-7.58
-50.18
-4.13
-2.35
-6.46
-1.36
-4.43
92.51
42.23
14.91
24
-117.79
-13.27
-9.76
99.71
-21.96
26.68
7.72
-59.58
-162.36
6.06
49.16
6.7
-18.55
22.22
-6.41
-23.65
-42.45
-5.5
53.34
-86.15
4.6
28.12
-4.97
-8.79
49.77
11.58
-0.31
15.84
4.59
-13.67
-44.14
16.18
46.27
-6.38
-1.94
18.8
-30.87
-31.88
-2.12
-10.48
53.71
79.73
62.07
-11.29
9.16
-10.63
-57.34
41.52
88.58
6.06
-97.49
-12.92
55.98
-48.69
5.78
0.6
-55.27
7.12
47.88
74.61
54.99
-15.46
0.86
46.07
11.16
-2.9
76.61
130.47
12.25
8.83
31.58
28.54
0.83
-8.09
-32.31
-10.36
6.18
-144.06
121.62
-94.95
24.52
2.47
21.44
5.9
14.41
9.9
-2.48
16.93
106.29
-96.82
-11.59
-73.61
-51.34
-11.83
-31.43
15.62
-107.1
9.25
32.56
-25.22
-6.17
33.92
-3.22
10.58
16.37
-2.46
6.22
2.03
-37.06
0.9
-432.2
-51.93
1.19
69.95
-0.82
-66.33
85.79
-84.86
-69.59
-78.33
16.88
66.5
-69.07
13.97
67.72
-8.86
12.72
6.05
-2.52
-3.4
-3.61
36.8
1.42
8.53
1.95
-14.89
4.83
-46.56
80.54
-0.66
11.22
9.82
31.67
6.21
-8.22
-13.98
28.34
-6.14
59.81
-0.31
99.06
-5.23
-49.12
-16.99
41.47
-7.89
-26.01
-16.85
65.24
6.89
-23.38
4.13
-28.6
12.09
17.62
47.38
-40.2
7.25
10.63
-89.59
-122.05
19.26
-4.35
-8.8
-66.07
-40.33
6.53
54.81
-113.8
1.84
-127.03
29.03
-13.29
-6.64
-9.53
67.54
15.93
22.32
-13.03
-1.21
3.38
-50.8
8.74
-9.01
-66.93
-146.97
13.56
-15.25
45.19
-2.72
-61.89
81.08
38.96
49.04
-21.43
-295.27
22.35
-21.38
-4.96
11.54
3.92
-74.47
-27.84
-25.85
7.66
58.01
85.21
10.15
-80.72
63.22
37.5
52.52
-14.33
-7.28
37.81
60.23
23.39
9.39
-11.62
-38.38
37.28
23.77
-5.1
-20.95
-2.46
-18.04
-12.56
2.73
-14.55
-47.9
0.78
1.06
-8.48
46.23
-40.38
50.94
-74.53
5.17
-18.26
11.74
99.78
-233.35
-29.42
6.92
-11.19
-27.89
7.64
-262.46
-111.27
-5.78
18.61
7.3
-8.21
33.4
-10.23
12.85
6.72
71.88
20.39
51.82
34.3
-6.82
-10.49
57.09
-7.93
-49.31
23.4
-94.64
11.73
36.01
3.62
77.46
-24.84
128.25
-10.41
20.86
11.69
-10.3
-2.48
178.46
-0.31
70.09
-1.04
-4.5
-3.24
39.56
24.86
-174.12
70.79
-18.96
11.37
-105.09
-62.34
16.78
0.48
-38.99
18.85
-34.64
-9.4
100.33
-81.69
-11.31
-9.65
-99.81
-11.04
-48.56
2.09
-8.03
64.83
11.12
-11.38
36.2
13.76
25.59
-11.72
1.27
4.54
1.61
39.01
-41.64
-4.06
-25.83
-29.85
6.5
6.96
-22.36
4.12
-5.45
12.56
-88.71
-0.7
-13.63
151.73
58.01
4.95
-35.06
-7.72
7.75
-16.27
9.7
-29.57
8.45
-35.05
21.58
-54.15
24.04
-16.06
-1.14
5.72
80.86
8.94
14.9
-22.87
-1.07
-179.72
-8.05
73.58
-8.51
-6.09
0.6
1.2
-80.75
-208.3
-3.89
-6.61
59.09
60.7
-53.61
-7.81
-44.72
45.88
-9.21
-244.65
-16.71
64.51
-137.01
-103.76
-44.8
77.04
-2.05
-7.75
-77.37
-57.63
8.71
-44.4
-31.06
48.22
52.62
4.96
27.15
74.42
-10.6
33.88
-7.02
-16.81
-1.26
-11.59
-5.77
-16.77
42.42
-126.79
-105.95
148.95
19.89
-61.44
34.99
66.83
-46.29
-28.26
-15.62
-2.55
-56.12
-9.32
36.82
52.2
7.18
58.46
104.04
3.84
-0.92
4.42
-18.59
-6.55
48.2
-9.17
10.84
-18.95
18.46
-234.09
-10.51
-6.13
-21.15
25.76
-6.63
-16.34
6.68
21.03
30.94
87.63
-110.25
-4.91
46.95
0.61
5.06
-11.2
-9.39
-15.67
-4.7
-71.89
17.6
6.32
-24.42
22.68
44.78
-4.18
67.35
41.38
-310.64
2.7
23.38
7.94
-0.56
27
68.37
66.06
-1.55
8.6
-78.49
-3.53
70.08
-31.07
25.36
-21.68
-4.11
-6.24
-1.14
6.05
-30.1
-8.46
0.82
27.1
8.3
10.75
-49.42
-35.35
89.86
79.36
74.94
33.17
-2.97
25.62
49.73
-14.59
-16.8
-2.73
41.65
11.23
17.13
30.21
6.44
-38.33
-109.43
36.64
-23.83
-4.25
30.52
-8.51
-47.26
-6.06
16.93
12.27
8.03
101.4
10.37
-16.92
-107.2
45.34
-58.82
3.93
-15.15
-7.09
-28.96
58.88
-17.15
123.09
-64.46
-33.31
-4.98
48.91
14.18
-33.77
-10.13
-85.57
2.24
0.7
-40.75
-5.79
-3.49
70.7
106.81
5.93
6.32
17.2
21.54
3.85
-32.11
3.03
-41.15
-9.35
-21.03
-62.42
-2.68
19.6
18.3
-34.65
5.47
6.03
-6.77
-8.47
133.88
1.87
11.11
-15.55
-47.13
43
15.58
68.98
12.41
2.09
13.76
-76.44
-29.69
-10.24
-11.65
106.16
2.49
78.81
-32.6
14.62
-3.78
4.91
33.17
10.8
-1.63
0.43
21.98
52.04
-11.39
23.51
8.24
-83.03
-9.1
-57.42
50.71
-31.17
-34.66
107.11
-139.41
-9.15
-36.52
13.04
-9.75
4.37
54.15
-5.35
-176.79
2.72
83.26
15.63
7.19
-1.37
39.69
0.96
-43.38
15.66
-57.03
-0.88
52.06
1.97
13.01
-12.41
45.16
18.72
-4.49
49.55
28.07
-39.82
4.82
12.73
-17.45
13.92
5.83
-27.78
-1.56
96.26
-10.82
5
30.73
39.49
-143.01
6.25
-61.91
8.96
54.01
50.56
7.72
125.63
8.57
26.42
90.04
12
-5.22
-0.32
15.06
-49.22
5.99
-10.82
-49.02
-42.12
-34.1
8.79
11.56
-1.55
0.13
-1.02
-3.06
161.82
-8.27
-93
11.75
42.01
43.19
17.98
9.11
20.88
-6.43
-7.64
87.86
-6.23
-29.49
-9.79
-76.38
6.52
-25.07
5.25
-22.69
7.82
3.84
-4.32
-23.74
25.67
28.57
52.38
14.16
-84.54
-13.39
50.55
-42.64
-22.13
62.26
6.73
-5.67
-6.32
-27.42
-7.61
5.4
-135.08
-12.8
42.7
-108.33
-30.85
2.31
7.27
-12.07
-11.05
14.56
48.81
8.26
-22.43
-48.91
-72.76
34.47
-16.53
9.57
14.28
49.56
-105.83
-9.53
-41.79
-5.26
-12.88
22.3
11.82
-6.74
-92.66
-79.82
-19.72
34.12
-27.17
9.49
38.4
-11.97
-65.07
1.34
2.5
49.86
-52.59
170.83
-8.02
0.95
42.94
79.62
-6.65
68.54
80.75
-97.2
49.55
92.32
38.74
-136.78
7.03
-9.56
-0.8
-2.26
-22.5
5.02
6.28
-49.58
12.98
-10.94
22.96
-6.82
10.91
21.23
16.83
48.75
1.55
-15.92
25.22
52.4
-34.6
-17.97
51.31
-8.61
7.18
14.25
97.54
-16.29
8.61
3.85
-36.42
-37.94
24.7
-5.21
21.39
7.15
13.13
-25.59
-9.83
-12.56
-71.96
11.29
41.73
35.38
4.46
24.41
5.12
109.68
-29.23
7.08
-5.97
3.83
5.41
71.84
19.01
4.68
-19.34
-16.24
5.91
10.51
26.2
-10.8
-17.43
129.84
4.42
3
-65.83
59.29
0.62
14.4
59.65
5.17
-13.72
95.52
-5.85
0.36
110.59
2.87
-9
10.37
1.48
-6.46
-4.83
20.98
-0.7
39.75
-183.54
32.5
-10.22
12.26
6.27
-6.39
-3.24
