-5.86
27.04
17.2
-11.69
5.61
-18.89
51.49
-16.53
-57.56
-6.05
52.73
-28.64
-1.65
102.41
-53.16
-8.23
145.72
-25.65
2.13
-27.29
-4.01
-5.68
9.14
-50.7
-3.83
-34.21
-7.01
-9.95
17.17
60.93
-16.54
-7.48
-32.69
117.21
-34.22
-9.36
90.22
17.24
-7.12
-27.49
19.33
99.35
-73.75
8.96
17.64
-48.79
37.59
-28.53
52.76
22
-19.72
-0.92
-11.46
12.54
63.34
-1.64
-43.22
4.48
0.47
-10.7
13.07
70.55
2.38
-35.45
-52.28
68.49
-59.23
7.57
50.07
43.41
44.75
-24.52
-21.74
9.37
24.5
8.01
8.85
11.71
-14.56
-8.57
-68.38
3.38
1.19
35.97
3.72
-16.43
-23.1
15.72
13.41
-7.95
-14.65
34.16
-99.65
45.46
-13.45
-80.7
67.01
19.47
0.59
34.46
-2.57
-82.69
2.16
24.01
-7.62
-14.47
2.31
24.64
6.97
-36.74
67.07
9.89
-0.63
33.9
11.04
113.19
-10.76
-39.81
73.93
-4.73
6.56
63.99
-6.48
-8.75
12.72
104.83
-25.11
22.35
-183.13
5.48
-34.32
-73.5
42.97
-36.58
-104.08
30.08
3.15
7.07
193.6
40.79
-43.37
-151.39
-64.06
-37.9
-22.5
16.22
14.58
13.81
-0.2
-96.19
9.61
-6.69
14.77
13.67
13.82
-95.8
2.48
21.45
2.68
-11.56
7.79
16.41
35.87
18.24
-57.68
27.31
-48.91
5.13
2.44
9.75
6.4
16.65
7.01
11.85
19.54
-117.64
-7.94
-32.96
7.71
8.21
-0.81
-5.87
-1.93
-15.77
-43.87
106.32
-1.76
2.93
0.02
29.72
-10.36
98
41.36
-32
46.08
9.37
-18.98
-12.1
-138.2
-6.91
6.53
-37.59
8.96
-4.76
-6.16
-3.89
3.84
23.25
-8.24
-147.66
34.59
15.81
38.1
12.73
-10.15
40.02
7.96
8.81
-12.36
-5.55
-12.27
-9.78
-15.49
9.52
-19.31
38.91
-7.57
-9.13
-18.41
-11.11
-9.33
-75.56
3.21
5.18
1.02
43.58
-45.61
-7.94
-22.56
7.78
-3.21
-11.43
106.21
8.27
4.5
59.53
-1.87
12.12
-3.57
134.55
19.74
9.08
166.09
7.47
16.17
60.72
3.69
-50.31
-133.64
-6.64
-10.38
-27.64
96.79
20.77
-63.6
7.89
68.86
4.55
-2.45
-6.35
-11.17
11.53
-14.62
-18.46
33.57
-86.37
18.53
-17.02
6.93
37.14
5.97
-209.57
46.54
-51.83
-4.29
-5.28
-0.69
-27.72
2.71
-1.01
10.59
77.29
66.79
-4.18
-0.73
-6.38
16.38
19.96
49.94
-11.37
3.65
9.14
-46.34
-144.45
-11.77
11.24
-10.88
1.95
-15.82
-97.08
62.7
11.06
0.42
-13.3
24.28
5.97
-15.07
-7.57
3.04
-0.18
-2.71
-5.02
-58.09
-5.03
59.45
41.53
-71.64
-39.26
-2.06
-32.6
30.06
47.73
-0.5
-0.88
-6.18
16.01
-4.67
38.12
-20.76
6.65
11.22
-14.92
28.52
-8.37
-44.73
-20.03
35.37
50.63
-4.69
60.75
6.53
136.59
3.78
-37.79
-7.16
-11
9.17
-19.2
15
49.38
40.42
6.85
-48.62
69.33
-0.64
34.64
-22.55
3.74
24.74
-0.65
24.88
-21.6
-57.36
-31.66
-59.58
-2.39
-28.14
5.11
-47.43
-9.75
-0.76
44.45
-2.54
0.92
-13.16
-55.18
-5.44
216.71
-7.85
75.57
-19.52
3.03
-2.88
-3.07
66.88
-6.81
-18.22
90.01
-33.01
2.57
-4.95
37.77
17.43
-3.19
-63.24
-1.07
-43.15
12.32
-2.25
7.6
60.18
5.82
-7.36
47.2
8.85
-0.19
-11.45
31.57
-13.1
84.69
47.22
15.11
-59.84
-61.13
-69.96
0.78
2.06
-13.42
11.21
-7.66
-12.34
-6.97
-11.5
1.18
44.37
46.13
7.46
-11.43
-52.89
-8.03
17.62
-49.34
12.64
58.11
6.07
12.49
143.33
-0.9
-9.91
-7.46
6.29
-0.62
-16.94
-112.31
38.48
9.46
2.75
-24.39
-15.62
19.91
-8.15
21.81
-5.94
56.62
-55.34
19.71
5.42
25.27
30.27
12.99
-95.84
-139.44
12.12
-19.01
-5.96
11.22
8.14
-0.14
11.63
-6.44
-51.9
76.13
-63.74
3.75
-31.14
55.34
74.08
5.26
-10.09
-15.7
28.18
-8.53
9.3
-58.86
3.37
400.26
48.23
-14.7
-24.6
-17.65
-5.45
10.36
-3.25
62.76
-20.72
-3.09
143.03
6.34
19.04
42.77
6.36
23.45
-51.37
42.14
3.22
6.86
3.41
113.09
7.04
10.07
-0.99
-124.03
-12.41
-58.08
23.16
27.35
12.02
-24.2
-10.13
17.77
31.08
-132.19
-3.51
7.46
-1.17
40.12
0.91
38.41
54.14
-104.14
44.48
-4.14
22.24
9.12
-13.31
-11.03
8.85
77.35
-4.53
-20.44
64.26
-49.37
19.97
-45.07
-9.18
6.52
52.3
-64.99
-14.24
10.55
-104.58
-11.16
-57.35
-64.79
-57.23
11.76
-5.56
31.92
-12.37
-4.95
-17
-20.24
18.39
-4.67
-62.53
-12.22
-37.35
15.57
1.9
24.78
15.06
-8.19
48.26
57
0.76
-7.68
13.92
26.86
15.2
-109.75
-11.44
-22.71
10.62
1.28
74.2
6.69
-34.43
6.91
-7.33
-46.42
39.92
-72.06
-67.94
-1.85
-122.72
-24.22
-67.35
9.06
-48.39
-8.81
-46.15
-83.39
-1.59
8.65
-20.51
5.39
6.91
26.17
-10.28
5.94
-59.55
-3.08
2.42
-12.86
40.72
-127
-88.78
3.49
25.2
1.91
55.54
9.82
-19.26
64.53
-4.49
59.32
79.44
20.23
60.88
10.31
42.54
12.28
31.16
-20.08
-36.74
-58.82
-39.97
-8.46
-27.84
21.68
-159.01
130.99
5.76
69.06
18.5
-27.07
24.61
-14.46
-35.04
-9.09
-87.67
-32.25
-7.08
-16.82
-59.72
21.67
-0.05
-88.31
4.82
3.86
-4.94
-164.08
-1.12
34.54
10.33
42.12
-5.94
17.83
-12.21
-6.06
-5.94
-7.36
1.6
-6.32
-25.85
3.53
58.37
77.74
0.54
122.56
-8.53
-50.48
-4.51
27.32
38.23
4.59
-46.6
33.23
43.11
-2.56
-68.94
39.28
-86.29
5.45
-6.61
-0.13
53.66
14.82
22.58
9.83
-8.82
35.83
-14.47
-10.74
-8.13
-7.63
-190.53
17.8
47.56
13.17
-51.52
46.3
-21.5
-182.15
9.27
10.03
118.54
-12.57
2.43
10.55
8.44
10.66
-12.26
-3.95
10.54
127.28
-12.07
42.51
-16.75
8.77
-7.42
20.13
-69.64
4.5
10.18
5.57
-56.38
7.93
-14.48
-18.31
-2.25
8.43
-14.18
5.72
-29.85
-47.45
42.11
27.52
-1.96
-6.12
18.73
10.2
-69.95
62.95
4.26
-123.6
5.5
62.37
33.28
16.02
-11.62
-4.31
-104.33
-0.64
5.91
-85.04
-43.94
-9.84
-71.52
2.05
-134.3
1.04
44.51
47.01
23.96
58.11
-4.78
82.41
68.14
13.69
12.24
-37.19
-48.96
-2.94
4.19
-2.14
-5.41
39.91
-9.11
-14.03
4.9
-7.37
52.7
-3.26
-97.21
-56.05
-9.51
-81.44
10.94
70.56
-7.35
-5.05
12.17
-7.31
-16.92
-75.37
3.36
-46.75
15.09
12.91
41.87
8.44
59.65
-21.72
-7.14
-4.16
8.28
5.34
52.84
-5.95
-46.02
18.16
102.92
-152.97
8.19
-8.09
-6.32
9.49
-24.84
13.46
1.76
-15.18
-1.25
201.93
13.08
-0.73
6.53
-16.84
-11.01
-86.15
-2.18
-50.31
8.73
-12.07
-14.36
47.39
-1.1
-2.04
-95.02
-20.84
92.14
6.98
3.84
46.15
-27.02
18.06
33.83
6.73
-25.28
10.46
8.12
35.85
3.89
7.98
-37.08
-10.24
-10.58
-11.68
91.49
14.91
-1.44
-12.95
12.18
-30.78
-13.12
-23.59
29.39
-7.68
-9.43
-15.1
-97.75
3.95
-0.54
-0.41
-64
-12.6
19.38
88.55
3.37
-10.94
124.42
95.88
-49.21
59.89
7.72
-26.69
-20.68
5.57
3.42
0.12
1.36
-0.56
-51.46
62.86
-24.95
-0.1
-12.25
-14.48
-98.66
21.8
34.93
64.74
19.21
-21.69
-9.69
106.49
3.51
5.87
73.88
18.93
7.33
-8.02
4.65
-110.35
-8.49
-21.5
-142.95
-14.82
-7.38
-91.76
14
23.77
-7.18
-57.72
-9
-4.61
40.3
21.61
-10.29
1.56
-6.01
8.06
-3.19
7.18
81.89
-45.83
11.87
-11.97
-11.93
28.48
-15.96
49.14
-8.76
5.1
5.05
41.29
-7.83
-198.51
-11.35
-8.12
209.38
11.3
26.15
0.26
65.24
-35.31
-46.85
2.63
-11.39
-0.49
-2.27
-152.35
-3.1
102.69
-53.98
-0.29
-6.35
48
-8.32
10.79
-74.25
-4.88
-11.78
3.02
-196.42
-9.82
49.51
7.76
-29.41
-3.67
-4.83
183.98
-88.02
-182.81
-23.7
2.27
-36.85
-2.94
12.98
-60.75
-10.8
-0.21
62.15
-56.82
56.97
8.31
13.72
6.94
14.59
14.39
11.63
-11.47
95.28
0.4
