-2.39
2.96
6.88
-13.36
-18.63
27.82
-44.44
149.98
46.87
-2.16
4.21
-0.47
-21.06
20.71
43.32
11.69
-35.86
46.52
-0.06
-58.59
41.13
14.06
21.49
-10.97
0.34
-27.19
-11.71
-41.59
24.55
4.19
76.34
0.43
10.96
-13.91
-2.54
-1.68
52.31
90.29
31.43
1.49
4.64
-10.93
6.1
9.5
112.79
9.06
-10.13
-13.54
5.06
38.4
151.89
11.11
-40.83
-13.99
18.47
165.26
-58.05
-6.57
11.44
-6.56
-15.83
30.35
27.75
-15.03
6.57
-13.81
14.34
-26.91
-125.55
-12.46
9.68
-8.84
4.02
-69.02
4.34
-21.95
3.96
66.79
-2.32
-2.53
-1.16
10.2
3.53
-71.85
47.18
35.1
-13.34
47.95
88
-3.53
-24.14
2.59
15.62
-35.04
2.8
9.69
-0.06
-2.11
1.64
1.51
39.43
-14.63
-4.02
-11.97
52.89
-2.84
-99.33
16.63
-108.34
10.92
3.73
-7.89
66.39
-12.18
-5.12
22.09
0.12
10.74
-19.54
100.54
19.11
-12.79
-15.94
-62.01
-11.64
8.93
-10.88
-9.89
88.78
-9.55
9.91
31.08
14.61
-21.51
14.16
48.8
20.55
-8.79
79.7
40.38
7
26.95
22.79
11.62
-12.91
-5.31
1.22
38.11
11.5
101.63
-14.3
17.7
1.37
55.7
4.92
-4
-0.38
-85.6
35.66
-37.69
-0.13
13.84
5.46
4.84
9.29
62.16
-0.4
3.73
7.39
7.12
13.38
206.58
1.66
2.4
2.4
-139.69
62.24
6.72
1.41
-11.36
5.99
44.38
-50.19
126.74
117.5
9.26
-3.18
-1.69
-2.19
3.76
20.89
29.28
-12.44
-6.7
-11.65
-23.85
-14.55
-5.28
-39.49
61.76
4.28
-13.78
15.21
-7.99
15.88
-53
46.82
0.21
-85.72
3.18
21.23
-48.28
-40.52
-11.6
10.89
-35.05
-4.48
-4.34
81.81
10.68
-11.52
-24.32
29.33
1.51
13.29
-0.49
37.87
5.45
3.12
-12.65
61.17
-6.97
-49.8
9.22
40.56
8.14
-21.55
25.95
-0.11
-1.52
114.94
23.99
-9.78
7.63
12.89
8.53
9.06
0.5
21.14
72.11
70.69
-28.66
-7.92
34.24
11.43
4.94
1.15
5.92
-11.98
-12.74
-8.52
0.08
6.26
-44.33
-22.63
-32.1
129.02
-68.43
9.16
16.44
30.48
10.34
-1.34
-41.78
-13.41
-17.88
81.51
-22.87
-176.07
-3.36
3.25
54.62
39.71
-9.27
-42.96
-40.37
27.76
3.23
-5.73
-5.22
6.88
6.05
0.72
-5.96
-13.42
31.75
-14.2
23.28
57.88
-44.25
-175.61
-0.19
-67.59
-28.65
55.03
3.92
-69.71
-12.48
8.63
20.87
8.31
-5.15
-0.69
-68.63
-9.03
6.09
-2.32
-12.08
72.43
9.38
1.43
2.78
-5.61
42.02
-9.69
14.44
10.71
-11.82
-9.31
3.83
-80.67
2.39
39.77
-2.56
1.73
-22.93
19.61
-54.15
42.07
88.34
-12.79
-14.22
7.85
-49.19
-6.48
-3.97
-0.78
-68.3
10.48
-9.98
10.76
29.22
-123.52
-29.16
15.33
5.74
23.55
-0.19
74.93
7.45
-2.21
-35.46
50.14
62.87
6.85
-4.52
-9.54
-34.89
43.6
142.67
11.66
54.35
-8.8
8.68
19.68
9.39
-7.67
-11.66
-6.38
-75.16
62.67
-21.74
-49.57
51.74
6.13
-80.97
16.3
-86.54
1.68
-5.55
-93.93
31.69
-28.8
1
-9.81
-183.2
66.13
-11.06
-25.58
33.66
13.38
38.97
-8.07
19.05
-7.98
-9.66
-2.9
-6.41
25.81
-21.79
-5.34
26.62
-27.72
4.45
-41.17
24.68
18.36
9.43
17.65
1.8
8.38
25.85
45.69
1.76
-15.34
8.2
74.47
-16.25
-15.6
-10.47
65.57
-14.92
-10.3
-56.6
-4.87
1.79
58.66
85.87
-153.27
19.21
-53.82
78.12
45.01
-3.41
-9.71
-30.25
6.99
-7.7
-125.31
-28.78
-31.98
9.02
-18.2
-7.52
3.47
-57.73
-40.45
-1
120.25
-8.99
31.7
18.52
6.38
-21.64
-47.77
4.51
22.17
2.68
-13.86
27.71
63.88
29.88
-4.26
22.66
21.38
47.81
9.45
-14.7
32.57
32.23
5.29
-56.67
31.95
-3.95
-45.06
28.97
10.85
92.76
-0.73
27.72
-14.41
12.53
2.5
19.53
96.41
-27.07
28.89
-0.22
10.34
8.97
8.23
47.17
12.98
-89.82
70.67
-12.98
4.34
1.62
-31.58
7.59
-11.14
6.05
68.55
-9.3
50.82
-20.83
5.87
-69.9
-4.58
64.69
-187.4
2.9
73.51
45.27
3.73
-8.31
-4.03
30.07
94.98
9.25
2.19
-47.54
76.83
-43.66
-57.65
-2.41
-7.76
13.37
-4.24
-10.69
-26.92
13.23
-7.78
13.08
-17.89
12.7
7.38
7.38
12.66
-0.61
-81.45
3.04
3.32
-3.97
-36.13
24.23
43.53
-38.31
-7.45
-7.38
-108.59
-2.81
-27.87
44.12
3.85
10.48
38.87
11.14
9.86
10.78
27.95
-66.7
28.98
20.18
-11.86
113.89
-19.65
-6.19
-3.88
-11.32
17.04
78.54
17.49
-113.93
1.96
-8.04
-52.15
35.74
44.43
-1.32
4.27
64.01
11.04
27.01
15.23
-38.28
3.9
11.42
-22.06
67.64
3.61
-124.17
73.05
-9.49
24.9
-71.64
-0.91
-215.9
-45.2
-24.82
12.81
-10.1
-66.43
8.13
27.05
2.15
-179.67
110.96
11.41
5.48
21.76
9.52
-0.19
-7.05
-0.75
32.28
10.88
1.23
171.55
13.87
-61.87
-30.79
76.13
-28.14
-14.27
10.16
34.3
-7.61
11.3
-6.86
14.77
90.19
-8.74
8.13
-32.88
20.75
14.93
-16.3
16.99
-57.03
38.49
-31.92
85.05
-62.36
-8.22
-119.11
-0.28
33.81
4.37
128.79
-74.09
69.65
-41.69
-11.38
16.56
62.57
49.7
-55.18
4.1
6.15
-12.98
-10.61
-1.14
18.22
45.65
1.96
-0.6
-8.18
-47.65
14.27
-4.28
-68.56
-3.1
1.72
8.93
-133.15
-4.33
3.84
-79.51
-12.94
-122.27
1.82
-10.77
-37.6
6.65
45.66
-123.63
45.44
9.6
-4.38
35.49
-1.38
4.87
-14.25
-50.14
-17.89
-5.44
27.74
16.4
3.9
50.22
0.94
0.94
-5.15
22.64
-22.27
-52.67
-15.49
-10.07
-4.4
54.56
-35.79
34.93
42.58
-50.3
33.93
35
-7.97
-69.31
-20.52
-17.58
66.36
-35.7
31.26
-6.1
-19.29
22.07
-66.31
-21.11
-52.04
36.49
4.42
20.48
11.4
133.1
76.67
-5.75
4.52
3.13
9.95
38.61
136.65
-4.2
-4.16
18.54
0.46
11.58
-30.29
16.93
34.23
3.99
15.75
28.79
-47.54
-0.91
35.21
-11.5
111.49
-1.2
-20.15
-6.09
110.78
25.7
-64.18
-10.25
55.01
1.29
-83.23
-28.25
91.25
1.04
44.89
-2.81
-11.2
63.95
44.8
-64.74
-12.69
-75.45
25.59
6.67
53.33
-13.14
52.07
7.91
-10.9
-35.16
-2.35
-31.34
-86.38
-14.75
8.61
-16.74
19.5
-6.94
-7.34
-35.14
90.04
-16.06
-19.44
106.91
-9.13
50.28
103.41
38.49
12.28
-15.12
-24.09
-1.38
39.17
64.31
12.23
-18.99
105.53
-7.63
-14.38
-9.99
-4.08
-9.03
55.99
-18.57
18.54
2.36
-54.06
20.66
154.5
-34.8
14.55
11.77
5.65
-88.96
8.1
20.26
-11.92
5.98
3.29
30.51
29.29
5.4
5.1
-5.19
-7.42
82.54
32.28
65.54
-15.49
-4.31
12.29
-17.21
69.74
28.43
30.16
-0.25
50.51
10.86
2.52
-4.02
8.27
15.43
-36.22
15.88
-23.44
37.13
1.94
-8.54
-12.6
-20.16
-57.8
-17.99
-12.14
17.28
-4.58
52.9
-26.99
2.63
35.33
-15.44
-2.01
128.41
14.14
70.86
-32.89
-17.14
-143.06
-59.42
-18.48
-213.61
135.04
-8.86
-53.51
13.32
9.32
-18.07
-4.91
-18.69
-30.52
-5.86
5.71
5.24
-14.48
43.87
108.57
-53.68
-109.06
-93.77
0.11
15.83
139.27
-28.89
44.46
-1.28
-16.94
-0.72
6.97
-1.2
53.45
33.72
28.55
-35.34
-68.98
0.57
0.54
52.41
-76.24
118
41.07
-16.2
-2.93
30.28
-22.49
73.47
-8.32
54.71
-89.01
46.77
0.11
-57.45
-4.16
-6.38
51.84
6.13
76.11
-1.89
-20.22
-6.37
3.84
6.95
45.24
-16.57
-26.96
-7.76
-3.58
-24.82
-81.36
-3.77
19.47
-20.24
14.72
16.36
17.4
132.24
-104.8
-25.2
-30.73
11.81
2.54
29.01
-49.38
-12.06
-49.01
21.66
59.75
-15.04
44.07
-0.53
-8.36
15.54
-6.58
7.71
-31.06
-39.8
-162.42
-13.52
41.56
52.52
57.02
17.44
-15.53
16.82
9.63
41.36
-195.15
-65.15
17.09
62.81
-108.05
-6.49
8.2
-3.02
-2.47
4.7
-0.34
3.34
16.67
-107.29
28.79
7.42
-71.43
-6.59
-13.56
66.52
-0.21
-18.71
24.54
