-22.79
34.43
116.93
-60.59
72.17
6.6
4.2
11.76
90.65
-34.33
-18.15
97.68
-49.73
-34.55
42.28
-94.83
19.83
30.92
44.35
7.89
-10.1
6.63
-42.98
2.45
22.03
-10.06
5.13
-68.01
68.13
15.61
-23.42
-27.48
3.83
-9.82
-51.59
-220.86
-9.6
-88.72
-43.84
-13.4
-27.16
-8.86
9.81
9.18
-54.13
-15.06
-2.01
55.05
66.94
-10.96
59.43
22.05
-18.75
-7.57
13.34
71.29
20.86
10.56
27.11
14.07
12.54
85.12
29.83
67.03
66.88
-5.93
-33.07
13.2
-4.9
-8.27
-85.76
-69.72
-42.91
2.19
33.87
-47.52
-5.71
5.87
12.44
-35.13
2.94
51.68
40.78
-34.54
56.07
-3.12
-14.73
-12.39
12.58
-82.19
70.85
3.16
43.08
-9.19
-7.66
6.9
6.45
14.43
53.62
6.25
2.06
9.3
-50.62
-1.44
-96.33
-9.73
-93.75
-15.23
-67.79
-25.55
-14.16
-0.97
46.66
-12.48
42.91
41.09
-43.59
23.11
13.51
-19.46
-2.89
117.85
2.56
-10.67
37.86
27.51
57.82
-4.49
-77.98
8.65
58.61
10.57
-64.13
-7.18
-16.26
4.38
-109.63
36.37
16.03
3.16
-2.85
-9.95
17.98
-11.74
-1.71
-87.41
1.41
-33.7
-14.7
-5.17
-11.94
11.82
8.04
48.27
123.87
58.58
-54.81
-3.14
-7.54
-28.79
0.51
-0.47
16.5
-39.06
4.15
-14.64
8.12
-70.92
10.49
36.72
165.71
1.42
-4.67
99.58
-4.93
-1.68
-4.16
-86.19
107.7
-11.05
29.63
-35.88
46.57
11.67
-7.58
-9.15
-18.45
-17.6
17.61
-25.45
-7.69
9.09
-1.48
3.49
12.81
2.76
-55.59
-12.53
39.21
9.26
17.54
33.27
3.62
-29.8
-5.75
131.71
9.09
1.07
13.92
-51.86
18.17
56.71
94.39
-27.82
-10.48
32.63
22.81
141.05
5.22
82.29
3.01
-33.49
-14.48
60.79
38.3
-19.23
40.38
-65.86
18.61
9.28
-3.54
40.72
-4.96
-73.89
1.38
3.07
15.92
-1.97
11.7
1.32
-37.64
6.48
13.08
6.26
-2.45
-94.86
2.62
5
-44.07
31.23
10.91
6.22
-34.38
6.72
7.43
-19.17
39.3
-37.07
-16.73
-8.77
-64.71
-59.15
-90.92
8.06
-1.85
-0.96
59.21
-22.98
-1.32
34.34
24.5
113.58
3.18
4.16
-10.65
8.32
-33.76
6.23
-26.3
-49.41
11.1
-8.86
27.19
21.04
9.84
-1.58
12.63
6.43
17.63
6.25
-6.47
-4.77
0.17
-102.54
11.3
31.74
11.81
-66.77
-12.09
32.97
-6.38
12.84
3.43
5.51
3.23
52.7
-7.47
121.7
-1.75
7
-30.86
17.89
0.82
-47.68
4.05
0.51
50.57
16.57
-38.24
3.86
12.98
1.27
46.9
7.25
119.93
45.23
-9.54
40.46
-111.36
55.04
103.24
-9.4
-8.5
25.66
41.52
-25.33
-10.96
-0.58
32.54
-56.23
18.34
-3.71
-26
-2.86
4.39
8.7
-177.05
-24.28
19.8
-2.13
50.12
48.93
-45.66
9.08
-8.07
-10.77
297.81
7.47
-1.51
12.25
3.99
12.45
-18.63
67.97
139.34
-0.88
-33.07
-33.26
23.5
34.97
31.89
53.72
3.69
2.27
16.96
7.81
-5.5
-38.09
-0.74
80.94
-23.8
58.88
11.29
35.64
0.94
18.02
4.8
-22.25
-61.2
-107.59
-90.15
6.95
-3.08
-8.16
-33.99
9.38
6.85
-15.68
14.99
-24.2
-51.9
12.82
1
45.03
2.65
-61.96
44.83
9.36
6.82
7.89
-3.8
119.63
6.38
-7.51
38.3
-1.66
-55.47
-41.89
1.7
-18.52
-2.82
-7.71
86.34
-16.98
23.6
11.19
9.55
110.8
-55.97
-4.46
-18.45
-19.58
6.9
-37.2
3.41
28.15
-2.49
11.86
-3.68
4.58
8.8
55.63
117.72
-27.64
-80.9
140.86
6.86
5.51
4.59
-13.35
-12.67
20.93
8.81
-3.53
62.21
1.79
28.09
-14.83
19.32
9.57
-70.31
1.66
-57.37
-25.6
-81.98
5.7
-5.62
88.57
12.96
7.95
143.85
-5.56
-21.31
-9.88
44.27
14.06
5.21
-13.65
45.12
-9.18
-13.82
-17.91
-22.61
-61.73
60.78
-19.09
64.05
-59.81
-14.42
14.52
21.55
47.7
15.15
-9.7
12.77
-28.53
-36.04
-51.24
11.8
-12.79
3.75
-68.75
-30.28
-13.92
-45.23
19.84
-10.25
23.4
30.23
115.87
101.02
22.8
-2.19
-76.96
-11.76
-122.79
35.34
-84.31
112.54
-7.94
-7.85
-5.64
-102.62
19.74
-19.36
38.05
7.85
-7.88
93.56
40.74
-157.88
9.66
-4.42
-8.97
12.39
0.66
-10.31
5.83
28.61
6.37
9.09
72.72
-3.95
11.71
-8.77
4.99
-65.95
8.91
-9.37
0.98
22.1
46.61
32.49
-13.2
-157.32
12.15
47.15
-115.04
15.59
7.31
-85.85
3.65
11.86
-106.08
27.31
19.27
13.51
-0.97
-11.83
61.45
36.65
23.65
73.85
-120.93
69.64
-0.34
-61.28
8.27
103.42
17.66
10.16
-109.42
9.61
-8.14
6.82
15.45
115.25
-21.13
8.79
46.18
11.91
-6.14
-9.59
38.33
7.25
61.32
19.81
-0.17
-13.72
32.41
9.18
-0.51
5.2
-185.85
-172.19
-313.32
6.34
-32.03
-20.31
6.08
-41.93
36.74
0.56
-25.99
66.24
10.6
-9.75
-21.47
6.47
-35.93
67.29
59.01
80.55
164.91
-150.38
-1.98
-19.29
-60.82
31.25
-14.28
-3.38
-7.61
-7.87
33.41
62.72
21.08
31.37
-144.9
6.17
10.79
3.7
3.66
52.98
-81.59
-42.77
31.42
-2.99
-121.19
-11.34
46.61
-20.15
-4.1
-115.78
-18.93
8.88
15.95
8.62
-9.32
-35.81
68.18
81.62
110.46
-8.46
38.99
-18.04
-7.86
-7.7
-114.09
-0.28
-7.75
19.19
3.59
74.06
28.32
12.46
5.9
-8.71
-160.03
18.79
13.3
32.28
-37.31
14.96
45.28
40.91
-5.13
-11.29
96.61
16.03
0.9
-5.28
8.78
46.68
5.3
11.08
105.81
25.87
0.78
1.37
-38.57
4.32
3.92
0.53
20.46
-10.21
63.25
4.61
35.36
4.55
7.55
1.74
-4.88
-10.65
1.6
0.56
47.89
-10.79
10.91
9.5
35.87
-5.27
-3.43
-19.97
60.54
66.31
77.46
5.8
-44.9
10.99
92.34
-4.88
-5.15
6.09
11.82
3.89
-17.98
44.93
-141.38
-7.62
86.58
5.88
-10.14
-4
60.73
7.43
22.89
68.77
8.84
-95.79
9.3
15.57
2.5
22.13
107.68
-35.19
-1.19
33.37
0.69
19.71
-97.61
13.81
-13.48
9
31.19
-97.35
6.1
-24.28
-42.04
20.45
-7.15
23.61
-20.88
-5.23
-5.36
-13.29
87.8
-9.03
-39.65
30.19
-22.89
-11.17
25.73
-36.85
-18.7
-1.13
8.44
-35.36
193.06
13.83
-93.55
0.67
-21.09
-66.49
-7.12
22.56
-5.6
-3.57
6.73
18.54
-72.49
-0.14
14.08
42.46
57.88
27.05
10.78
5.77
43.4
1.46
-4.29
-1.69
7.86
-14.5
10.22
11.02
48.68
-9.18
-20.94
-14.91
-0.31
-24.72
-128.91
10.61
111.7
16.95
-67.86
67.17
-558.38
30.1
-35.62
63.39
27.37
113.13
20.48
-137.99
-52.15
-3.18
31.49
1.02
4.75
-80.1
73.61
-61.39
-13.36
111.92
-4.47
59.16
4.53
5.8
-50.2
12.77
-127
58.04
5
71.48
16.91
2.13
-21.46
-1.66
46.78
-42.5
11.58
0.59
16.15
-9.22
5.27
-12.45
2.07
49.82
2.52
-51.67
60.4
-6.63
-47.68
-0.9
9.22
-0.7
5.38
-11.22
-18.03
1.01
100.51
-21.93
-10.13
-8.62
11.55
-11.32
-6.81
9.84
-26.69
-108.59
-33.8
-8.84
6.82
5.93
-38.19
-11.78
-1.85
-107.1
-8.5
5.21
-57.37
55.1
-18.2
-4.03
62.99
9.06
5
86.4
-13.16
26.89
-50.55
-166.18
0.6
-2.02
-8.84
122.49
2.72
37.73
6.04
3.01
106.19
-11.6
31.44
-13.36
6.62
81.05
-1.72
0.46
4.44
-7.63
-165.8
135.7
-8.27
-8.52
9.52
25.32
6.93
-9.82
78.29
41.55
-7.85
-41.82
-11.89
-218.8
-11.58
6.47
-7.98
-31.26
14.67
15.89
-6.36
-4.96
-17.75
9.03
-28.34
30.03
-10.55
-3.25
83.04
-8.57
-7.54
31.66
-27.88
-90.22
8.79
65.71
-8.09
61.33
-7.03
10.67
158.09
11.81
-166.59
1.2
-35.93
-4.34
26.2
-73.45
19.67
21.1
-6.24
10.48
17.76
116.21
2.5
-15.44
-1.96
-45.13
10.53
-63.18
-10.06
69.16
6.64
-66.74
4.83
64
-153.21
63.08
-31.39
-7.94
15.91
-5.36
1.74
-129.43
-37.16
58.46
35.53
2.18
50.94
-2.17
6.22
-18.36
2.56
143.5
15.82
-0.7
6.32
0.78
32.02
0.57
-30.41
-6.52
-28.86
