7.4
12.02
53.92
-68.83
-40.82
-16.72
-225.74
-3.59
-0.36
-0.13
-4.83
-32.98
28.5
9.2
18.63
90.19
8.07
-35.18
-14.96
-2.91
8.4
-2.02
-39.67
-33.02
-25.35
-70.53
8.96
-0.43
13.68
53.57
15.89
-60.99
-17.75
129
1.8
204.24
-96.3
49.36
74.56
48.16
-0.69
10.64
54.13
6.47
-11.84
23.43
30.36
2.5
-48.15
113.1
68.98
-17.65
-33.95
16
-21.07
4.64
53.81
35.85
7.69
-9.83
-90.38
-7.39
-11.31
-14.82
-3.08
-0.03
2.86
6.32
12.25
-72.33
-33.75
8.9
-72.9
-43.41
-10.1
36.97
66.05
-38.12
13.62
-4.74
-46.62
14.1
-10.53
43.91
94.88
90.37
31.41
0.29
-16.84
50.16
-45.94
32.28
11.33
-12.54
-10.58
-11.08
-3.75
-0.5
-6.32
-3.86
22.95
-11.6
36.41
28.07
-8.06
73.53
-0.87
1.88
-29.48
-8.21
6.41
-7.49
36.72
13.98
-32.01
-10.93
-63.92
-51.53
-118.21
40.29
-21.76
-34.46
-4.16
-8.41
-119.3
128.04
-12.84
-16.09
2
42.28
7.8
25.98
-16.06
-92.12
-8.55
25.89
33.03
-1.57
33.74
-2.78
33.27
25.43
99.4
-11.31
54.99
9.07
-10.33
-134.64
-7.51
42.88
2.36
-72.87
10.6
-3.24
-23.04
-99.12
46.19
4.84
-7.58
-122.25
18.56
-20.1
56.16
124.53
-46.86
-5.45
7.13
86.3
-1.23
-1.23
-68.28
-200.33
4.31
81.43
42.61
10.54
-4.97
52.14
5.13
69.3
-5.86
-101.67
-10.15
12.6
38.62
36.75
-70.71
12.82
33.54
4.31
54.12
11.04
-27.49
-30.69
-3.88
-13.14
-22.87
-1.12
19.92
49.92
10.7
-9.96
20.47
11.59
-8.1
6.32
-15.11
42.39
3.75
52.95
-59.43
53.61
-28.22
65.16
-52.49
1.5
30.3
-15.58
15.73
-6.95
-11.08
9.03
-6.61
2.53
5.96
-8.96
111.18
-3.25
62.81
-0.79
9.16
13.06
-5.52
-3.43
2.37
-68.27
78.81
-34.64
16.04
-36.15
36.48
-91.42
17.22
-105.82
-148.33
-11.03
-1.25
87.19
-3.78
61.53
37.2
-41.92
10.27
-41.3
-4.83
31.5
76.39
5.25
76.51
3.2
0.22
-196.85
-39.54
22.04
4.75
20.46
-111.36
-18.58
-9.68
43.97
24.53
3.21
10.52
-1.9
38.75
83.74
-18.84
8.34
3.58
57.86
90.91
-5.59
-6.28
5.92
0.01
-14.86
-74.37
23.64
2.77
10.38
-22.35
14.78
-71.39
117.57
122.73
12.42
-169.09
57.71
8.25
10.96
41.82
-12.2
-7.86
48.42
-39.2
115.54
11.47
-33.74
-30.14
19.66
7.79
11.5
8.09
39.56
-33.45
-20.85
-6
-4.36
-69.61
-13.39
-162.91
-0.48
65.12
-24.39
202.51
84.93
-9.04
11.55
-129.75
-13.53
51.32
35.3
10.42
-5.34
32.32
-0.45
-10.78
3.69
5.52
-3.08
7.83
65.94
39.06
73.05
25.96
-57.6
-65.58
4.45
4.8
-6.95
28.91
-3.1
34.33
20.74
-1.24
-41.9
-31
76.62
-30.27
10.53
42.9
-29.16
18.4
-7.29
-71.36
-133.6
59.26
23.62
8.25
2.1
-2.97
-9.53
-11.12
-21.24
-8.62
1.13
7.67
-15.71
-6.52
-2.4
56.19
47.29
0.47
8.74
147.72
-5.15
-77.9
6.63
-14.38
48.13
-1.49
-198.46
23.18
20.93
-7.22
53.94
1.46
22.83
-4.66
-64.41
-13.65
-25.88
-10.16
9.54
13.73
-71.99
17.96
10.85
29.08
1.64
-1.11
47.77
-97.8
5.63
49.37
-27.2
-12.4
10.24
14.1
-123.08
6.46
93.83
5.56
-30.33
88.06
52.86
0.13
34.63
-2.07
9.46
13.09
-23.71
-7.53
-19.7
-2.37
-83.74
79.39
-96.28
18.51
16.27
20.68
-46.64
5.52
13.08
38.74
77.13
22.74
-6.88
-117.72
-17.6
-23.94
-13.92
32.67
-47.52
-8.29
72.5
25.46
-8.43
-0.67
36.4
-2.9
-74.53
31.28
-36.45
-3.55
-96.35
-47.04
4.7
-5.55
-7.09
-59.84
-123.66
32.46
-21.62
-1.98
84.46
-11.08
-8.24
101.75
5.1
-13.31
17.42
28.98
-23.78
7.33
66.51
8.64
45.57
-45.88
-21.42
10.41
22.53
-12.73
181.58
2.7
2.73
-137.42
-6.66
-0.31
-23.18
-54.46
8.81
-4.25
-9.26
-17.78
-4.03
-60.71
-48.1
-104.54
174.97
3.51
6.68
30.67
5.92
6.6
-75.44
-57.24
-24.08
-2.16
22.95
8.4
-9.86
-21.92
6.43
36.12
18.94
17.34
60.55
-6.78
-6.14
-18.13
107.11
-3.04
58.24
-11.47
35.11
29.56
-1.84
-11.22
-68.93
-30.94
10.95
2.36
12.7
-7.49
-82
7.52
-5.58
-10.82
7.77
5.72
-81.23
-9
37.69
-7.63
49.6
52.63
-14.96
10.78
22.35
-2.85
1.49
7.28
-6.31
-4.41
-3.23
77.39
27.61
-22.71
-104.27
0.36
0.46
-29.52
8.89
9.9
13.34
68.41
-1.71
-2.09
-9.64
21.99
-49.76
-10.73
-93.02
12.45
-45.74
48.41
21.66
10.18
-9.12
31.55
1.08
30.24
-18.84
-62.01
-55.15
0.31
-124.15
23.25
46.54
-143.85
-11.69
-2.31
91.29
-25.82
-8.45
-0.81
25.89
52.22
15.62
63.74
-29.89
2.11
-21.04
10.01
-28.93
-8.7
-28.21
11.66
17.82
9.85
4.89
-23.59
35.83
0.13
32.62
9.93
-12.89
100.4
-34.37
-0.78
0.19
-10.93
40.28
14.19
-37.05
9.67
23.52
9.95
30.11
-0.88
80.26
18.11
-14.81
11
-1.78
22.99
-16.94
22.01
-123.92
9.45
-9.11
78.17
-14.45
2.15
12.69
4.83
6.06
9.94
40.11
-50.43
-91.82
-15.69
-10.25
-44.8
71.03
4.12
24.18
103.56
-180.82
-68.88
11.43
2.1
45.96
11.88
-14.45
-6.1
86.66
-0.97
57.52
-61.82
-106.18
-6.47
-10.84
9.76
-48.08
7.65
-15.46
13.06
-3.33
-11.19
64.11
3.69
13.01
-73.41
-13.54
-26.11
6.93
-16.78
18.8
3.3
-11.35
6.43
-52.52
-8.22
3.54
76.74
38.76
8.13
4.55
33.93
-1.52
10.74
-20.25
107.21
3.9
-5.07
169.39
13.37
60.07
-6.74
-63.66
-0.61
-8.13
-55.95
-0.7
5.88
-9.34
8.91
7.91
-17.55
25.71
-54.9
-65.3
43.2
33.98
-9.09
2.09
-44.72
8.41
-7.52
-47.38
-15.21
-19.22
60.25
3.67
-115.3
119.45
-0.86
2.63
-0.1
-7.77
-127.87
-71.87
7.46
95.97
-13.49
-49.76
-158.86
156.71
-6.88
-23.58
5.21
80.97
24.53
0.26
-70.01
42.26
-58.43
-52.8
-148.22
-25.58
-42.18
7.51
-5.56
-65.96
-7.59
51.86
-8.38
68.42
-24.24
-13.26
2.43
93.43
96.22
13.27
-3.49
39.12
23.5
-9.84
-10.57
1.63
4.58
2.31
-14.3
29.28
-51.83
-11.7
-74.92
-24.01
-51.37
-55.58
-12.24
7.23
-3.64
-3.57
-2.54
-78.82
56.66
20.04
-4.14
8.59
-38.44
3.78
70.39
4.47
37.64
-26.07
27.34
54
14.26
5.62
-87.75
34.14
-91.35
-92.62
5.65
-57.65
-19.79
6.69
-25.29
3.67
-13.88
25.21
-4.67
19.52
-1.11
8.71
27.02
4.38
-10.35
-17.62
-49.78
-21.87
-83.49
52.13
134.67
-26.03
49.15
11.27
10.12
22.49
-7.6
5.99
-3.2
-11
21.4
5.25
68.29
-7.37
120.45
3.26
-20.55
-2.28
16.72
-0.52
15.03
76.17
-6.93
-60.56
14.23
58.39
7.43
-39.33
42.47
25.25
14.65
-4.65
-7.49
38.04
5.04
-3.82
-14.51
3.23
75.31
-5
0.2
-71.3
-15.77
14.75
-4
13.19
3.97
-30.18
6.06
-66.53
9.47
8.87
-12.86
4.03
-13.3
5.22
-8.1
-19.81
21.86
-93.86
50.59
-86.1
-194.94
-12.3
8.43
10.57
12.63
-2.03
-2.51
17.72
-27.01
-18.92
42.73
17.46
-80.69
15.46
22.12
15.6
23.55
-32.62
-1.22
-5.29
-10.11
-2.7
19.09
-23.92
2.61
-17.82
-3.88
37.45
4.44
-1.32
49.69
-1.28
-46.94
31.35
-48.27
1.13
12.48
10.88
-13.65
-21.43
6.36
98.01
19.87
-79.88
-61.32
30.64
-3.68
-79.07
49.6
121.84
11.07
110.46
54.48
-4.39
-2.81
63.8
-27.38
4.94
-43.73
-30.45
-66.22
-3.99
41.24
15.21
-29.4
3.82
-15.6
6.01
65.92
-83.97
-78.7
146.41
-1.56
3.94
13.26
7.55
-10.64
10.81
17.22
-39.19
9.59
-6.64
2.94
15.78
23.75
2.24
-44.79
42.59
-10.65
10.03
13.08
61.18
35.43
93.09
13.04
-105.17
-1.28
7.31
33.84
36.01
-13.31
-152.33
-108.86
-5.6
11.2
25.66
-14.39
66.96
34.52
-39.91
40.15
-6.93
-14.58
118.3
14.26
-80.93
