36.49
10.11
-12.49
-8.67
2
85.18
37.09
6.15
117.91
-6.77
24.64
20.68
25.95
23.15
13.18
-37.88
9.93
13.53
115.98
-11.36
-10.58
-63.99
21.9
33.41
0.57
63
-39.62
-8.47
13.04
12.61
16.82
-4.91
-8.69
9.68
-0.62
62.27
-8.65
13.27
-33.06
17.1
16.86
59.16
-19.13
-3.31
-63.97
-1.09
-1.95
67.19
5.98
37.19
-10.9
103.29
-61.05
-9.28
-2.61
-8.66
-117.39
52.64
62.34
28.96
-24.85
-18.1
25.13
-5.04
-34.5
-21.79
-59.3
-3.04
6.57
9.43
-37.93
10.22
-115.48
-14.39
-265.78
1.18
85.9
59.76
-50.48
12.98
12.66
-1.89
-168.71
4.09
4.05
98.58
17.72
-6.21
-12.86
-0.28
10.29
-97.97
43.76
66.3
8.75
-37.3
-30.33
3.33
-9.41
-19.6
36.68
-16.33
9.29
32.48
-16.55
-29.87
-2.43
-3.51
59.96
3.26
28.29
-103.75
-66.12
106.82
-11.6
77.77
0.41
-27.17
0.02
-11.75
58.09
-2.35
-14.53
-175.62
4.01
-37.05
-2.54
23.83
46.16
4.7
11.03
-35.18
50.4
2.28
5.58
13.11
-23.67
4.17
-15.49
83.3
32.28
-13.96
5.59
58.81
-5.09
-4.3
-12.17
-0
-9.92
-96.35
119.32
-12.81
-13.32
4.41
-44.79
-63.23
20.8
32.68
-10.18
-3.33
-0.9
2.52
-9.87
69.32
6.11
-60.18
24.77
5.82
-30.17
2.14
0.04
48.15
11.64
-15.85
120.69
3.93
1.58
-38.9
43.01
0.94
-64.75
5.92
-9.73
-20.9
-11.42
14.73
-36.77
-2.81
9.11
-0.58
-116.71
-50.74
52.1
-35.35
148.78
18.62
-76.03
161.9
-68.41
21.74
-28.56
24.6
66.76
53.07
3.67
-81.45
11.07
-7.59
-17.36
96.81
-6.8
37.16
76.98
-173.06
40.95
13.46
-10.55
65.4
-2.19
12.31
-4.05
54.17
-33.63
2.73
56.68
25.54
11.61
19.71
18.73
-4.04
-2.46
19.48
-11.74
110.24
-16.3
11.49
-7.04
8.42
-56.13
-1.86
-9.92
46.48
38.26
92.05
-66.38
0.22
55.51
-36.5
-3.95
-144.32
-40.49
-3.85
11.01
-3.11
-145.95
-5.21
7.03
55.66
7.87
31.67
95.69
-57.05
60.08
-78.88
-4.73
-40.38
6.88
43.31
6.82
-0.24
12.2
-24.34
15.39
3.29
7.33
-19.38
66.96
31.6
23.02
-2.72
4.61
10.92
54.81
-39.74
7.37
-6.06
-30.06
58.62
-53.1
2.71
3.99
75.9
-48.24
-2.65
11.72
-11.51
46.44
-12.1
35.08
87.34
1.42
34.61
-23.89
-7.74
-5.3
-31.6
-2.46
-2.23
139.25
-2.45
-11.41
88.95
28.06
50.1
-16.29
-9.24
-54.14
1.72
-4.67
83
-6.63
12.36
9.32
-16.27
13.3
9.24
13.74
-5.32
-6.91
10.63
-43.69
-9.56
10.63
6.57
-1.32
-16.25
4.57
-8.33
37.51
-9.72
-12.37
5.76
-46.01
0.67
-50.77
-10.61
-31.85
-16.06
18.28
-82.57
4.85
53.66
-7.8
-167.66
64.79
-2.01
30
-11.91
10
8.41
31.43
68.58
58.61
-9.95
6.48
6.57
-41.02
48.4
5.25
15.46
-6.86
69.66
-11.4
-16.52
-87.89
-5.03
-45.98
72.73
-130.23
-24.9
128.14
4.68
37.57
-9.92
8.81
4.92
22.34
-5.01
11.27
4.77
-36.35
-19.1
14.16
-16.6
2.86
-10.18
-13.82
10.67
-25.77
175.47
15.46
-61.05
35.62
-13.54
-11.29
50.82
-0.52
-26.41
86.62
19.75
2.67
-8.74
3.74
53.7
-41.34
-10.56
-85.47
18.79
2.49
49.13
45.14
29.81
59.63
161.85
-8.82
25.34
5.97
3.67
-6.45
-31.94
-38.58
0.67
-34.22
-13.96
9.96
23.16
-0.62
2.25
31.26
93.54
9.38
-12.27
-32.36
45.37
-0.8
22.45
82.79
-12.96
-7.4
10.53
-8.07
-5.7
-11.1
6.27
-1.18
18.53
-6.5
-10.53
8.56
-95.81
-4.14
4.14
-51.33
-10.76
67.25
-17.42
-2.12
7.35
-10.04
81.13
11.49
226.69
1.4
-39.43
0.75
123.63
-11.69
1.73
1.38
-6.42
-12.85
-34.13
14.13
23.44
0.82
-0.24
-78.34
104.31
-87.54
-88.4
-3.63
146.46
-67.97
10.54
-4.62
-32.74
-46.92
23.32
-27.33
46.55
-21.78
-40.75
-41.6
-3.31
61.29
-161.64
-8.66
8.71
68.54
31.93
-34.11
9.41
5.09
5.52
51.93
-3.8
-4.67
9.47
-0.91
38.4
-2.66
-42.04
27.81
24.29
-6.72
21.8
-64.32
2.7
2.95
69.73
47.42
35.04
5.28
-6.23
-79.97
9.52
25.17
11.79
53.94
12.9
18.61
-31.07
21.24
32.62
32.39
-5.59
-5.07
2.14
-35.5
-26.41
113.76
-10.08
34.85
-12.61
-68.62
-13.72
22.59
26.31
42.71
-32.33
6.66
12.18
26.85
-3.75
-196.8
67.54
-49.52
-240.61
-9.96
41.71
6.98
1.23
-2.18
-0.24
62.29
55.73
60.53
2.62
5.49
96.02
-75.05
7.74
5.88
13.45
-21.01
22.59
-49.62
-37.97
64.96
53.03
179.82
-91.49
98.04
81.3
-33.61
-6.64
-33.61
-7.77
13.39
-2.21
9.66
58.03
-7.33
-148.51
-15.55
-102.25
42.22
9.63
-6.21
-29.33
0.82
33.23
8.59
-10.16
-5.83
0.67
6.9
-8.67
-54.97
-57.53
-17.45
-13.76
13.36
55.57
-3.05
-50.82
77
7.26
84.06
-221.52
-2
7.6
-3.71
39.81
-12.74
22.09
-28.6
-32.02
122.03
-4.71
-76.4
-3.95
8.98
7.73
16.44
-84.14
-7.72
-5.56
-11.65
16.22
-9.6
-0.11
8.65
21.9
-34.42
13.96
71.24
-15.33
21.26
-0.19
-154.8
121.76
12.01
61.32
15.11
10.52
-4.53
-0.35
-16.46
3.19
-5.48
-1.54
-17.32
-107.61
-14.42
8.7
-4.28
47.83
-2.79
-77.04
51.99
8.04
-4.84
11.7
40.13
7.13
-58.36
-8.52
26.81
3.08
-8.2
33.91
-11.57
11.86
101.67
-8.34
2.05
-35.37
4.97
-21.11
12.91
-4.52
-15.35
11.01
9.36
-1.88
9.66
95.9
136.47
-6.37
8.36
12.46
-41.6
135.25
199.53
0.74
-81.33
5.22
-53.37
3.16
30.37
8.54
2.58
9.65
5.16
-4.58
10.81
10.53
-9.04
-4.72
3.12
112.09
-26.53
37.4
-12.29
9.94
-185.21
-15.24
-12.27
-37.92
-12.47
79.57
83.01
-4.8
5.7
12.01
-4.1
5.75
80.25
-48.44
-5.45
2.01
101.26
-8.66
3.49
60.76
-112.8
-48.03
-81.18
-4.46
-46.99
-2.51
53.81
15.81
14.29
-38.42
-10.48
9.23
-3.51
31.51
-61.73
-10.57
39.08
-344.04
36.72
47.25
-0.6
12.81
-97.85
9.11
-269.41
-52.24
-10.12
-35.38
-4.72
-32.61
11.07
-20.61
4.64
10.73
-222.74
-15.67
80.76
6.87
-16.88
3.26
13.35
-120.48
62.72
-33.62
-10.47
10.86
2.95
12.74
21.15
55.69
-10.35
1.71
27.99
7.12
-25.69
4.37
25.06
-5.46
121.73
-1.63
86.56
-18.28
51.74
-11.63
30.32
0.52
20.52
7.54
50.85
27.08
2.05
8.81
-6.89
50.62
-4.78
-5.52
9.63
8.04
-8.84
14.79
54.96
24.86
-0.14
-4.52
-7.52
78.45
21.51
-36.38
17.39
-7.21
-2.31
3.82
84.77
28.2
-61.19
-3.64
-16.68
20.22
-22.85
-137.39
-46.98
-3.95
122.63
11.32
5.74
-76.58
5.14
-42.77
-69.62
9.52
14.81
-2.38
3.7
-84.58
-0.44
-13.26
69.77
-2.72
-24.91
15.08
1.77
-79.98
-10.46
-65.43
15.6
-66.27
8.48
-1.24
-91.4
99.85
61.86
-1.71
-12.47
-161.19
0.09
7.71
16.49
-92.03
-12.3
11.44
-264.82
16.04
7.41
37.83
-5.42
4.41
-93.9
10.33
-7.19
-12.57
-52.51
-33.57
11.25
-28.91
4.65
2.52
-13.66
6.09
-98.62
94.42
60.18
28.73
29.4
-19
36.27
-65.52
4.8
-9.89
10.87
-3.09
48.87
6.01
-8.52
16.87
12.02
-11.46
-98.1
11.2
59.46
-35.42
-1.48
116.26
-87.55
-69.32
-6.11
97.83
-7.4
-7.48
-146.54
-25.26
2.87
5.17
-14.01
10.63
4.36
43.81
-42.39
-18.28
38.23
-9.81
11.58
3.01
33.14
-6.14
11.08
10.91
20.95
7.58
-77.81
-8.71
0.3
-80.42
50.27
51.2
12.61
-31.22
-14.75
-26.31
63.2
-130.93
68.86
33.34
2.56
-66.4
-1.02
5.17
4.08
34.37
-6.99
-2.86
-4.8
-9.95
-3.47
-5.2
-12.15
-6.4
4.84
-6.44
16.19
-24.23
10.18
-100.04
-17.07
6.21
-8.64
24.3
-52.78
-34.74
46.88
8.69
2.4
-176.62
-20.34
-7.87
85.81
-6.73
-150.09
-8.71
-27.73
-9.83
-45.25
-7.5
40.93
27.92
5.57
-5.95
16.15
-9.46
