11.66
-18.65
-9.18
6.86
36.82
44.48
-9.52
-21.31
13.9
5.7
41.03
-1.83
1.64
-10.48
-9.6
-38.86
-67.26
-3.26
10.49
158.52
54.9
-32.23
6.91
-13.33
-10.14
49.86
-0.43
-32.2
5.87
81.99
-10.42
-3.9
-16.44
24.32
6.64
-52.37
-17.96
16.2
20.74
5.56
74.78
66.94
80.88
-81.74
-2.84
-24.92
54.14
-10.97
-90.93
8.99
-10.79
102.1
30.9
4.57
16.64
-18.83
17.59
38.71
-61.39
5.81
12.26
-7.72
-2.33
0.37
-15.5
-66.96
31.8
15.88
-0.36
4.02
16.81
0.16
49.25
-30.25
-7.07
-11.95
-7.78
-6.89
-20.87
-9.04
11.68
14.17
34.88
-173.88
92.06
59.99
-21
-15.85
-249.88
-14.21
45.14
42.8
-114.32
-18.01
-32.7
37.95
-0.82
-5.35
-6.2
-4.42
1.93
81.28
19.01
25.37
8.88
0.01
49.06
16.84
-13.35
38.6
-16.67
12.78
-83.49
-7.94
20.15
16.22
84.8
-1.5
-22.94
10.88
4.48
7.81
-6.86
-66.23
-2.84
7.12
9.8
-7.4
5.46
10.57
-42.89
9.6
-84.13
-66.41
-5.55
21.33
11.76
16.84
-5.84
-83.11
9.53
15.47
2.33
88.46
-8.3
-6.74
66.09
-42.1
12.87
11.54
8.43
9.34
7.08
-23.92
45.09
-190.18
-38.02
9.83
81.64
-44.41
-26.68
-38.5
-33.16
11.29
64.43
-24.65
-28.05
5.12
8.31
15.9
9.65
7.29
1.67
16.51
-10.24
12.99
24.15
-19.84
14.21
-53.11
81.3
-9.55
17.82
-22.15
4.23
-81.48
-187.23
12.68
9.09
-138.66
7.23
18.58
-3.71
-10.82
50.74
49.2
-12.12
-11.19
-10.25
8.47
9.18
11.4
-25.34
49.76
-15.04
-11.25
14.45
10.94
48.22
-8.38
15.96
44.22
21.85
-6.93
-8.24
0.18
-98.67
3.51
-76.92
3.95
5.46
16.56
-1
1.42
38.88
8.48
7.52
59.63
-16.64
3.01
-64.32
-16.25
58.44
2.82
124.84
30.61
40.57
16.55
-10.61
-62.75
9.78
-121.55
-124.78
-20.26
270.66
4.04
-110.78
43.34
21.81
-81.44
4.02
-91.78
-4.91
160.53
-40.48
31.4
16.46
-19.96
-120.55
156.06
-20.36
-21.25
49.26
-2.71
40.33
54.45
18.85
-13.64
39.95
-4.81
-11.84
161.84
-4.71
-57.56
10.91
-30.77
-33.81
-0.35
-71.75
30.32
1.48
9.72
-104.25
-13.24
-38.49
8.14
-20.9
-10.49
-6.79
-8.66
-11.7
-10.65
-9.52
-5.97
-316.05
11.96
138.54
14.57
-9.98
24.77
49.27
66.93
-24.87
-6.73
-7.86
47.71
-121.98
22.72
-29.76
-30.5
-4.53
9.69
-26.58
-30.31
-6.11
12.21
-108.25
16.48
7.14
49.73
9.36
55.59
8.07
3.13
10.12
-13.33
-125.6
5.86
-88.5
3.46
-1.31
80.73
-74.43
17.35
-47.3
6.67
-8.89
-18.28
-5.6
0.59
-90.2
48.28
8.6
-11.8
80.44
-16.7
-3.33
10.32
23.49
-9.91
-45.6
12.55
-14.39
0.35
-5.24
60.22
-21.03
-66.26
-113.81
-13.8
-37.52
24.25
29.19
82.6
38.34
-25.95
-6.11
-3.49
56.95
-49.37
-2.98
-15.01
-11.06
-2.53
6.78
-12.56
-1.09
3.11
-277.72
4.52
61.19
4.64
13.12
10.52
-3.53
-2.58
-2.98
15.27
8.88
69.81
-15.47
-13.76
-37.57
4.73
-6.6
56.18
-35.62
-10.47
65.79
-60.04
-4.5
-24.43
-10.14
43.79
43.42
-34.68
-10.14
-404.22
-11.5
-104.85
0.1
69.94
-5.61
8.09
-3.74
-4.34
28.4
15.33
22.9
6.99
-10.56
-5.15
-10.83
-10.01
-17.34
-89.82
0.8
5.03
4.2
1.77
-9.7
6.49
-6.2
62.06
-22.41
13.21
-2.53
6.19
80.84
-3.99
37.05
2.98
12.78
-5.91
-13.78
39.19
-1.05
13.66
-12.15
-3.21
10.32
6.18
107.8
-7.19
2.13
-12.85
45.29
-5.33
-3.73
37.91
11.89
37.39
-54.48
-3.47
4.03
11.17
12.7
10.78
-27.79
42.74
-5.24
70.94
24.82
-17.97
36.52
-18.05
16.42
-122.07
-124.43
-30.47
-4.17
-8.76
27.26
19.64
65.78
15.96
100.77
-5.89
28.05
-4.62
-227.86
1.33
-3.27
75.1
-4.81
17.1
3.97
8.94
8.54
1.56
95.02
-26.42
4.16
-26.03
-5.58
-9.29
-6.1
-35.8
58.19
12.87
8.2
17.35
14.02
-14.46
1.27
-18.22
124.52
3.45
-22.63
22.38
-15.92
11.8
-9.4
103.62
-19.24
-469.27
-6.19
-9.62
-16.58
8.56
12.84
29.21
-1.64
12.73
-34.13
45.11
6.36
-7.98
5.75
48.58
-36.36
55.52
-12.94
8.99
-99.07
20.68
-15.42
-80.36
-10.83
10.24
1.51
24.08
51.45
-5.63
-10.28
-33.95
4.25
-86.83
-9.03
54.82
-38.68
39.37
-37.43
1.75
-20
-16.05
3.33
-2.03
10.35
0.6
5.14
-1.76
-211.33
5.52
30.83
47.08
20.58
-94.31
5.72
12.01
4.04
-23.87
-13.68
-2.96
45.48
0.47
30.53
-11.87
15.08
2.28
45.83
15.33
7.31
10.57
67.01
52.38
-16.67
-5.94
88.57
10.01
16.45
10.23
26.12
3.93
28
23.26
13.48
33.7
17.8
-26.19
-0.88
-7.72
-22.25
84.67
-4.39
17.06
16.8
-8.35
-25.34
-7.55
9.63
5.65
48.85
-60.24
61.21
9.81
38.49
94.99
-6.3
-42.26
7.82
2.78
11.7
-135.16
48.74
17.36
-9.22
23.71
-109.49
-2.03
-10.16
51.23
-31.57
0.6
-33.13
-30.58
57.73
2.29
-17.41
-2.33
-0.25
96.03
39.25
-50.42
16.15
6.54
-49.19
-0.54
30.91
10.28
-14.92
-74.25
-16.44
21.07
-10.43
17.33
2.47
-15.42
49.12
4.33
34.8
9.87
-8.55
-21.37
14.39
12.05
60.59
9.4
65.5
22.17
-6
-77.28
-10.58
21.33
-9.14
6.72
-9.22
-4.41
127.79
-7.13
45.7
32.8
-13.67
7.65
-4.28
69.78
-19.7
-33.5
38.59
-48.53
-10.35
65.75
-34.73
44.47
45.88
-6.52
9.42
9.07
10.22
8.79
9.8
-47.67
29.25
-11.68
6.16
12.85
129.88
-51.6
6.82
32.43
-2.09
7.35
6.41
-17.75
36.31
-41.94
4.82
-34.16
-11.48
19.95
55.77
-7.26
175.01
59.51
9.04
-12.83
-39.75
1.08
-2.95
2.07
-132.48
70.74
0.87
32.94
17.47
70.63
-144.5
56.26
-81.4
80.99
-20.99
22.18
-56.67
11.29
-50.47
105.83
21.27
70.49
-4.64
53.12
-41.36
-11.38
7.21
7.85
-1.99
71.46
11.41
30.56
61.15
67.36
24.26
-36.07
-16.23
-7.98
-33.3
9.04
7.32
-68.96
-3.5
-6.3
-10.37
0.93
9.53
16.22
-29.8
-9.82
12.5
14.07
-67.52
17.13
28.28
10.15
5.38
15.43
-122.48
-17.88
8.91
15.41
-4.83
-4.85
136.89
17.34
-29.14
-8.76
0.09
-16.57
9.03
71.6
-70.25
-9.27
-0.56
29.4
-17.44
-0.27
-171.7
-16.93
-79.38
75.95
7.22
39.27
10.66
-5.27
4.57
35.19
-4.94
27.71
-6.27
-15.68
-111.94
-47.24
-56.12
1.46
58.17
-57.84
-102.33
-53.52
10.27
-6.02
-5.84
-14.79
7.1
23
-24.49
62.19
130.36
7.26
59.07
-7.4
-46.37
-18.65
-52.61
-9.56
-59.69
-12.58
-67.38
-15.01
0.84
2.58
25.25
-5.99
-6.34
7.39
-5.21
7.96
-7.21
-28.54
3.11
-0.82
21.2
10.07
8.13
24.79
-5.48
7.15
9.77
-113.83
-30.47
15.67
8.96
-1.95
15.3
9.27
-17.16
-23.33
29.6
16.77
-50.75
91.78
-64.05
-5.76
-8.88
2.36
4.4
7.38
-90.47
3.04
-3.46
17.91
-13.41
35.43
-8.53
-45.42
-52.84
-9.7
41.21
-0.62
36.51
-7.6
-264.25
-7.16
11.71
32.35
55.7
32.01
10.69
-99.66
-95.3
-4.36
63.82
2.87
-7.78
10.73
-9.19
9.57
-9.59
13.77
12.89
12.41
78.6
31.82
-48.33
-15.37
-10.5
59.2
-3.14
79.78
-20.37
31.43
-38.15
4.79
-36.13
-8.3
59.16
20.82
-9.73
-94.9
-1.65
72.83
-10.15
-57.32
-3.51
-0.81
-2.6
-4.04
-4.96
75.66
-4.35
106.01
180.45
79.36
-3.23
7.55
53.8
-4.42
7.2
2.33
-0.36
-106.62
-40.34
4.35
11.01
3.53
96.03
43.67
-37.71
39.2
10.81
-8.25
20.79
-6.9
2.41
34.37
48.94
72.57
-67.66
-12.93
11.05
-50.36
-5.51
-58.42
-0.57
-0.42
-1.11
-13
7.05
16.65
-3.62
43.28
-0.42
-12.46
28.13
6.23
-40.49
3.98
16.57
29.31
-7.98
-10.59
-2.16
-6.67
18.82
-6.37
-45.4
69.07
34.73
115.33
-97.2
2.21
4.81
18.4
-85.08
76.83
37.6
-0.87
