-10.66
0.77
-23.08
4.49
13.24
28.33
-1.47
45.72
-63.64
79.61
58.2
41.83
-16.7
69.82
-120.62
-8.15
12.31
-1.53
-2.73
-10.22
16.74
56.68
58.33
2.15
-67.74
-0.99
-5.06
5.02
-5.56
-50.94
-75.58
-108.83
-4.62
7.2
10.23
-0.73
-5.39
-8.84
-25.04
-3.36
25.61
7.25
4.48
-72.52
69.77
-11.01
-6.92
102.64
16.9
0.13
8.78
4.25
-4.4
-0.8
99.66
-6.78
-7.03
-10.48
30.93
-38.7
89.16
2.76
90.58
-11.45
-3.8
-338.64
7.71
-21.8
52.11
13.24
45.93
-35.96
-45.81
0.95
-48.39
15.67
-9.16
-29.13
2.79
2.26
6.4
-10.88
32.98
21.9
-75.53
-6.85
82.92
1.61
-18.36
9.37
-47.02
34.62
-9.32
2.94
2.92
17.1
109.37
15.16
-38.2
-4.61
59.17
-14.87
44.26
-10.42
128.12
-14.08
-59.39
72.31
98.54
-7.74
-15.27
16.82
13.41
2.89
-25
56.94
21
-11.71
77.62
16.93
82.29
108.23
2.02
24.31
-107
5.43
31.9
2.78
15.93
38.27
10.35
-2.03
-3.21
3.09
57.33
-16.55
0.76
64.5
46.97
10.82
20.5
-17.96
-1.71
-8.42
39.79
12.7
-33.47
66.1
6.46
-11.77
16.75
-10.15
-56.86
22.05
135.26
-6.35
-7.42
-118.54
4.06
9.51
-3.58
-18.34
-10.93
15.64
35.58
-56.29
6.5
-101.94
4.48
-7.3
-93.92
65.13
23.33
67.53
-13
0.77
-4.19
-26.71
73.27
122.15
-83.51
-14.55
-139.41
-12.35
56.38
-47.69
-43.75
-21.75
-31.88
-10.32
-130.47
-0.18
-13.26
-37.77
47.28
42.79
61.98
16.2
69.9
12.17
42.11
-94.64
-1.19
48.29
8.59
-7.88
-96.11
61.42
-61.36
14.73
-46.94
-48.61
11.02
-14.26
42.79
-9.77
96.78
1.44
28.86
-12.27
-22.63
10.25
5.16
-3.72
11.93
-13.96
-12.92
-1.34
-1.08
-107.43
-26.11
-49.42
7.03
-6.35
5.02
4.27
5.8
-114.09
83.67
20.49
8.28
15.82
-18.95
0.78
-13.33
3.33
-15.16
-41.03
-77.11
19.99
-185.28
-2.91
65.63
-66.91
41.58
2.51
3.04
-7.69
-72.42
-6.77
3.66
2.93
62.3
-9.52
-2.87
-53.87
44.75
8.78
-35.65
47.95
112.01
-34.28
7.22
58.89
9.71
8.81
0.79
2.14
0.48
-10.98
119.25
4.21
7.07
-87.49
-65.24
6.3
2.04
4.35
-19.74
1.19
-67.69
23.86
8.22
1.89
-97.99
39.97
54.95
38.04
-117.26
1.36
49.57
-33.83
-45.38
-14.23
-76.61
-50.26
-12.26
-9.33
-10.87
74.84
8.17
3.71
-25.06
-15.82
-14.75
2.74
54.58
-109.86
126.24
10.51
-79.53
5.45
13.22
-10.25
-28.39
-21.87
-3.95
-54.98
62.47
9.3
46.08
-1.85
37.59
8.74
17.41
110.43
56.49
-4.53
-32.98
5.17
-17.12
41.55
15.38
6.75
-85.1
-4.58
14.73
20.99
-10.92
-257.12
-25.28
-3.42
-1.34
-52.47
7.32
-116.6
-23
32.99
-5.86
8.87
35.14
15.27
60.53
-11.24
-8.06
53.53
84.77
-2.75
71.09
1.61
17.23
-11.2
31.69
-1.01
17.54
-8.9
-48.31
-102.53
-3.79
9.9
-19.25
53.23
2.72
6.7
-16.88
-95.98
-38.51
6.14
-151.16
-5.39
1.14
47
16.31
-4.93
39.71
-4.87
57.76
-63.9
-187.5
-10.05
-14.09
-0.12
10.09
-1.7
6.49
-23.5
8.56
25.09
50.87
29.33
-102.49
-73.8
13.5
-27.56
47.88
-11.89
-19.63
72.35
-4.67
5.38
36.12
9.83
20.99
-32.41
44.18
24.83
18.22
60.05
12.7
55.36
63.13
-5.91
-41.86
-53.66
-8.22
17.74
14.87
11.77
54.4
11.55
-8.47
-81.82
57.44
-11.11
38.46
12.86
-52.29
2.87
-26.86
-17.78
-113.89
11.01
10.84
11.68
31.29
-2.33
36.05
-11.04
-0.5
-8.36
91.66
-5.07
21.74
-1.19
65.93
-2.17
-25.14
-8.95
1.41
4.37
8.99
-20.52
-36.3
4.12
12.74
73.61
35.1
-8.08
9.91
6.38
-32.06
-60.58
22.6
1.68
10.52
48.42
132.85
-9.65
70.5
-53.9
8.85
4.56
11.34
57.71
-91.07
7.87
-23.37
32.86
-54.51
-64.91
-7.67
-3.62
-26.46
-4.96
40.02
-13.55
-12.98
14.25
-225.3
-3.68
72.55
5.36
8.94
-12.22
-50.88
-20.99
-62.18
18.11
68.26
3.61
-2.96
11.79
-66.07
-10.17
1.7
-11.41
69.07
6.75
14.02
-21.07
8.78
3.96
-8.77
36.06
-21.1
-3.27
69.81
-3.09
-7.19
72.98
-230.5
-117.64
-27.11
12.65
15.31
-4.76
32.04
-5.13
6.43
-3.73
55.28
4.49
-41.48
33.37
11.02
-21.37
-54.74
7.19
55.66
5.84
-9.63
12.15
0.02
62.14
55.12
9.33
4.99
0.46
-3.29
34.67
-191.39
-0.8
-276.54
31.82
-96.41
19.68
47.51
11.32
-1.89
-13.9
-3.83
9.54
68.57
-0.77
152.02
14.17
25.03
-63.77
-15.11
11.25
-14.26
11.55
-102.17
10.61
-8.87
8.31
-2.25
-112.12
-33.89
39.18
-199.49
-10.21
-1.92
-172.46
-25.07
19.88
-72.88
-7.69
-24.08
27.17
15.69
-4.1
14.06
7.48
-0.74
-3.85
-1.1
-31.69
7.16
-21.82
-190.48
-37.11
-1.77
11.46
-16.97
1.13
-24.28
6.63
49.45
-3.06
4.59
-45.5
11.27
-2.18
55.53
41.76
22.17
3.78
38.1
93.18
4.45
-17.89
36.63
35.69
9.82
-127
2.08
38.41
-12.2
-7.64
-16.07
-13.08
123.31
15.44
-20.62
-102.87
3.17
11.16
-7.89
46.1
10.04
21.03
-12.87
2.55
24.91
3.55
11.58
-34.78
78.01
25.6
-46.8
2.94
7.94
-1.36
13.66
8.8
28.81
36.94
2.62
5.15
-3
53.14
43.34
-4.38
-5.36
2.55
7.57
17.97
-19.51
11.31
-15.27
23.1
13.2
-46.04
-14.55
16.46
9.33
-6.81
41.08
-101.87
44.73
-38.46
19.91
-120.27
13.69
8.87
-71.08
54.85
59.75
47.79
13.06
52.39
21.7
-27.71
-21.48
33.61
84.53
108.35
28.59
-44.21
1.97
-8.06
13.13
-26.7
-94.07
55.09
-0.62
5.67
3.85
154.2
-2.82
-72.92
-11.78
67.47
-93.74
-31.19
-3.02
53.5
61.59
-7.61
-10.26
-26.04
89.07
7.46
1.13
-5.16
-3
-99.54
4.52
0.18
24.51
5.36
8.92
13.29
111.9
6.77
-1.5
30.95
35.18
8.96
29.13
7.95
-68.33
-32.39
18.71
-107.33
-40.32
9.36
-23.92
-130.66
-47.12
-35.84
-28.64
40.23
-7.92
55.4
-23.71
17.52
-49.3
47.27
103.6
38.92
54.8
12.99
0.68
48.96
7.6
54.82
-36.48
9.39
11.61
5.44
-155.71
-17.34
5.06
11.46
32.24
18.27
-1.44
-16.62
-3.99
-58.98
74.33
6.03
-2.55
2.66
-30.13
143.1
-7.33
11.75
6.84
-4.58
73.61
65.19
23.82
3.3
-17.17
6.11
-10.46
-1.64
11.37
-8.87
-2.79
-14.25
-2.1
-10.25
-16.02
-13.02
7.85
8.56
-4.2
-49.79
-50.97
9.91
174.06
-7.26
9.35
2.36
26.83
49.94
-47.19
-8.29
-6.13
-21.94
-33.18
-7.02
50.93
6.92
10.92
15.9
87.86
-41.02
38.4
69.69
-16.78
-11.34
-7.61
17.26
2.89
-36.44
6.06
-7.03
34.22
-8.83
-8.22
-48.12
41.73
4.17
1.03
7.78
4.61
-13.54
16.19
48.46
20.72
10.14
-2.22
-35.43
-74.88
57.3
28.67
35.16
3.56
-64.75
-7.66
26.67
-37.39
8.23
5.61
-111.61
10.91
3.32
-6.68
-51.99
-20.28
-11.51
9.8
-21.58
9.74
-0.39
21.91
-27.75
-216.64
-23.69
57.4
2.26
-38.12
61.93
89.99
0.3
30.83
-20.33
3.52
-14.29
17.24
-27.02
-1.41
-4.44
-17.24
46.99
32.79
10.37
66.49
-3
1.38
-34.23
30.73
1.19
-60.09
11.63
-10.49
89.62
0.74
-40.02
45.32
40.79
41.05
2.94
-10.74
66.68
-9.41
32.63
6.76
-14.05
14.41
0.51
-1.79
79.87
4.26
39.31
60.38
96.25
71.91
-24.9
-7.47
-10.07
10.25
8.71
-48.67
-19.9
1.52
1.61
13.31
16.26
30.07
-2.19
1.61
5.23
7.11
-7.3
14.57
30.51
6.22
42.17
3.92
-43.05
8.43
-68.32
5.39
72.54
50.12
69.85
60.2
18.64
46.07
5
-22.49
-2.44
-15.23
-37.3
8.91
-30.45
11.43
4.18
51.92
6.75
-7.78
64.31
1.55
-58.01
-70.21
-54.97
9.89
-47.01
46.29
36.76
-3.41
3.39
65.49
9.75
-47.9
0.98
-1.58
-15.84
-6.27
65.12
38.89
47.11
-71.61
-12.49
-2.56
-106.56
28.19
6.3
