-4.73
77.02
-101.65
34.42
27.5
8.36
9.46
-11.74
6.41
10.14
-24.57
-48.14
41.16
-79.42
-114.04
82.32
32.05
-0.53
18.78
26.68
9.06
-30.36
2.78
14.7
-29.55
-14.19
2.22
90.91
10.94
-1.91
-5.52
-190.45
18.48
-61.11
-7.37
-4.63
-10.68
9.23
-63.95
-146.82
28.84
33.61
19.05
6.53
-10.1
9.92
-20.23
-157.2
18.04
61.8
-12.77
-0.38
93.01
-62.84
-10.22
-1.31
-1.88
34.7
9.22
-7.65
-3
-21.31
-10.66
14.38
50.53
-7.18
-0.7
-8
94.73
7.31
-3.29
9.29
14.82
-43.83
-31.6
70.59
8.89
-47.72
42.96
5.68
81.34
-9.34
4.57
-9.17
-132.98
58.62
-0.72
16.69
-65.35
11.77
5.51
-23.65
11.83
-36.72
-21.92
-10.58
59.39
-11.92
-115.3
-80.27
52.34
-17.19
-12.15
13.17
1.84
-32.08
20.34
-6.54
-5.88
33.18
74.65
-58.33
8.98
-63.45
64.19
-33.66
85.79
18.74
21.24
-13.44
-46.68
24.94
-6.8
-25.84
-0.3
45.08
-55.89
20.58
-3.5
-33.97
-18.2
-105.21
-11.81
67.23
-0.39
-91.88
-64.48
25.55
42.16
-47.25
54.4
18.84
-5.71
-6.2
-1.6
13.96
6.59
20.94
26.35
-5.55
8.56
-15.94
-24
-12.71
10.12
-12.21
-0.88
-16.07
2.18
19.62
-83.57
130.38
-164.1
66.47
-4.12
-69.33
32.53
-0.32
55.91
-21.28
59.72
-2.61
26.45
7.26
11.24
-55.83
12.1
122.36
66.49
-32.32
2.92
10.15
10.47
13.7
-3.27
101.07
-120.8
52.18
-115.54
1.4
-9.61
5.79
32.93
37.08
-2.99
-6.84
-11.91
-32.1
93.16
3.65
124.59
10.59
-27.68
-6.42
-3.58
33.8
24.76
10.65
4.99
-11.86
47.91
84
-2.78
62.94
20.93
0.21
-7.96
-18.41
32.58
15.07
-29.4
14.31
-1.6
3.38
-59.46
-4.47
-34.51
13.37
-5.77
-2.51
-21.5
2.88
-62.06
64.9
-5.2
7.76
3.26
-118.07
148.67
-12.98
-7.35
-7.99
-24.43
75.1
18.23
-53.63
33.53
6.29
-27.48
-119.96
-14.65
-3.4
-70.43
10.63
38.74
101.18
-10.9
1.36
-37.8
8.95
1.99
1.71
-42.87
-33.74
-21.18
-157.45
99.07
-8.36
18.05
-70.03
32.07
99.95
-56.49
-2.44
40.05
-44.22
12.96
0.04
-24.22
6.56
16.41
-195.33
-34.26
-39.6
-25.83
2.76
-8.3
10.2
-67.11
35.04
-47.54
-34.72
28.85
12.36
15.49
-4.7
-54.35
13.34
-9.15
-66.44
28.79
11.87
4.05
-9.34
120.24
-2.37
-12.01
-15.53
18
-62.93
-9.55
22.11
2.32
35.33
42.94
50.78
11.66
21.34
5.9
77.52
12.14
7.69
-5.61
-49.79
2.07
9.97
-2.66
49.22
144.8
-68.15
22.81
9.97
53.49
14.77
26.97
-16.48
18.67
6.16
-37.14
8.2
-6.55
-51.7
31.65
4.21
-14.3
129
49.93
11.44
8.55
-38.2
-11.95
-0.95
-35.43
-9.15
67.87
6.13
2.28
-22.03
100.35
10.37
-5.69
-7.6
8.22
4.19
59.73
-118.49
13
-40.92
0.62
11.28
13.05
-67.2
-13.86
-199.02
40.67
-5.1
43.98
72.87
-4.28
38.11
4.24
1.68
-27.13
-55.04
-4.32
-13.5
-4.13
-8.98
26.76
-133.77
-44.1
-7.65
-124.71
13.98
7.85
12.26
-8.04
-1.53
-66.6
-14.55
-26.61
-6.08
6.82
-122.41
-13.14
20.71
20.85
-2.29
1.91
10.71
-1.83
-142.83
10.83
-6.88
-25.9
-16.47
-125.03
37.29
117.73
8.99
105.04
-9.11
5.56
-5.32
-5.7
18.09
45.29
-39.15
9.45
35.94
6.88
-96.1
-20.06
53.39
0.01
-22.36
14.96
-75.91
-32.42
41.45
-22.21
58.68
49.46
8.47
27.68
-11.06
24.26
0.17
58.73
36.97
79.11
-6.51
17.19
30.5
-45.22
-16.93
-29.59
-11.04
-50.76
22.09
-1.7
-56.13
-10.98
10.28
-68.28
2.21
-85.06
6.72
87.98
-2.45
-7.43
5.89
-13.45
3.01
4.81
-1.94
37.8
45.27
-8.29
-96.8
55.44
97.51
-3.43
-16.66
-12.14
-1
-1.64
-134.9
22.38
10.29
-49.78
-38.7
8.32
19.3
34.52
-59.01
-60.4
-1.88
33.57
3.24
1.64
57.59
65.87
-20.05
-7.98
-1.42
-6.81
-10.5
-4.31
120.34
79.15
4.47
-8.49
-38.85
18.62
-1.29
63.32
25.96
4.8
28.89
-2.51
-4.19
-4.41
-4.23
18.58
13.56
5.31
-27.81
-38.4
-7.07
-62.87
-3.93
16.81
29.13
-28.78
-103.82
58.38
-55.07
51.8
-1.17
3.61
-15.69
10.82
-44.55
-8.22
-19.69
58.04
14.4
-29.8
8
21.09
-0.8
7.5
32.4
-13.03
56.92
-10.04
-2.92
25.42
20.72
-9.26
-0.19
-53.75
23.08
-31.64
-0.91
8.22
25.49
106.06
16.76
-11.45
41.79
-73.35
-66.67
4.93
-36.12
6.61
7.65
7.89
4.71
-30.47
-8.8
15.84
-0.79
3.03
-21.58
-9.93
40.45
2.97
-6.71
-10.77
15.81
10.6
-56.75
-70.15
-8.32
54.32
56.37
7.55
-2.92
-25.38
64.02
17.54
12.69
14.54
-34.58
50.62
11.95
13.46
10.96
-187.39
-5.51
34.98
49.24
-42.15
-12.46
-7.24
18.83
56.2
12.59
39.77
31.84
-4.15
0.79
6.62
29.93
-0.47
0.59
-26.98
17.68
105.82
-22.82
113.16
6.28
56.47
-6.25
-23.37
32.16
-18.2
-52.85
71.16
-4.77
8.02
-12.86
31.9
14.84
23.77
-12.7
-4.79
0.61
13.94
31.49
12.13
78.17
2.41
21.05
-11.61
-37.99
-7.07
-86.51
101.49
-31.83
-156.04
40.33
9.44
21.54
-3
61.29
10.63
2.95
60.75
-31.81
-88.88
-2.49
17.4
-8.85
-110.74
10.95
-73.96
-29.2
-103.81
9.7
-10.65
3.61
1.48
-6.93
-34.33
51.15
-9.53
-52.44
-13.02
-63.19
48.66
16.47
10.76
-57.02
5
16.55
161.95
-137.88
6.79
5.29
2.13
20.5
33.14
10.94
-119.21
-10.19
-7.74
-13.58
32.93
38.22
46.7
46.33
-43.69
68.92
23
5.72
-12.69
14.47
-4.08
2.15
-45.31
3.75
-4.79
12.46
85.15
17.95
-103.99
-20.93
34.25
-19.1
-94.19
7.98
-16.16
-1.21
9.28
-3.52
-4.52
-37.55
12.13
31.14
4.72
5.62
-5.48
10.86
60.02
-152.8
-1.03
29.25
-37.25
-9.86
-12.72
5.42
12.82
0.58
5.97
101.8
0.73
-80.41
-26.63
12.36
-3.55
56.45
8.98
-43.42
-3.63
0.36
8.72
-41.43
-101.65
-20.74
-69.49
3.92
31.51
36.85
6.94
-74.4
-144.18
-10.92
25.5
-6.49
-8.01
181.2
4.8
7.47
4.07
89.97
38.33
-0.03
31.27
-20.26
23.76
72.91
-3.4
-3.68
-6.08
6.83
-8.46
11.6
3.34
18.41
23.1
-37.79
75.28
-8.09
-143.04
-0.71
23.96
-11.89
-10.69
37.26
11.72
-3.82
-13
-34.7
4.03
-121.38
-60.79
-93.5
5.97
-11.29
36.69
4.93
15.11
68.17
1.07
19.11
43.27
141.11
40.76
-117.68
-4.65
-5.32
28.61
-10.23
-4.07
-4.01
39.92
-170.12
-98.53
-20.01
-29.15
-5.55
8.58
-109.36
37.42
-13.88
90.78
-12.51
120.89
5.7
-1.09
11.99
-32.19
86.78
-8.54
7.43
-78.02
150.48
-6.95
-12.04
55.09
2.22
-77.38
-13.93
1.68
-41.42
12.13
-35.52
11.91
-19.16
85.95
2.54
-15.88
40.29
-3.92
56.61
31.49
-16.15
-1.26
-9.44
-11.4
56.44
52.59
15.25
96.28
5.24
24.79
71.8
-16.71
-35.23
-59.97
-6.53
44.9
-42.84
2.84
6.04
6.36
-13.8
-45.82
17.61
39.37
-84.22
9.54
-90.04
33.73
0.51
7.04
5.81
-8.34
24.63
5.97
-8.24
-94.97
7.24
3.34
6.28
14.34
-29.61
8.69
55.51
107.84
6.93
36.79
2.76
34.08
50.29
-23.13
-50.79
8.46
34.77
-30.61
39.54
36.34
-76.37
11.4
-2.18
11.67
-0.5
159.2
3.82
5.76
-34.85
1.85
-41.66
6.76
-48.34
-10.61
-13.42
35.87
27.71
122.12
49.19
10.51
-2.19
-75.63
-43.32
-39.39
-10.91
45.54
-29.8
-23.99
-0.62
17.24
52.45
8.18
16.65
-25.09
-19.04
-42.29
10.49
-1.99
-40.97
-7.47
7.41
-39.67
-36.06
-5.13
0.75
-3.11
3.03
-3.71
-194.11
3.7
4.35
-87.93
6.53
33.77
-35.68
12.01
-5.23
4.67
-3.88
10.12
-1.27
-16.95
10.02
34.82
7.02
-128.57
-3.36
13.34
-4.73
-9.26
-11.05
-8.45
9.25
-1.59
42.9
9.9
0.8
17.63
-7.33
-27.95
-61.77
-47.56
-30.59
33.66
14.36
91.1
-105.05
-23.13
-24.09
