10.54
-19.04
54.53
8.12
-4.9
-8.47
-13.91
58.5
-19.95
69.09
78.26
-71.16
-6.52
-56.96
-11.15
28.19
-7.22
-3.63
20.65
-9.75
-3
-1.96
-5.5
-5.06
-16.74
11.53
10.22
3.94
58.59
-127.65
-5.05
-0.22
74.1
-31.29
5.85
-103.47
-43.35
-14.45
-1.6
-23.26
82.55
-10.92
-7.53
148.04
60.44
-116.49
4.06
42.66
173.25
22.85
-85.82
-79.33
-95.13
-24.22
-8.68
81.02
20.51
-126.54
2.97
61.46
4.73
-145
34.78
1.6
-58.77
3.14
-42.15
42.59
113.5
20.01
-9.06
10.45
-54.78
-80.75
26.52
87.2
-11.3
-11.43
101.71
-29.31
-21.82
-12.36
46.19
45.86
-28.64
21.56
-8.49
-51.14
1.27
2.09
12.28
-0.39
-61.37
66.06
-77.73
-6.48
150.28
5.65
0.35
4.23
13.31
-11.45
61.21
95.29
83.32
-16.28
1.24
-37.13
0.36
-52.46
-8.41
11.78
-13.03
209.32
-25.88
0.69
-2.5
-4.09
6.06
21.34
-0.44
-90.52
7.29
68.74
-35.74
0.16
34.64
-18.1
-12.05
-1.99
-48.13
-54.65
19.79
64.15
46.65
-8.46
55.6
-41.41
-36.19
-6.39
19.86
6.41
-7.88
4.97
2.42
-10.36
-44.18
-7.1
23.86
40.59
7.78
-1.76
51.22
7.59
-1.32
98.65
-14.16
-7.03
-31.5
-58.92
-41.63
20.63
76.14
6.94
0.26
-195.46
42.57
-51.07
-44.66
5.87
26.95
-12.45
-143.4
-35.5
-59.74
-17.88
27.65
-0.82
-11.94
13.16
62.73
2.94
40.25
5.38
32.17
-36.11
2.51
-3.79
12.55
-29.2
-5.42
71.72
-10.83
-12.98
9.56
36.84
-10.98
-18.08
-4.44
-110.31
-37.67
-4.69
135.74
-36.11
18.15
1.21
-8.21
-0.78
7.64
14.95
1.78
-8.66
-76.02
43.27
-19.32
113.69
5.84
-82.49
34.11
-4.42
-31.95
-1.62
5.12
58.23
37.94
11.28
4.54
24.94
-1.82
-15.39
60.15
-318.65
162.78
-7.62
-110.19
1.42
-9.36
-29.5
-23.37
-142.53
7.58
71.58
-11.98
-20.95
20.98
-6.52
-7.24
12.74
0.29
-4.18
1.47
73.25
-220.22
-41.75
-14.04
-39.41
10.68
0.86
6.11
24.85
-10.06
-4.58
-3.36
-23
65.81
8.5
-42.49
-2.85
-50.9
9.82
9.88
71.21
-9.68
40.22
4.25
-45.86
4.35
10.96
-67.19
12.42
13.33
-2.32
-27.87
-18.79
19.69
40.88
-6.29
1.22
-102.77
-61.86
58.26
-81.65
-67.83
-10.32
15.15
-2.9
41.62
9.39
7.34
-16.45
2.29
-6.45
8.81
1.31
77.17
124.65
12.48
-8.7
9.16
7.03
54.14
-0.78
-21.42
-90.34
1.52
1.95
13.78
-56.87
-19.57
-60.74
-119.44
-40.47
39.24
28.32
-31.07
6.15
3.95
11.1
-17.95
1.11
-16.32
4.03
27
63.68
11.31
2.96
-33.41
61.95
139.24
-6.27
7.28
-3.44
12.46
49.99
58.12
-3.98
2.78
9.71
19.54
124.96
-3.04
-3.7
-8.83
-24.89
-17.2
-12.87
-33.77
-56.18
13.29
10.28
12.52
40.62
2.47
6.01
48.21
-23.52
0.55
5.18
-71.29
-15.51
1.99
-28.24
-2.31
2.18
3.45
-11.44
-29.69
12.76
-3.91
72.18
-4.24
-14.81
4.35
43.14
-230.45
53.96
-20.54
67.71
19.63
44.99
-10.75
-42.31
1.37
-10.47
-92.16
-45.79
63.19
4.43
51.43
-11.48
-35.63
99.68
-14.97
94.56
10.26
105.91
20.7
105.96
-17.73
60.27
9.5
13.89
10.19
22.1
3.97
12.27
16.33
-3.6
-10.36
-3.86
3.22
-34.58
-9.6
-6.13
-41.32
-7.05
39.61
20.45
-11.05
-6.71
81.87
-100.66
-35.86
-20.75
8.21
-1.29
15.96
13.28
22.11
-106.83
16.88
29.54
3.83
71.48
-98.2
-9.47
27.44
8.1
24.23
0.19
20.04
5.56
74.76
-4.85
-136.93
16.63
16.56
-29.75
9.75
-23.54
-16.09
-8.23
-136.93
-56.95
-23.31
-86.58
-98.2
-4.52
46.67
-59.08
-2.36
-88.13
56.73
80.34
10.65
10.26
-30.16
283.69
5.92
-21.82
-67.12
-27.87
-181.79
20.99
-8.58
209.59
32.6
11.6
4.35
0.25
-47.18
-4.6
-25.82
15.79
16.6
-1.49
8.96
19.56
-12.12
-19.17
-15.63
-10.06
24.44
-3.61
-5.93
-2.28
5.23
-15.06
64.2
-54.88
35.36
-35.47
-10.7
14.62
2.67
34.71
-1.05
-25.77
7.19
-3.51
50.99
-42.36
6.69
63.18
-79.27
18.51
80.95
-120.01
3.06
2.96
-6.97
-86.22
-58.12
-47.26
4.33
11.04
-0.3
-21.38
5.8
25.82
31.52
0.87
80.27
-8.59
9.32
-16.57
1.25
40.09
-166.9
-26.11
118.55
-31.81
-7.56
-2.13
-6.11
-51.84
-26.15
69.17
-5.37
-4.35
56.47
57.65
16.65
13.64
-8.31
-3.27
-9.31
-39.79
19.85
14.14
-21.97
-146.89
6.22
4.5
7.29
-9.6
125.98
-40.88
-8.13
1.37
11.28
22.66
44.53
53.34
0.59
-248.62
-2.38
-40.61
26.36
-2.78
37.55
100.58
72.03
31.75
-58.91
-1.2
-21.23
32.4
8.57
-23.4
-22.1
-4.98
10.3
2.21
-3.37
-52.73
5.69
29.61
-18.51
-9.56
1.81
40.12
-11.89
24.61
5.71
38.51
-14.71
5.04
-0.53
-35.7
91.8
4.13
110.38
44.49
-1.69
16.59
-84.41
-4.73
56.23
-11.9
-18.4
-4.3
-11.75
14.25
18.03
-78.04
81.28
-88.37
48.23
-2.28
-7.47
7.47
11.05
7.11
-6.61
92.58
13.07
-10.38
-162.93
-17.47
-74
-62.97
-10.42
4.36
6.86
-6.17
-42.01
-26.34
-44.62
12.39
-6.85
20.87
96.69
-1.91
35.84
-7.69
-21.02
12.11
51.09
-150.18
15.21
6.02
-9.86
0.27
8.77
-14.84
-17.04
-4.9
-2.27
-8.67
57.38
-6.06
41.35
-107.98
8.91
-106.79
-23.89
-12.05
-43.16
52.85
20.29
-32.39
-5.55
-3.48
41.62
10.12
101.73
-35.49
52.38
4.61
-8.21
-11.05
74.2
-6
-12.76
57.84
-15.42
7.92
9.47
50.82
-6.43
-38.63
-10.19
-184.52
-24.71
14.34
-21.76
-92.68
10.28
12.52
-10.15
-5.38
6.54
39.82
-30.89
18.05
76.96
41.64
106.2
0.44
45.72
-80.61
3.45
142.33
15.94
14.02
84.73
11.71
23.69
36.47
-112.63
16.32
9.36
6.14
-70.59
-9.5
-2.51
-6.43
7.25
54.28
-11.54
-8.72
10.66
-5.01
-10.09
-18.39
-7.89
-112.09
-181.35
80.19
11.17
-64.9
-4.17
-10.33
22.38
-1.47
42.01
28.86
-9.12
-7.45
23.81
9.31
-43.63
-2.87
-38.22
-7.47
-11.15
-7.56
-5.63
55.39
-12.99
25.21
-30.64
-32.08
11.73
112.5
13.88
27.88
6.47
-4.97
-380.93
30.07
-10.69
-9.89
-12.02
-5.84
-3.21
40.58
20.63
43.74
24.5
-7.55
-3.49
6
9.53
-11.81
22.45
-38.79
-9.59
45.94
-23.48
-3.63
-73.25
-11.94
-41.3
-18.6
27.02
25.75
-15.01
-22.36
55.54
57.36
33.06
2.54
7.11
47.94
13.18
4.59
12.66
175.56
30.49
-19.79
42.37
-10.74
-11.07
-141.54
55.95
2.41
24.87
-8.56
0.14
34.13
-152.69
12.77
63.22
-10.4
14.31
2.66
22.56
13.93
-22.68
-4.44
1.87
8.03
-6.61
-14.44
-11.74
0.99
-14.01
60.22
-25.76
-5.92
0.26
30.43
-0.1
10.32
-12.41
-13.09
-28.4
12.73
11.14
54.6
40.85
-70.03
6.33
13.83
-18.42
-4.46
9.47
23.43
2.73
0.92
-66.39
-53.4
24.94
74.28
24.43
-2.87
-31.05
7.77
28.2
-65.28
-9.55
50.08
-107.66
1.78
-48.03
-9.7
-3.7
28.56
3.08
-143.49
-6.07
79.61
5.59
86.89
-9.41
13.34
19.43
-3.48
11.99
22.31
8.07
-10.2
14.83
-47.39
55.25
-25.3
26.55
-11.59
91.73
30.16
-15.9
39.53
1.99
8.43
10.56
110.62
7.71
14.27
-2.03
-26.7
-51.25
-59.26
17.31
-38.34
-5.5
8.64
32.27
-32.61
-9.52
24.95
2.59
13.47
-75.67
11.35
3.64
1.25
-8.28
-8.55
-8.97
12.37
9.68
31.02
-12.12
7.53
-16.12
58.73
141.05
41.02
23.13
-2.68
1.13
78.08
102.92
-4.36
3.81
29.07
21.76
-4.33
-3.06
4.6
-102.77
14.02
90.19
34.17
-21.29
-7.01
4.01
9.88
-11.93
1.39
26.28
31.53
6.54
84.29
-1.26
16.83
-4.32
-112.52
-9.4
8.76
70.9
-24.3
-48.99
10.41
15.15
-16.71
-13.28
-6.29
-10.14
25.35
47.82
-10.01
0.18
0.04
-28.64
0.2
83.17
-9.13
-18.61
-35.01
-9.35
-9.17
-4.47
8.76
154.5
0.68
-61.85
-9.35
161.11
4.74
-39.22
-287.18
