2.31
8.94
-0.09
-12.61
0.07
-14.92
3.49
37.19
-42.44
39.02
-94.96
-18.9
-63.69
-35.7
4.92
0.89
36.13
33.27
-111.11
-120.89
11.72
25.2
-9.53
-1.4
46.49
92.36
3.26
-7.47
-94.57
-56.41
-3.59
-4.89
-19.93
-1.4
9.84
73.67
-9.03
-8.87
-32.08
-3.36
-10.8
-2.48
4.85
1.15
-69.81
26.48
-6.92
137.82
-4.98
-92.98
12.77
49.16
2.81
1.22
-64.49
6.32
7.42
19.03
3.59
-10.66
70.89
-12.66
18.2
-11.95
41.17
-81.44
119.99
-8.94
-12.63
83.82
29.73
-0.51
5.65
-4.27
9.29
2.8
-10.4
-4.07
-11.98
36.35
-10.63
10.49
16.73
13.07
112.5
-47.81
-35.63
30.34
-11.01
-51.57
-7.82
-6.76
28.96
-89.62
-1.08
15.62
-9.06
8.05
-4.84
-8.72
0.96
5.34
68.91
238.66
-7.11
-58.88
18.32
20.42
-10.28
3.75
4.1
3.16
-60.36
74.13
62.43
-83.29
-18.49
6.1
-27.36
40.44
-38.07
-10.93
-33.62
3.87
2.23
8.89
-4.05
-5.49
-13.33
-5.01
44.81
3.76
21.44
0.84
7.5
3.02
-11.99
48.58
33.92
-9.59
-24.38
5.25
-2.3
52.41
11.11
-20.89
-8.03
4.54
22.04
26.62
2.68
35.39
80.57
21.41
-96.74
15.05
4.97
19.95
-0.13
-13.91
-2.14
-90.9
10.87
-48.99
-50.37
20.51
-15.73
-116.38
28.92
60.09
-7.81
-42.94
-142.37
-6.91
193.08
-7.1
-14.85
-17.59
7.31
79.2
-28.12
3.19
47.13
-24.36
-2.3
-4.89
14.21
-203.03
7.18
1.48
3.67
-1.35
6.46
-39.1
70.39
114.78
-33.46
6.48
96.01
6.68
12.45
6.68
-106.11
8
19.27
9.73
-86.31
43.93
3.35
2
6.83
-196.55
6.47
66.95
-2.54
2.63
-4.75
32.26
24.7
-47.3
-29.96
59.35
41.87
-21.14
14.36
-8.08
-5.8
-20.26
-15.22
-15.79
89.11
-83.91
-41.27
-36.72
5.62
9
77.42
-10.84
3.54
-5.11
28.79
6.33
-46.18
-14.04
-2.05
9.55
0.45
-0.8
13.95
-33.29
26.48
20.05
9
11.68
-17.8
-155.68
-7.79
1.79
2.24
4.6
-85.85
46.07
-211.85
5.07
36.91
51.53
14.29
35.06
-7.05
12.38
-7.7
-8.88
-22.28
13.17
-9.4
10.63
-8.18
-60.92
10.13
3.47
16.57
-2.31
12.02
-39.14
-82.79
70.01
-8.37
7.94
39.33
-4.2
0.59
45.31
-13.55
-14.85
0.64
27.39
135.25
-35.04
-82.68
5.86
-25.96
0.04
30.7
-34.34
-8.6
-83.19
-12.04
-7.13
-81.42
12.93
76.96
2.61
-78.58
-7.93
-6.9
-65.59
-83.67
7.93
3
-22.26
-48.38
13.18
26.12
19.05
3.89
-7.56
-7.45
69.06
9.08
-24.26
-44.87
-11.51
3.14
-15.54
-7.4
-49.27
0.37
37.89
-8.23
-183.11
13.5
5.72
-137.3
52.66
3.39
-4.74
-25.39
-6.17
-56.2
57.99
48.83
-17.93
-207.28
-106.78
-55.92
94.45
7.88
-34.63
-4.45
15.21
33.54
38.4
4.08
-10.77
38.14
14.23
-12.56
5.3
-54.62
-43.42
-5.28
0.99
-42.11
17.94
-70.31
0.51
32.75
-1.1
4.27
-126.57
-16.04
-5.31
23.87
-61.84
2.68
6.27
-9.94
-90.83
-81.21
-10.55
74.31
69.59
42.66
50.64
-13.15
-10.67
-19.88
-0.83
74.83
4.24
-8.84
37.97
-31.6
53.88
122.46
56.66
-2.29
6.66
-131.8
-20.57
74.76
5.25
1.65
58.94
10.97
-13.58
146.77
46.71
13.09
-9.05
-8.21
14.17
69.37
80.44
18.98
10.21
6.87
-9.87
-11.36
-33.25
-10.32
8.82
4.24
-14.63
79.84
-12.49
-43.52
3.53
-20.8
11.97
-1.54
40.43
-11.05
-11.34
13.79
-57.93
-6.6
-34.82
-1.71
-5.07
20.17
19.98
-56.98
13.09
-6.8
-60.71
5.43
-45.03
11.3
46.77
28.17
-18.88
-25.41
108.57
66.83
-56.2
-1.18
-1.97
-104.59
15.65
-31.72
-0.37
-10.42
-6.17
-7.37
-7.42
-6.62
-2.23
67.17
32.57
-10.43
30.35
-3.1
-55.31
-2.89
124.98
-26.52
32.89
-67.23
-12.35
-44.89
-5.74
15.76
5.1
-19.66
-3.69
29.88
11.93
-12.64
5.05
40.85
-3.14
11.16
-15.93
-8.9
28.62
21.77
-9.4
-8.12
-9.83
-5.13
2.39
-142.39
-81.67
-1.51
33.82
-66.94
11.07
-61.76
-40.28
11.55
-79.39
14.03
-21.64
-2.57
70.43
37.4
-43.33
35.59
-177.21
-9
1
-26.53
-3.51
130.87
-23.06
-0.06
4.93
-113
-79.87
-0.64
-15.38
-94.19
-4.25
-114.44
-0.01
0.59
7.72
-16.47
-34.42
1.19
7.23
-149.39
33.51
12.92
6.19
-76.42
9.21
23.11
-12.51
83.39
-9.32
30.65
-113.08
8.67
5.42
-2.87
4.22
34.76
17.84
34.02
-14.64
-3.25
-8.15
-8.24
-8.84
-10.01
-114.33
7.25
-57.13
-2.39
2.68
66.44
52.54
-13.2
12.69
13.28
108.73
10.29
-5.46
-34.87
1.88
6.24
3.18
-21.01
-5.4
-15.18
-27.78
-15.95
39.2
-110.53
-14
-10.24
-6.47
107.44
44.81
-9.23
111.32
11.68
2.79
9.53
4.43
-13.85
4.82
1.98
-9.7
-8.76
12.38
-39.25
14.2
-11.65
-0.56
-5.42
15.84
30.02
10.79
10.31
-8.83
23.75
28.68
4.04
-81.89
7.61
-8.64
-11.89
-46.96
-210.21
14.43
87.38
35.49
5.67
-12.13
54.69
14.27
-18.8
-10.37
-11.14
8.31
46.7
-9.38
20.77
-11.15
-2.66
-17.34
-42.64
8.26
-10.67
51.92
-9.1
52.45
-8.05
0.98
-8.05
6.18
36.83
37.15
-62.68
38.43
18.34
21.66
5.71
0
-7.91
36.29
-8.92
-51.77
49.26
-74.2
-17.95
43.65
1.75
4.92
9.8
22.74
27.33
-34.82
37.45
7.02
-34.46
9.89
23.05
-2.25
-36.31
-17.27
65.11
-27.66
26.22
-24.88
-32.05
-0.59
141.71
7.17
-31.7
8.37
-11.8
64.62
36.56
48.47
98.35
-9.78
46.6
25.49
-6.38
8.27
12.98
-97.17
-8.41
-95.49
-14.18
10.53
-50.89
14.18
1.03
33.25
-4.73
75.03
40.34
-110.15
-8.32
-5.48
9.93
-8.47
3.59
-140.45
-49.48
11.45
-23.15
-25.02
-88.78
-24.81
-6.98
7.57
80.94
-88.97
14.73
-31.04
82.29
-45.32
10.1
-2.56
104.47
-3.2
26.32
9.13
-18.48
16.01
-214.59
-5.03
21.44
86.85
-52.08
-72.12
14.67
-8.22
25.09
-21.83
-90.42
-1.57
10.78
8.5
27.35
-2.45
-97.52
-15.85
10.22
-34.26
-11.75
36.75
37.79
-21.56
5.54
90.79
83.28
27.75
14.89
-113.65
-8.21
13.38
-6.05
-45.41
145.59
-23.09
-10.94
-40.18
0.38
26.31
73.15
-13.89
8.7
-5.05
27.99
-54.54
-8.29
33.13
8.93
-3.74
14.02
64.89
27.93
14.77
-0.37
116.34
12.11
-1.74
62.08
10.47
61.48
-80.42
-5.6
25.15
11.57
-8.99
10.78
13.13
-34.19
-24.84
-6.96
98.21
-10.66
58.93
51.34
-17.62
46.47
-24.04
-46.73
-64.56
-7.54
-121.31
8.15
3.93
30.46
-18.92
-22.2
-24.58
-30.22
52.9
-7.06
52.36
84.28
-9.3
-6.74
13.92
37.41
2.24
-4.01
-5.24
77.62
-2.49
-41.54
-4.72
-7.11
7.98
-77.28
7.95
-14.98
-44.08
-133.36
96.34
6.69
-16.45
-8.9
-67.7
13.49
4.28
0.98
6.4
8.7
212.63
3.39
-4.51
-4.24
-60.95
30.45
57.59
10.1
4.66
10.78
2.47
11.03
-21.9
1.38
-32.1
-9.41
44.05
8.51
-12.31
5
7.74
-0.58
22.41
0.95
-4.41
18.06
58.68
3.39
-6.49
-7.03
54.62
-7.69
-9
3.25
198.95
6.55
-4.6
-14.02
51.16
22.25
10.07
-2.48
-82.41
-8.02
-12.92
110.48
76.98
125.8
4.64
71.74
-6.64
7.63
-7.81
12.79
-10.85
6.44
19.42
9.65
-21.4
45.42
21.14
11.18
-106.54
16.59
-103.27
48.18
4.67
-7.34
8.7
8.55
-19.3
-18.94
-12.19
-27.73
2.97
-71.77
-2.97
-13.88
54.36
14.23
3.15
-5.4
45.34
-53.72
-117.23
46.31
109.27
6.13
-31.58
14.43
-110.13
-72.91
-8.95
2.83
-27.97
-65.42
41.87
-62.64
-82.12
20.71
9.82
21.61
17.36
-17.74
-1.24
-27.48
0.49
5.43
32.9
27.38
48.4
58.31
-4.31
11.1
-59.67
10.96
-18.29
-111.7
-49.75
-1.73
34.63
1.57
11.18
-1.74
95.62
18.47
58.54
21.52
3.98
0.62
-148.61
32.86
-10.92
-4.62
112.2
61.72
-243.29
10.65
-2.51
-62.64
17
24.6
-11.3
-11.97
8.43
-218.48
-28.11
