-49.75
28.45
-26.69
-41.43
-0.32
14.53
1.76
6.18
-99.05
9.45
-1.18
51.88
-2.67
-17.82
9.78
10.46
4.08
-31.72
25.24
0.75
-7.19
40.92
-53.63
-6.04
-3.84
76.1
8.07
52.97
3.86
52.67
-17.05
-8.61
1
3.67
-4.16
1.58
2.84
-35.89
-14.81
-52.13
-5.59
54.01
-14.74
3.9
5.71
20.62
-9.91
-64.54
-45.25
27.66
-8.61
-57.27
0.79
12.62
11.06
53.07
-5.57
-119.37
-5.06
19.67
43.25
-168.9
-122.16
16.71
13.24
-19.24
-76.77
-4.36
53.99
4.77
17.07
25.38
95.35
18.44
74.34
-14.89
-30.81
26.72
87.1
9.39
-6.84
47.2
141.5
53.72
2.31
-57.73
-5.68
25.24
30.05
4.51
45.06
-0.04
74.75
-16.77
3.54
48.94
10.97
-9.26
-48.88
8.93
78.13
-1.65
128.75
29.02
141.75
-5.23
7.64
20.68
-112.32
2.23
-18.08
22.02
-84.59
6.94
-6.93
22.55
16.82
-4.45
-34.03
22.01
-2.23
30.84
281.54
-1.9
-6.22
3.91
5.53
88.93
55.51
79.36
-39.26
-14.25
-95.5
-1.4
46.49
-0.87
-11.07
33.74
6.88
-15.72
60.85
-2.4
22.01
7.03
-0.33
43.76
-3.96
55.08
2.32
-2.87
-1.2
38.92
-78.92
47.65
-47.26
-5.78
90.4
-7.22
9.52
2.26
-35.38
-12.62
97.68
12.34
2.84
52.75
-121.81
9.62
25.97
36.29
80.4
68.37
35.8
-9.19
2.04
13.14
-1.82
0.04
3.46
10.71
-18.44
-1.4
40.61
4.69
7.27
2.92
-66.89
158.62
-0.76
11.01
64.45
6.9
37.87
37.47
2.69
-26.84
3.98
-251.97
-12.4
2.39
-0.87
7.42
-149.26
-8.74
-6.78
4.57
32.02
31.42
45.57
12.26
-19.27
-6.8
5.69
-31.55
10.34
12.5
-22.38
45.31
0.91
24.61
-159.88
1.35
12.63
49.25
41.15
-14.34
70.95
-21.82
109.21
29.51
-61.71
7.13
20.2
22.72
114.2
-12.81
30.15
39.18
-1.28
-39.54
8.02
-8.58
45.83
-9.08
29.23
-11.23
-25.82
-74.49
-0.72
72.36
10.92
-63.86
52.4
-10.13
5.2
-96.1
-6.53
-69.7
-96.35
-5.76
16.26
-12.31
9.36
23.39
3.64
93.39
14.88
-8.09
16.23
-55.64
-96.11
-0.41
-22.16
8.65
5.14
-17.92
-101.87
-1.07
-3.14
15.2
-130.61
1.95
-2.13
-96.13
-142.43
11.98
-8.05
-5.96
-11.44
60.67
-177.32
122.11
-3.23
10.69
-36.13
-72.47
7.86
-91.44
-9.51
10.98
29.81
-3.34
-39.47
8.98
2.51
-14.9
0.24
41.91
-67.56
-15.03
-35.39
7.37
-48.46
14.25
-1.82
-11.21
152.29
38.02
18.43
-45.12
10.03
-5.99
7.64
5.93
11.97
2.34
4.46
-7.45
8.46
14.44
-7.42
-8.21
8.28
33.29
6.02
-6.96
2.24
-24.78
5.87
-91.14
-82.72
-4.46
18.15
5.52
-11.46
147.19
-11.45
7.01
-0.19
89.21
-50.13
5.81
-6.94
-8.38
66.26
-5.28
-21.75
17.3
-15.03
75.87
19.14
-136.32
-8.83
-44.23
-22.94
18.21
45.77
53.1
13.13
-5.36
24
-90.39
3.83
-75.85
18.6
17.22
-73.51
0.67
21.12
-0.24
15.25
11.17
-10.51
-68.84
91.62
66.69
-5.31
25.06
-95.44
-8.67
62.19
-111.14
88.51
-12.4
-54.53
11.01
-39.61
14.05
30.67
18.42
19.97
8.53
-0.41
55.59
33
-14
25.49
42.26
43.48
-5.31
-19.44
-3.04
-51.24
-36.66
-165.16
9.63
265.34
-3.71
-100.74
-11.26
-16.23
34.94
-40.52
14.9
107.4
-3.89
5.12
-132.51
93.64
-44.59
10.31
0.95
-12.31
7.71
78.43
11.63
35
-9.13
-11.27
9.07
10.27
42.73
-5.16
19.85
-69.01
-8.87
3.1
86.43
-21.8
19.11
1.34
12.68
-6.38
10.54
5.72
-61.59
84.06
-2.31
-67.98
6.54
-17.4
-23.08
39.27
3.15
71.93
27.4
-23.16
6.71
28.92
-50.08
-7.13
-302.43
-17.07
-9.77
6.69
11.44
109.23
28.31
49.68
38.71
144.97
-103.68
20.82
68.77
-49.97
5.42
0.75
-59
23.64
-112.49
-2.38
-2.52
3.06
-6.23
11.75
-7.26
19.63
-8.11
7.76
-15.04
-2.25
3
-157.69
44.61
-4.85
-8.76
36.76
4.13
88.04
97.14
9.18
-7.29
-25.19
21.78
28.21
34.67
36.84
33.13
7.49
24.16
-15.63
4.3
96.65
4.24
1.27
-44.2
51.45
8.8
-68.09
29.36
-106.58
4.75
48.21
21
27.25
-51.18
-7.91
59.89
-53.98
-8.1
29.7
-51.5
6.79
51.58
-10.77
23.42
2.96
13.08
-47.52
-4.3
-8.42
14.72
-5.17
14.35
-9.99
-47.03
12.75
69.86
-9.05
12.63
37.84
-42.41
-30.02
21.92
34.97
-80.04
18.39
6.75
-21.1
19.11
-3.55
-13.97
8.74
12.88
-51.74
79.9
-7.53
97.33
-42.04
12.55
20.16
-12.58
-3.12
-3.44
-14.29
-6.83
-135.49
-61.5
6.37
-175.01
-28.52
-12.11
-99.55
-20.39
-55.95
-139.28
6.6
-41.08
12.66
6.9
-57.54
-12.33
-6.85
-24.79
-11.74
-149.83
2.93
64.83
-22.62
-2.6
-71.15
-7.13
7.52
4.01
-7.87
-51.13
21.57
-41.13
-46.45
2.43
-21.76
-6.33
59.86
24.24
-13.21
13.13
-8.35
-8.13
22.72
-0.58
6.2
28.04
-27.45
-8.5
-83.67
-41.75
40.28
7.82
-113.44
6.05
-4.69
0.57
-68.97
4.54
80.93
-4.9
1.14
17.99
41.49
5.36
3.48
-10.86
43.01
99.08
-5.08
-5.88
-21.12
17.29
60.22
-18.58
41.95
16.06
49.03
41.37
-30.4
-5.16
-100.41
-0.88
-13.28
71.02
-8.91
0.34
-48.98
-43.86
19.26
-16.81
-8.61
50.2
-5.84
7.72
3
61.3
-27.29
-63.79
14.51
19.54
20.59
12.07
2.34
17.69
-8.75
15.71
6.44
80.7
5.5
25.97
18.47
-12.83
-7.63
4.91
-0.66
-38.57
-142.86
-2.48
-3.18
-88.87
-10.43
13.64
-59.39
82.35
-6.24
-40.56
77.87
-114.62
24.81
16.75
-4.87
10.69
11.72
2.24
-144.45
-10.73
-61.32
-7.14
67.84
11.03
-37.98
24.58
-0.52
-145.65
-0.31
-8.78
1.29
64.69
30.54
99.2
55.97
56.45
-1.24
6.48
-36.27
-10.85
6.9
-9.87
-7.8
-39.25
-7.8
139.6
-6.07
1.47
2.52
20.16
29.7
-51.98
-10.77
47.68
26.26
18.98
-4.59
2.98
-74.85
112.58
39.87
-14.1
100.37
-29.25
-100.82
0.92
4.8
-106.96
-45.25
0.62
5.28
70.86
-2.67
41.07
-176.78
-3.9
27.54
27.55
35.17
25.34
0.68
36.06
12.07
57.3
57.36
-54.17
-5.3
-121.2
73.17
14.99
10.27
-252.87
-99.55
3.98
17.39
-4.89
-6.77
29.66
-21.79
4.72
17.43
-27.78
1.61
15.65
-61.36
-83.34
-13.34
9.51
39.06
10.19
3.81
86.59
-17.42
-6.96
-35.61
-14.31
-2.38
-14.37
63.52
-6.95
-7.2
-8.58
-10.02
-28.44
-0.56
-18.03
-31.39
19.6
88.45
11.5
17.37
87.67
-20.49
-9.69
25.62
1.66
69.4
88.39
-26.09
0.46
-5.07
-66.77
12.45
15.81
-6.6
-13.38
-88.73
-43.64
33.25
16.46
-62.55
-0.35
-96.6
40.26
3.32
13.09
-14.24
-17.84
-3.13
-35.45
-46.67
10.9
-3.29
-10.88
26.88
0.79
-6.29
-10.93
-5.68
5.27
-56.44
10.61
83.54
-10.37
10.54
97.14
63.3
46.75
84.91
-11.61
62.75
24.4
5.96
5.44
8.84
-14.86
68.75
78.68
-8.85
18.9
5.37
-246.36
1.63
-15.53
-18.62
26.34
-8.47
30.08
-12.15
10.74
-16.46
-12.61
11.19
5.34
46.12
16.06
-51.17
-14.13
1.1
-12.61
-11.58
7.06
13.01
-106.49
-2.07
-4.48
-74.75
-10.95
27.59
15.24
5.04
-4.26
32.95
-15.98
24.84
2.09
3.87
88.56
1.89
-1.88
-20.48
13.03
-38.02
2.16
31.18
-5.65
71.89
47.01
18.35
56.8
3.67
-43.04
0.56
9.03
-2.75
94.59
-12.32
9.59
4.2
-86.6
13.68
9.23
-3.58
11.03
1.23
83.08
-10.67
20.58
8.95
143.12
2.08
-10.8
-10.99
21.09
36.56
177.88
-45.61
1.48
24.66
-3.46
-0.22
-9.81
31.91
-97.18
-1.69
-2.04
-6.05
6.34
-2
3.89
8.59
-42.57
3.08
-22.61
6.49
32.74
-13.09
62.47
-32
-58.48
-7.33
29.71
-19.27
-10.56
-10.14
-8.77
85.46
9.28
39.12
-2.98
-19.29
88.81
11.17
6.2
83.05
29.77
-11.74
33.85
-2.3
56.45
-7.09
3.34
18.97
-5.02
41.21
92.84
-101.6
-73.8
17.28
-1.28
44.44
4.13
