22.55
-16.99
-8.28
-0.47
-19.47
0.61
-62.77
-170.77
23.15
134.16
5.2
-7.63
4.25
13.99
2.62
-8.84
-78.28
0.59
-27.43
294.4
27.63
-8.7
1.94
56.29
12.26
-0.48
-11.68
-50.7
-0.36
8.93
-3.76
105.89
115.28
-7.08
-4.78
19.96
23.8
-44.18
36.71
8.87
34.59
-5
8.8
20.65
8.83
12.54
-9.61
-8.29
12.13
-13.7
-187.6
26.95
-42.79
-7.98
-7.14
60.4
-1.51
77.89
20.04
-219.82
-21.08
8.96
10.92
-7.79
-3.01
-36.77
48.23
4.86
-5.15
309.52
12.6
104.71
-70.82
18.51
-4.36
4.57
-113.19
43.66
27.17
3.95
5.76
5.93
59.29
-6.47
6.11
-8.12
8.55
13.36
-1.28
8.29
-3.41
-8.87
-2.44
21.89
-15.18
19.75
-30.59
61.17
-52.02
7.95
-35.51
7.01
52.61
-9.02
-3.02
-49.87
-85.79
131.07
-69.27
-34.33
3.99
-54.44
-35.4
-24.69
-8.82
-26.51
-9.08
-32.45
51.82
-8.6
-2.67
-8.27
5.93
69.02
13.04
19.7
13.83
-19.13
7.69
8.9
26.58
4.53
50.04
17.43
-25.38
8.07
-6.37
37.8
-7.23
-28.3
14.17
-5.86
-47.74
-1.03
13.9
-54.9
4.5
-52.45
74.19
-22.79
5.91
-54.21
32.3
-94.35
-13.7
32.8
7.01
-7.08
-4.18
-11.76
9.34
-1.12
24.31
-63.55
-72
3.57
-19.15
7.87
-12.17
-58.04
4.04
-3.85
-25.92
-5.13
135.43
68.39
88.14
-4.12
74.67
-67.17
-7.21
-0.43
4.55
-11.96
-1.06
5.91
11.59
59.37
16.4
15.83
-40.23
-167.92
-106.84
-27.46
4.9
-1.8
42.74
63.52
16.42
21.7
14.2
7.43
14.56
5.08
48.88
26.07
115.28
35.83
4.99
28.96
-17.42
-32.02
11.9
9.05
-9.96
34.85
53.77
2.96
-4.34
-6.8
-6.01
0.82
-84.04
-10.95
-9.87
-0.87
5.93
10.26
1.32
-6.38
2.87
2.52
-242.44
-5.86
1.5
-90.25
-28.25
-29.01
69.72
-3.26
4.83
32.71
23.27
-18.36
-12.91
98.78
-16.57
-0.62
1.7
-48.51
-37.98
0.13
-10.94
12.71
-13.86
107.53
-14.83
16.76
5.1
3.68
32.67
-11.55
-1.77
-1.09
-18.66
52.11
33.9
3.02
-16.83
52.05
-17.85
-11.18
0.11
90.6
-80.84
14.3
67.68
4.36
60.25
-5.41
-66.53
-4.41
12.03
-22.07
-119.38
-6.68
-6.99
31.8
10.16
12.78
-25.9
-4.09
195.63
-47.05
-252.08
10.52
-50.35
-16.03
71.56
3.12
-106.63
27.56
36.46
6.39
10.26
-12.9
-0.14
113.14
-117.64
9.01
13.45
1.06
-72.64
-124.54
-6.09
-28.22
3.84
11.69
-6.97
29.32
25.39
136.23
10.4
17.68
-0.75
0.63
-3.53
-10.79
13.05
-80.89
13.8
51.82
4.03
-106.59
-45.21
-7.24
9.84
-125.03
18.16
5.2
-0.13
-10.92
-12.92
7.48
74.04
6.84
-11.6
-12.92
10.31
-13.05
-3.16
-49.42
-167.5
1.03
-59.96
92.55
6.44
-2.98
-21.11
2.9
15.84
6.6
3.93
25.11
-60.69
-11.25
6.82
24.24
-13.45
-0.03
-61.75
-23.57
-18
20.34
15
-64.6
-15.44
9.22
-5.1
6.28
10.53
-7.41
-11.08
-25.45
50.23
-7.68
-13.23
7.52
28.97
-16.03
-24.62
-39.53
4.12
-8.1
-49.57
20.94
-10.19
32.08
14.02
48.79
-1.74
-11.65
1.38
0.5
124.88
-8.83
-14.27
10.09
3.98
-3.54
45.55
13.25
-3.5
115.69
-0.75
-10.81
-196.17
-11.7
15.53
-14.23
2.88
5.03
6.64
37.95
3.53
-7.87
16.86
-6.97
-13.3
-7.1
0.07
-48.83
72.79
3.44
32.32
-61.7
-8.66
6.4
-34.52
97.82
-9.48
0.27
-3.55
11.8
-56.97
-49.32
111.52
68.65
-58.1
-1.96
-16.65
7.53
-45.3
25.42
-21.97
-21.16
13.28
-37.12
-19.45
24.81
-6.81
-34.81
6.1
17.76
6.08
-62.65
-38.17
-2.43
-11.59
-9.94
5.09
-12.44
15.04
-6.47
12.86
7.14
-24.33
6.72
13.48
-12.19
-11.5
113.27
81.34
30.44
58.03
-23.01
-5.56
3.81
-6.96
18.09
-24.21
-6.14
24.33
68.03
85.14
-14.9
-63.02
-0.32
-126.04
116.37
15.54
15.61
14.45
0.93
-68.62
1.98
-17.97
-34.28
50.52
10.15
-0.62
21.48
-3.57
-8.07
-17.2
-10.35
120.05
8.66
42.41
108.45
-48.87
27.48
35.93
16.65
16.94
33.26
8.19
62.07
37.7
-16.93
-12.45
24.28
-130.44
-50.69
0.09
14.62
50.84
15.48
-98.26
7.1
11.25
-4.06
-47.53
25.72
49.5
12.22
11.85
9.73
2.08
4.72
-0.91
182.8
-9.1
75.31
-102.49
-9.56
-3.84
-6.85
-76.24
38.44
7.25
-37.94
-15.28
-7.87
12.29
2.58
-7.44
15.01
11.98
7.14
-9.74
21.82
-3.53
2.54
-38.6
-19.31
56.7
8.8
24.81
50.18
-9.4
-12.7
42.88
-3.85
45.08
-2.97
6.44
0.27
10.59
-29.09
3.04
-14.33
-51.97
57.8
-5.34
56.91
-55.06
-16.6
75.55
210.41
-13.88
-3.74
16.38
-19.46
6.5
-11.81
11.03
40.68
26.2
-7.72
20.82
-82.29
-70.1
3.24
-18.84
6.24
-43.92
-166.43
-2.65
23.85
-21.16
-11.09
-11.48
-105.72
-25.79
-26.92
67.31
21.61
-11.48
-30.84
12.93
1.55
-56.11
27.61
-50.29
37.58
11.1
5.92
-95.27
-16.27
-26.08
3.02
8.94
-12.97
-39.29
11.58
89.8
-19.21
36.99
-14.66
-12.62
-21.65
-27.58
-5.39
-11.18
-13.51
-3.48
-16.7
7
-20.36
-32.81
10.86
13.89
5.56
-3.14
14.05
87.88
-9.41
6.1
-51.81
31.05
31.63
-37.6
114.74
-59.78
95.85
-2.94
7.68
75.3
21.97
18.84
23.34
-36.29
-3.62
-51.41
-0.85
9.4
-2.35
-18.41
9.12
-22.1
-69.75
30.35
-8.73
-10.39
-42.9
18.57
6.85
-14.42
-45.26
11.13
9
13.69
28.08
59.66
14.1
4.73
-15.72
-52.37
-8.9
-3.27
-4.75
-8.69
-3.56
6.82
-71.3
-10.03
27.06
5.53
74.45
-15.43
32.62
-14.44
12.29
-50.92
-74.07
-3.14
-14.96
-22.75
-6.6
56.25
19.92
-29.33
-37.14
9.51
130.15
-58.28
9.59
-18.05
50.32
31.35
98.99
-30.55
15.13
-2.76
2.35
-10.09
-15.74
3.3
53.91
-37.29
-20.47
-23.2
-94.2
-17.69
25.8
58.07
-5.37
46.39
7.32
-20.91
11.26
-307.92
-21.47
27.2
-17.14
8.31
-12.21
18.97
-1.7
-27.91
11.89
-3.32
31.24
-58.01
28.6
112.08
4.38
13.49
22.73
46.84
12.79
24.63
-10.62
-102.07
-31.65
-3.39
9.09
-154.56
47.5
-3.2
34.1
9.12
19.99
-13.73
-16.93
-42.29
-11.4
1.8
-6.79
-1.64
0.62
-5.28
-102.15
8.85
31.27
-19.11
-8.06
3.99
29.45
11.41
44.08
23.2
-15.49
-31.37
0.26
-19.79
26.46
131.78
0.93
-8.59
18.59
52.27
69.84
-102.24
-26.05
4.52
45.02
8.69
-35.37
11.29
-163.4
-48.68
-99.18
-3.26
-22.52
-5.76
2.11
-57.86
120.49
79.12
2.45
-16.93
-5.33
9.75
35.13
32.24
17.62
6.17
69.62
-28.77
-32.4
8.43
14.95
25.08
-8.98
-5.12
20.16
27.33
-0.61
-12.69
-41.87
-18.08
-4.78
-60.5
-2.88
-64.83
33.43
131.71
-87.38
82.39
-7.75
-0.31
15.2
-0.54
21.77
44.85
36.83
38.34
-80.8
72.93
27.94
-43.42
13.05
-11.98
20.73
11.44
8.32
-55.49
-11.23
-14.66
-7.96
-20.46
-8.01
-6.92
25.27
94.69
10.85
43.75
-59.27
-122.33
-2.13
13.32
26.95
-3.59
58.56
-79.1
16.36
0.95
-64.23
19.3
-23.45
-74.89
42.39
7.51
-6.84
-93.99
-95.46
-36.93
-82.45
-9.29
45.22
-52.82
-2.2
61.26
-33.27
72.72
-66.66
-30.5
-53.15
-13.72
18.97
-12.57
43.9
17.59
1.11
123
48.54
-3.92
14.06
2.3
-68.66
69.67
-17.38
-50.38
10.02
-23.88
13.92
-7.29
3.2
-33.13
-9.02
54.91
-81.89
-19
-53.82
56.84
3.47
19.19
23.38
74.86
10.28
31.15
57.88
-92.61
-27.84
-7.2
-50.01
-103.3
-16.21
22.94
11.35
30.3
-43.84
94.73
61.47
-33.41
83.17
-184.29
3.32
-26.34
86.42
48.61
-22.34
35.51
28.94
25.56
4.28
-21.36
10.44
-1.58
-21.14
-47.69
-1.19
-70.06
-3.19
38.08
-15.02
4.77
2.28
16.15
-6.06
3.32
11.06
-114
37.26
10.67
3.19
5.79
15.42
60.72
144.14
-22.06
16.7
6.93
90
167.93
-60.71
1.31
15.62
-12.31
-14.32
-75.58
-16.97
