12.41
-144.57
-104.99
-5.39
10.97
-8.92
48.94
235.26
18.66
-3.23
-4.24
5.29
-33.41
-7.98
2.79
-8.23
-32.8
5.16
4.12
5.35
3.75
45.31
-14.19
-0.45
19.03
-17.89
-138.83
12.04
36.26
-12.11
-55.47
-127.46
-4.93
4.87
-8.28
-49.05
-71.24
2.12
12.39
-109.32
-6.67
30.52
113.17
-186.03
3.42
6.93
21.85
105.04
10.85
-12.99
35.28
38.11
77.8
-23.22
8.19
2.81
-50.57
1.8
11.07
-2.06
-16.58
0.26
2.6
10.77
13.68
33.93
-73.31
22.27
2.39
-34.9
5.77
85.11
3.64
-21.78
4.07
110.52
-1.3
-73.4
98.19
-41.2
40.26
-73.1
8.1
-23.2
3.21
34.1
-10.33
5.47
-1.74
10.62
-24.21
70.58
111.91
-64.35
57.95
-20.83
15.77
9.58
41.22
-12.89
-69.9
11.95
20.64
3.56
-1.99
-60.55
-10.9
-2.84
56.25
81.07
67.46
1.5
-13.18
-7.93
-54.79
-3.28
-14.81
-4.63
175.67
70.21
8.94
-14.21
10.53
30.66
-3.93
26.78
-39.29
-126.9
19.81
-3.75
21.97
11.29
-14.21
-110.34
-8.13
-17.34
-2.32
-1.06
75.86
8.69
-8.29
-0.77
-7.59
-46.57
11.48
-6.68
-2.68
-9.17
33.21
-4.89
-3.63
13.29
-16.1
-27.86
29.79
13.04
39.23
8.19
-11.37
42.47
-1.66
-9.56
118.26
11.47
-3.55
32.71
-51.05
-33.19
62.94
-17.46
5.86
30.16
12.72
-2.49
1.65
-54.16
-31.84
59.14
71.14
3
29.35
-82.95
-16.33
6.42
69.9
-62.92
-32.29
-16.66
-32.31
2.47
11.15
18.15
-107.85
94.63
-16.82
8.55
-24.21
73.5
64.73
0.49
7.78
-2.12
-91.79
1.57
2.23
68.17
-5.66
-32.58
-15.17
32.59
-10.73
73.4
-22.72
-36.5
35.87
15.29
51
-59.55
4.18
27.45
-6.71
55.35
-83.39
3.67
-10.79
-8.15
61.69
12.76
-9.79
-13.55
-68.77
-1.81
-14.42
-17.15
-13.25
95
-7.4
-36.42
12.79
42.09
44.72
-1.64
31.67
80.4
-2.12
-42.9
-30.3
14.89
5.8
8.49
-19.75
138.71
17.78
7.65
2.12
7.79
-0.96
-6.35
18.71
76.26
-101.63
-4.73
33.59
8.6
2.14
-24.02
-8.98
-22.94
28.61
-15.32
2.55
11.48
56.28
-63.83
-29.95
-20.88
-49.38
32.54
-11.8
-7.21
-0.35
-3.03
7.49
22.62
52.25
-2.35
-34.25
-9.12
-2.85
48.98
-8.49
41.15
-20.9
-3.18
-78.11
-71.04
-38.2
-9.61
-60.07
22.36
57.7
-11.43
-36.17
1.73
6.65
9.35
-55.28
8.39
7.44
7.51
23.68
-75.81
-84.43
13.11
9.76
55.48
-10.75
-9.1
0.14
-56.53
-1.82
169.68
8.63
-3.74
8.69
9.21
-1.86
20.27
3.26
23.05
35.29
-54.53
12.17
-50.23
-41.78
-3.38
31.06
-9.55
-3.56
20.04
18.94
16.07
41.16
-5.3
46.68
5.78
14.32
51.07
1.86
-13.02
-15.92
-6.56
9.98
97.4
13.56
-19.16
53.79
22.16
-54.7
43.29
-18.82
-12.93
53.43
10.47
-26.75
-41.8
19.01
71.84
29.95
35.41
-101.56
6.31
-7.91
-58.79
76.82
10.1
-148.38
7.36
3.18
3.43
20.73
9.07
-15.21
-8.91
-38.49
-41.14
8.9
-11.98
-65.87
-58.23
12.76
-42.79
28.67
7.84
-147.41
10.91
105.06
3.59
43.64
-3.87
4.05
51.8
17.71
6.52
-3.74
-27.45
3.34
-9.37
67.45
38.31
-149.75
-4.57
8.55
45.91
24.56
-70.86
7.33
10.34
-11.11
26.87
12.61
-10.1
3.22
57.8
12.72
-4.77
-3.93
5.57
27.53
-51.22
90.06
29.65
9.45
10
-182.08
-61.55
23.59
-8.1
-41.16
25.41
-11.3
36.76
11.52
-1.4
25.13
2.82
35.17
12.76
71.61
16.84
55
-34.71
11.08
7.13
3.95
19.38
-72.05
-80.07
11.06
13.66
-33.52
-5.8
-21.01
259.64
3.33
-3.25
5.76
-30.12
2.81
10.83
-6.18
74.32
82.06
-100.23
0.88
-4.79
81.58
17.78
75.06
85.54
-28.53
11.59
50.47
-3.98
6.79
-19.94
31.13
-1.65
-47.15
-22.04
-5.96
7.18
-0.3
2.29
-28.63
4.48
-8.77
8.58
13.17
-53.2
5.4
-6.19
-36.91
52.39
37.36
8.11
-1.22
1.92
-19.25
4.55
-111.06
4.78
-30.49
11.12
-34.69
10.65
8.92
-104.7
9.29
-30.59
67.81
6.39
65.43
-110.38
11.58
2.05
-5.55
-56.79
-7.96
0.08
12.14
-14.1
-20.24
-1.62
28.29
-12.56
13.54
-11.46
5.55
-15.6
-5.41
-4.33
8.04
68.58
-75.57
21.14
79.6
43.9
-0.27
-3.53
51.45
-208.36
9.96
-10.94
9.39
6.91
52.49
-1.22
-35.36
69.5
0.1
-3.48
-2.6
-4.49
101.4
30.71
-50.69
-13.14
11.91
-116.85
-2.16
81.46
-42.97
48.75
-281.34
-10.44
5.03
-64.37
-77.37
4.63
-5.47
24.08
-31.43
-9.65
-1.11
73.73
-11.08
10.08
-61.69
36.09
-39.73
-37.92
10.47
-6.11
93.18
4.26
29.64
-7.43
-7.77
20.67
-86.86
-22.33
88.89
-39.77
44.14
-17.59
-4.47
3.99
28.86
-3.02
-9.45
105.98
-420.34
20.09
-76.33
5.56
10.04
-21.45
-1.12
74.73
19.18
55.61
-63.64
-33.06
35.73
27.69
1.76
-15.03
-80.23
1.71
73.5
-9.57
-124.71
-86.45
47.47
47.46
32.55
75.59
12.46
-44.76
31.5
62.23
81.7
11.8
-20.58
67.64
-17.03
90.67
-11.44
-173.97
3.41
9.9
-103.99
13.3
1.54
3.21
-40.75
54.84
-2.11
-59.72
-9.64
10.32
9
9.76
14.74
86.46
-29.26
154.13
-54.24
-137.86
-21.72
22.44
9.23
-8.85
-11.26
38
69.04
-98.82
60.41
12.52
0.65
-23.89
-41.3
-24.22
-10.14
-11.27
-55.2
-35.1
17.08
-17.95
-36.28
35.19
48.67
28.34
-7.03
43.27
-12.43
-58.53
41.1
0.47
-34.53
-1.31
29.6
-9.11
-173.91
-10.62
38.42
-32.88
22.07
84.5
-19.88
33.82
-52.52
9.82
-9.37
-55.09
-32.51
-48.88
-2.57
60.49
-10.15
15.48
-69.38
5
-78.12
4.18
42.86
-15.91
57.8
9.78
-77.37
80.32
-4.43
17.01
9.95
36.12
22.72
-195.22
-145.76
26.78
48.5
7.41
-18.73
-72.54
-84.24
-48.35
5.51
65.24
-5.74
93.08
-2.41
43.17
-34.66
81.99
101.18
-52.02
9.45
-3.04
14.44
44.98
0.69
-1.23
-3.81
-0.37
6
-1.36
30.15
0.79
-53.24
40
-85.25
9.65
15.19
-4.89
5.81
-24.95
-10.92
-6.89
61.62
13.15
13.98
8.39
92.38
-0.01
-32.91
-84.93
-19.15
-103.33
6.04
69.54
115.34
16.5
12.39
6.45
109.03
-11.1
-6.06
3.71
15.13
-84.24
-0.67
22.42
-53.41
160.13
6.13
134.4
12.53
-64.63
12.21
-29.66
45.03
48.78
-10.79
-9.55
-18.11
-18.11
47.88
-82.68
9.76
89.58
27.28
19.91
1.75
2.51
7.43
-10.89
-177.29
3.2
1.46
-3.37
-35.11
28.11
-36.87
-12.49
11.45
1.62
-142.79
25.83
-10.41
-15.8
72.44
7.47
19.76
-116.81
-4.88
8.28
14.02
4.55
10.55
27.4
11.96
38.73
-54.22
12.1
71.65
-10.87
-1.38
-11.72
-40.32
-4.75
-16.39
-2.01
-26.38
54.7
1.2
-0.6
49.52
40.17
67.64
10.05
-2.6
-13.81
-2.28
8.99
-32.17
-5.94
40.96
-2.48
5.53
2.18
13.03
-2.01
-34.62
8.34
-89.34
15.93
-18.28
-34.99
-0.38
-43.5
132.69
-10.06
-4.8
15.69
26.05
-6.31
-9.96
-169.71
7.53
-34.1
-7.4
-8.16
-45.85
10.68
76.29
-22.83
-11.91
-14.87
68.64
-157.42
39.19
6.74
-5.25
12.84
-17.68
9
-16.82
-6.77
-8.62
-88.07
-47.11
3.5
-5.27
-251.73
-8.95
-16.53
-9.95
-15.19
-12.51
7.6
45.86
-1.71
-31.87
33.68
-6.49
-11.74
74.8
-17.86
-9.99
21.05
-18.43
-182.71
-7.96
5.02
-10.69
1.31
33.96
-10.02
-8.71
13.87
-7.7
5.99
9.36
-72.88
-12.5
-2.62
63.41
9.24
5.91
8.15
42.31
-5.5
-8.16
-281.54
-4.81
128.17
39.26
-32.5
-81.44
-9.77
-7.86
9.44
15.24
42.54
11.1
-10.36
-5.59
-75.57
62.91
86.01
-3
-33.83
49.12
-2.87
-1.71
38.13
-36.9
-2.02
3.88
-11.58
-33.31
-4.82
65.03
10.13
8.16
10.87
8.28
-23.02
10.92
2.06
26.86
-12.53
-37.98
-6.71
8.01
31.76
11.67
59.64
46.23
116.12
-0.34
-18.33
-5.29
26.3
-10.66
-8.94
24.34
20.84
4.14
-48.04
0.97
-12.03
-18.31
6.1
