-9.97
19.79
-8.04
-7.16
8.73
34.13
14.82
-14.32
-25.63
-12.5
-13.51
-12.47
-0.56
19.3
-5.39
24.44
-67.27
-0.02
7.86
-36.83
15.71
5.07
12.99
110.25
25.11
69.1
-12.81
58.09
13.34
9.14
-7.88
-4.5
15.98
14.23
48.74
-5.21
8.66
-18.49
-20.97
17.77
-175.41
-48.74
-12.28
2.07
3.52
-70.76
15.88
-187.97
37.6
8.25
-32.62
82.38
34.81
33.96
27.85
-66.59
11.64
-9.27
28.01
-6.99
-7.96
-27.43
-46.74
-31.52
67.29
-46.97
-6.57
14.9
66.89
-1.74
54.92
-85.57
41.55
-20.31
9.48
58.7
9.1
-43.07
8.1
-31.71
-5.44
-86.61
45.32
-8.49
122.14
-67.6
-34.75
5.02
2.48
-5.44
-42.92
5.86
-3.7
21.11
11.39
29.91
67.81
-8.13
-6.52
33.58
-97.78
10.55
97.07
-20.63
12.27
-11.7
-21
-2.93
-5.68
-0.16
65.52
17.8
16.82
-8.17
-53.74
-3.84
20.18
7.25
-34.07
-0.1
41.98
19.3
-6.2
105.27
-9.35
34.19
22.57
-126.81
47.09
1.57
-2.4
56.38
12.22
-19.17
-6.4
-2.3
-14.83
2.18
118.8
10.57
8.77
11.74
-37.9
61.04
-10.02
-24.54
10.9
-8.26
6.01
-10.94
-33.98
10.38
28.2
-67.3
-26.62
8.35
-9.24
-40.11
2.24
37.79
32.19
-27.89
65.88
27.15
-10.31
-40.48
21.19
-34.68
5.22
3.09
-66.37
-13.6
22.56
57.24
19.45
2.09
84.18
-9.08
59.98
-99.59
11.94
5.39
0.51
32.67
9.92
-98.09
18.32
-38.35
38.54
-7.78
80.07
12.95
-7.01
3.59
11.11
61.16
-74.74
13.27
33.96
-7.01
-20.3
2.04
20.86
-10.12
0.74
-41.11
74.35
8.35
6.67
-22.78
-122.99
50.39
7.48
30.25
-41
6.01
70.59
-156.92
-14.7
8.84
-15.23
12.25
14.65
-1.22
-8.1
16.54
8.46
-20.37
17.7
28.59
71.82
-1.63
3.18
6.29
-26.41
-2.15
3.15
-123.19
6.61
-33.25
-53.82
-130.88
11.42
14.49
-12.15
46.61
-72.77
12.77
50.45
-8.98
54.44
-68.33
57.84
10.83
-11.7
28.71
1.8
5.42
24.06
10.29
13.68
27.88
-67.41
-18.92
39.33
-58.6
9.41
-10.25
13.74
9.05
11.51
-6.92
-48.98
-23.63
10.66
-7.39
59.83
-10
16.77
1.88
5.24
-22.91
16.65
-10.27
-46.99
18.1
-21.98
6.27
8.07
36.22
-3.62
62.83
-3.93
-35.38
40.33
-7.73
-15.35
5.65
12.94
-33.68
2.72
13.45
-35.61
41.58
16.34
0.24
-6.17
4.89
76.06
-19.22
-12.9
-6.47
32.59
35.47
-1.97
23.65
164.26
9.83
13.05
5.5
12.14
-7.91
-2.17
81.41
21
-9.45
12.83
7.3
33.17
25.23
11.78
21.93
-40.23
-8.3
-7.45
15.35
9.32
16.05
50.84
2.94
14.3
-69.9
57.54
83.02
-14.91
-7.87
107.77
22.14
-7.54
-9.4
10.05
3.93
6.2
-10.89
-94.67
-37.95
6.57
-19.85
-135.86
-25.36
-100.36
15.79
9.53
-42.92
-1.43
-6.26
-27.07
12.66
84.88
15.76
13.55
51.98
-14
78.55
-5.23
6.49
78.64
55.35
-108.29
-26.28
68.32
31.69
-16.52
1.11
23.2
5.69
-13.72
49.98
-11.37
6.37
55.46
30.96
21.42
-9.41
-21.01
-36.31
-36.33
-15.18
-5.77
-4.15
10.62
-89.86
-39.58
-35.14
-26.37
-14.4
-1.54
-1.49
136.59
4.5
7.69
-86.26
8.79
22.01
-24.82
-37.02
6.97
10.03
-6.53
4.58
26.04
24.29
36.29
-2.78
76.22
1.41
161.07
44.05
-3.73
64.08
-62.77
7.33
12.29
21.86
-0.59
-73.37
5.72
-8.44
-5.49
80.68
1.9
-74.02
-10.37
-116.12
-40.13
-28.26
-26.62
72.02
-88.8
171.56
22.12
-4.89
-23.2
-5.56
3.75
-1.42
-1.58
-8.69
-6.2
11.57
0.06
3.23
18.03
51.71
11.03
-10.36
77.13
34.17
-50.19
82.97
16.41
-0.72
9.65
68.35
-35.84
-8.49
-1.87
19.82
16.05
61.78
2.13
53.73
28.82
-34.08
18.17
58.9
-54.76
21.27
-32.22
5.31
9.32
9.06
-1.01
-47.86
-1.08
-126.17
-37.56
-9.48
-116.49
-51.6
-114.68
42.88
-1.06
16.6
-48.1
-2.25
12.66
71.62
-8.11
-0.3
24.21
47.56
93.27
3.79
-40.08
-9.6
35.32
-163.64
4.91
-5.61
-58.22
3.59
-9.32
26.22
-116.95
97.82
52
-60.54
165.19
7.79
13.48
0.71
19.91
-41.12
-75.96
-18.78
19.66
11.79
11.77
-9.29
6.32
12.05
92.15
49.98
96.7
37.22
10.47
4.7
32.9
-10.63
-33.82
-4.88
-24.58
-53.05
16.7
31.3
8.29
10.58
39.56
17.92
-46.75
12.42
-7.97
-31.43
4.97
-18.16
71.49
88.29
37.26
-23.22
-3.96
-53.21
-13.31
57.7
54.53
21.39
8.59
4.57
-9.42
116.14
11.88
3.43
8.07
107.31
-19.17
50.69
-43.54
0.3
4.42
-7.68
-40.56
7.31
-4.39
-57.96
-20.24
18.53
19.7
45.02
2.03
-31.32
8.92
-7.14
5.73
7.73
-7.98
-2.3
44.28
-21.4
-3.49
9.29
6.54
156.53
-47.79
34.8
4.14
-52.81
15.27
14.22
-4.63
-6.87
-43.83
31.72
2.24
-5.74
23.28
1.81
14.18
-94.06
6.06
11.37
79.77
-13.06
-84.79
-23.23
12.62
-80.69
-50.8
19.44
78.91
103.3
80.02
-84.97
-43.22
-7.06
7.55
46.11
-13.75
25.83
-107.05
-17.53
-88.91
182.49
1.69
-59.18
25.31
33.77
69.82
5.38
52
47
-11.21
-32.11
87.61
75.63
-39.39
-16.22
83.31
6.44
-7.04
9.87
0.78
-53.96
-13.69
-6.98
-40.01
8.25
34.51
-4.61
99.5
29.22
-28.23
36.43
-54.23
-63.32
-50.97
12.51
226.74
8.45
-9.38
13.82
-61.01
4.46
-55.4
17.69
51.14
11.46
-1.6
-25.52
31.09
-83.72
-10.05
23.27
65.03
-9.79
24.87
28.44
11.34
-21.48
-26.56
10.77
129.2
-47.43
-5.89
3.82
-41.13
9.48
88.67
60.42
15.47
-0.91
9.54
20.57
12.21
15.51
14.82
8.14
3.73
-3.71
61.24
-41.9
-5.07
161.35
0.92
-9.71
5.6
9.78
-9.57
2.79
7.01
50.35
9.72
-64.13
-38.78
-76.75
10.7
71.57
59.13
-1.53
7.35
8.7
9.57
-3.81
-0.12
-14.1
16.72
2.98
-15.93
16.19
0.64
8.16
56.24
-26.41
-16.77
-36.1
41.72
-3.71
19.78
-19.03
11.17
55.16
-1.78
33.46
-8.73
-16.75
10.85
3.72
-124.55
-97.69
51.15
0.95
-10.18
-51.85
8.13
19.38
48.87
12.26
-10.95
-5.71
-7.08
-45.99
65.81
-114.26
72.19
68.27
53.57
-104.86
3.92
-61.95
-51.97
-9.27
-7.81
37.16
0.39
4.65
6.46
-9.19
-1.45
-61.03
125.14
6.97
21.71
3.2
-8.43
62.69
14.62
10.95
-7.19
-8.41
20.34
39.61
9.72
-75.5
-6.04
52.54
56.03
4.24
25.61
-20.95
54.91
54.24
0.5
0.22
-10.61
-212.94
64.08
114.5
9.55
-7.6
-15.19
7.43
-7.72
39.94
15.38
27.47
-0.85
20.31
27.85
-10.28
-44.94
12.16
7.51
96.45
6.95
-32.25
-5.39
19.69
17.73
-10.53
-13.52
61.68
21.58
-2.32
253.01
-64.28
13.1
-325.76
-6.4
63.32
-9.21
48.91
27.47
35.74
-18.97
-7.19
-7.3
4.32
8.46
51.29
-2.91
29.95
28.91
-43.97
-27.84
-12.56
-52.51
119.51
-14.74
39.99
0.87
-7.56
100.09
9.14
-14.11
9.44
17.24
-3.72
-56.88
7.12
13.34
5.89
103.27
-30.87
-40.88
46.77
-68.7
-16.6
-7.08
-7.41
2.8
7.25
231.99
17.76
-8.44
20.5
9.95
-60.15
249.49
-4.57
-48.3
-3.25
9.65
1.82
92.74
-25.11
66.99
-58.49
-10.64
31.28
15.15
-59.27
57.15
20.61
-53.38
-7.5
-26.14
-1.97
-23.59
-8.36
-71.46
-3.09
-14.16
18.97
-8.67
11.95
-7.4
-19.37
66.94
11.61
-7.26
1.02
-83.94
8.81
-50.7
6.77
14.57
-77.52
46.58
-57.85
-14.71
-3.44
73.17
-22.92
-113.55
0.07
-4.16
-5.54
10.34
-1.6
-33.1
4.21
-15.18
12.66
-12.64
9.35
-56.94
9.07
2.6
16.28
-10.3
-7.96
9.64
-64.23
3.16
29.5
-54.08
-60.17
216.53
13
154.54
-0.89
18.49
23.49
15.99
-92.81
-63.39
-19.33
4.88
-2.39
-6.57
13.16
-0.47
-52.29
-7.36
4.01
11.6
26.22
-13.44
80.98
-14.67
-117.69
-117.4
31.25
65.95
-97.12
-15.11
27.53
-9.51
19.23
8.22
-6.46
23.05
-67.69
-103.09
6.53
