-42.75
-9.76
-35.15
-24.05
-22.75
62.24
-5.9
-29.38
3.4
-9.75
29.03
49.42
-14.96
68.99
65.82
-15.39
-7.68
-32.42
-95.87
-10.02
-92.05
64.3
-6.28
60.58
11.04
-32.28
51.14
-92.05
35.84
-29.99
29.22
-114.32
-7.74
2.61
-9.9
-52.69
-8.36
-263.57
-5.59
-10.73
89.78
0.58
-34.92
-40.18
19.21
-6.47
1.21
44.52
10.11
80.39
-9.9
-12.54
-2.17
28.83
31.71
-37.02
-1.75
13.65
-37.79
51.9
-48.36
198.02
1.06
3.05
-18.15
-44.67
-69.45
-110.38
53.58
-60.59
8.36
14.53
-2.01
10.25
-61.05
-82.32
-134.01
21.07
-25.03
6.2
7.32
-41.37
-79.27
5.71
2.2
-2.1
-1.06
-1.52
-45.81
9.36
9.56
-284.72
-10.36
-3.62
31.2
0.8
83.03
45.95
18.03
-172.72
2.58
29.37
-16.59
92.42
71.59
-8.05
-0.8
-22.75
10.48
-74.97
-23.96
-11.09
-31.22
21.4
-8.93
76.09
-24.25
-25.99
37.81
4.55
51.83
-5.39
-11.21
-0.13
-37.37
0.29
58.74
132.49
-7.74
-29.23
87.26
-23.67
-1.7
-4.04
-10.18
2.25
-7.99
25.34
-9.01
-44.51
-42.57
5.37
-71.68
8.13
-58.42
-72.6
19.44
-60.84
33.59
-22.27
29.76
29
-9.5
-40.33
-10.35
-153.52
-16.24
18.71
54.84
12.52
-11.31
-36.44
0.51
90.66
20.45
13.53
37.43
-58.82
17.13
-2.22
31.13
-68.98
-11.75
14.34
-14
-83.26
-7.74
7.86
-53.68
15.15
11.37
3.64
-103.25
40.26
6.46
1.61
10.19
74.76
32.3
14.98
3.12
47.1
-6.38
6.31
36.94
-73.79
-8.62
48.48
-3.95
3.55
10
-46.98
10.73
-19.52
54.28
5.86
-10.91
-28.1
-35.75
24.8
21.27
13.82
-64.83
-26.36
55.96
-5.9
16.57
59.61
10.06
12.42
26.1
-7.05
-23.76
33.9
-7.07
-17.43
-11.64
45.21
-7.72
38.42
-0.7
-0.89
-7.42
15.04
-59.17
8.48
46.95
-14.42
-14.08
7.81
-91.37
-30.97
12.91
-5.89
7.1
40.55
46.33
30.91
-6.07
-2.55
-90.39
7.23
-0.41
-84.91
-11.57
50.02
-16.99
2.94
-11.23
49.67
10
12.91
13.88
-31.54
19.74
17.39
31.79
3.95
6.74
-4.38
-9.92
-20.88
21.75
-30.53
39.51
25.16
-18.81
1.77
-26.37
9.61
-9.91
146.86
13.49
-44.46
168.6
-4.81
-6.46
12.23
-57.27
8.52
13.22
-23.31
-29.33
-6.5
27.18
-18.38
26.04
5.17
-12.24
-11.1
5.95
-77.32
-5.97
-0.42
71.76
19.44
-5.73
-6.1
8.36
25.43
-109.98
64.75
-65.75
-107.03
8.89
46.94
36.56
-1.3
-42.04
62.86
-15.3
5.07
-13.33
-79.36
-51.39
-3.16
37.02
12.8
-12.6
3.11
-49.14
-7.66
-28.57
-5.69
42.3
28.65
-48.42
-23.95
-59.7
-55.99
66.41
12.91
-13.73
-47.75
-96.27
-25.01
-165.09
-106.06
-1.5
43.07
-94.44
-104.31
52.14
7.13
-1.57
-4.48
-4.12
-27.69
-10.57
-99.96
1.21
13.46
18.75
-36.37
-27.28
-0.39
-178.75
-42.47
19.14
-47.99
-17.2
6.93
-7.67
-4.12
-40.18
-8.79
6.7
19.66
48.19
3.96
8.05
-0.39
12.44
-103.82
-28
-77.03
5.09
98.99
33.9
-31.51
7.65
7.36
-2.74
83.32
31.63
-11.47
46.71
-9.37
48.66
53.44
1.82
-6.06
17.68
22.47
2.88
144.36
-7.54
15.55
-101.72
16.28
-17.95
-4.41
7.68
10.3
-21.82
-42.65
20.12
21.8
20.68
-63.48
-9.67
-45.49
22.17
-6.8
23.74
-8.11
-42.74
27.6
46.15
-86.86
-35.73
-71.93
1.16
-10.48
2.1
-0.4
-52.45
-71.26
67.67
-9.41
0.08
-7.96
4.79
-23.1
-32.25
54.9
-10.78
40.9
-56.91
-1.75
6.31
70.74
-49.36
8.66
8.1
-19.98
6.51
10.94
-7.08
41.74
2.36
-2.8
-35.14
101.03
-0.08
107.77
13.41
-13.04
6.25
-13.7
-14.42
-95.07
73.24
151.13
-0.18
31.16
8.75
5.86
44.88
-83.34
-22.38
19.41
1.14
4.04
16.62
23.95
-3.27
-5.45
6.3
-5.95
16.12
7.72
2.05
5.25
30.61
18.25
18.68
-15.41
51.81
-9.49
8.45
-5.95
44.24
-37.64
0.91
-91.01
7.94
6.44
-20.55
10.19
7.43
15.06
44.58
-63.63
0.78
60.96
61.23
2.43
7.07
-9.61
-57.78
-12.28
6.25
-3.09
17.4
-6.17
-8.14
-6.03
12.2
2.76
13.75
67.7
-11.72
-29.86
8.75
75.62
34.55
7.56
6.74
6.8
-68.57
77.79
-40.63
-4.97
41.45
-112.32
-9.15
-61.05
5.58
-3.11
-91.14
25.18
240.85
74.49
-131.44
11.44
-29.35
-11.4
2.07
-9.37
-27.36
-20.47
-13.66
-4.13
-8.51
-8.43
-54.98
-20.82
-20.33
3.2
6.92
-3.52
41.31
10.01
-5.44
2.68
-107.15
-14.1
9.22
6
-153.28
31.81
-17.11
38.09
22.15
-8.32
-8.14
28.42
-6.39
29.02
12.27
59.69
22.07
23.21
39.35
10.08
13.93
-6.6
91.78
-11.87
-8.37
-12.27
3.31
60.74
55.49
-13.17
-6.97
11.96
27.8
-11.69
-94.94
-4.35
49.3
-31.95
45.62
-24.94
10.47
33.08
34.16
9.93
10.11
-20.23
16.19
13.27
-38.47
-74.38
-9.08
3.86
8.4
265.65
56.2
-62.23
121.75
5
5.37
55.45
71.46
-4.36
-4.13
21.31
-18.6
-187.11
11.71
-1.69
-9.48
-12.77
2.5
-6.33
79.89
27.01
26.75
-44.83
-1.43
1.25
76.73
41.67
-10.5
21.96
39.02
-16.45
2.09
-5.3
3.39
29.49
-8.04
-28.74
86.32
-85.4
-7.48
77.47
4.38
-103.35
-5.92
61.36
-39.35
13.99
6.68
33.76
224.22
5.94
-2.14
14.71
30.73
67.91
-22.38
18.52
-5.62
81.76
-10
65.58
-3.58
1.75
2.12
0.67
12.83
-41.67
7.87
10.21
12.17
41.02
-26.89
-25.43
27.79
19.04
62.51
2.23
60.5
129.87
41
13.54
-5.09
11.44
2.6
-29.61
-4.22
10.39
-3.13
6.29
-5.67
-48.39
141.78
-12.19
-3.99
114.53
10.54
-30.33
7.24
-17.11
71.53
-7.31
-7.15
21.52
-1.32
12.6
57.43
-123.12
16.2
-17.83
-113.37
7.83
172.86
-4.05
14.05
36.85
29.88
-6.58
11.84
69.2
-54.26
88.9
51.43
34.34
0.13
50.71
16.98
-125.94
-6.11
-9.67
-52.63
-73.43
12.02
34.39
47.64
2.61
-8.95
-13.84
21.08
-3.07
-87.65
-11.98
42.29
197.79
50.2
-32.77
-76.58
-13.26
-86.2
-2.95
-26.54
5.61
24.73
3.42
-76.65
26.25
-10.63
-79.31
76.12
8.2
16.25
12.71
9.52
15.91
0.73
-1.38
47.45
17.17
-42.74
-11.25
8.13
-13.41
15.61
-13.02
-30.1
58.96
23.65
-16.49
0.41
47.97
-10.02
-8.1
9.97
11.4
-11.27
-49.63
-13.32
5.34
-12.32
64.69
169.98
-0.38
24.77
8.04
-17.23
-40.03
61.07
-107.34
-3.23
21.85
22.89
1.2
5.17
4.7
106.76
9.84
76.75
-19.91
13.39
-2.63
48.01
-59.57
15.84
13.17
26.69
38.05
-31.5
-3.14
10.01
48.39
7.57
-3.2
2.1
-8.97
-7.01
17.29
3.25
-11.01
-1.77
-137.36
225.87
-7.88
54.43
4
13.87
7.91
3.23
4.12
-6.73
-46.77
-10.04
-98.36
-13.88
9.64
-70.2
24.89
5.64
6.49
-5.51
8.79
-12.74
-11.6
40.52
-26.1
-179.45
-21.75
-71.38
-5.44
-5.93
44.41
-0.69
-17.41
18.54
-4.12
19.77
-23.89
-11.15
33.69
2.43
121.18
11.56
-8.02
29.23
145.16
21.2
5.48
4.09
10.36
31.93
-3.13
69.94
-26.56
8.41
45.65
70.51
17.97
40.45
4.28
46.61
-39.22
-27.61
10.9
5.73
-28.25
-4.86
45.87
-47.88
28.29
20.19
30.44
-10.42
-14.21
0.48
7.11
120.11
91.95
107.38
6.46
-2.09
-9.48
-56.52
-83.92
18.43
-94.8
55.73
-9.42
-6.83
-61.75
-16.4
36.8
42.34
-39.12
-140.44
29.74
32.98
2.17
11.22
5.69
-24.84
70.32
-14.36
-75.77
30.97
7.95
14.45
53.02
-11.11
-15.34
-6.5
-59.83
-6.34
15.66
70.3
36.44
-36.92
-8.86
59.23
90.1
-0.49
11
-14.67
7.37
-11.48
-67.63
-0.6
6.28
27.01
-17.04
31.64
27.21
-46.31
-88.98
8.27
-0.61
6.62
36.87
-32.81
-17.87
1.93
3.33
12.23
29.28
29.53
-13.19
-50.16
74.24
9.03
5.87
74.48
3.99
-22.44
3.27
108.93
0.47
2.79
-2.78
-10.44
-38.59
42.2
-15.88
-28.92
-7.7
-12.99
-25.14
62.11
5.05
