-12.72
50.62
-19.39
-63.27
-14.09
-83.34
3.6
1.08
-9.18
77.95
-29.5
66.02
-4.05
5.82
-30.22
-12.58
-44.03
-4.83
-7.34
-9.66
72.01
3.88
-149.15
12.41
8.17
-12.39
36.29
-101.24
-9.46
50.52
29.69
41.32
94.76
-32.04
13.49
55.39
-23.32
-31.67
20.19
79.04
54.37
23.48
-58.84
85.53
45.93
4.27
25.12
27.6
60.07
7.73
-62.5
-20.81
-25.94
-9.25
13.14
-10.69
4.21
-173.35
-9.71
-115.15
-53.71
5.81
10.66
13.04
-0.22
26.02
98.51
89.28
-38.29
7.02
14.31
-29.48
-77.82
66.58
-2.68
126.33
31.95
-12.45
9.99
42.39
-53.91
-10.18
-11.74
-13.41
-30.5
-72.66
-51.24
-6.16
-3.17
22.4
-7.84
-105.37
98.76
-15.46
-34.87
94.92
-9.89
15.35
6.19
44.03
-1.97
9.84
-1.3
-9.21
-69.39
-39.38
-154.93
12.61
3.29
-3.09
-0.28
71.68
-50.95
-26.42
-4.03
-86.39
-15.96
-1.76
76.4
-175.63
-7.29
0.4
-10.23
-21.93
-8.6
-4.78
2.13
10.95
-111.83
23.52
1.38
16.45
-75.66
-34
-1.98
-81.58
60.06
17.75
-43.12
22.24
-18.35
-67.89
6.44
60.05
36.95
-19.48
-3
-50.57
-69.24
87.42
26.49
17.81
-137.59
-9.76
-6.33
-23.07
-10.54
-187.35
-0.22
3.39
-4.63
54.74
30.17
-42.04
54.78
31.08
8.38
38.28
20.72
0.02
-12.25
-0.61
-91.36
-15.39
11.64
0.07
135.65
61.03
138.47
76.7
41.22
1.19
13.21
-0.38
29.23
-103.21
-0.21
-41.5
57.46
-12.52
-2.47
30.41
1.96
9.31
-2.12
-48.01
-12.46
-7.43
5.38
-0.7
4.8
-11.63
1.28
0.1
-47
-14.72
18.17
9.81
-6.13
75.93
-6.7
7.13
-2.51
8.22
40.89
5.51
88.92
85.31
-2.56
38.84
-15.35
27.72
-14.73
4.99
44.92
26.17
-68.98
16.25
18.95
41.59
17.96
-8.08
-1.57
58.64
-9.88
-9.14
-27.37
33.33
53.41
97.67
-9.75
14.61
-3.45
-14.82
-113.1
30.31
47.34
-22.39
4.86
-60.52
-6.86
44.99
-52.78
-14.69
36.33
-1.01
-5.64
-7.86
28.44
-6.98
0.02
-28.44
9.44
16.24
3.56
-5.49
0.08
-17.51
-1.37
10.56
-96.7
88.65
35.27
41.46
24.25
-28.17
-20.22
-1.01
53.96
-34.89
-7.58
12.41
7.28
3.98
10.67
-30.6
-68.34
-13.91
13.07
13.15
-27.6
-7.14
-37.36
-1.82
10.37
-8.79
-15.42
14.49
8.1
-15.36
27.52
-25.78
12.58
-4.1
12.55
-22.91
0.74
-4.61
0.61
12.37
-59.15
-30.89
7.2
-5.94
30.83
-0.3
4.79
42.62
-52.66
-11.35
15.2
4.32
5.11
-7.63
7.38
-11.59
-113.78
-9.89
25.16
4.69
-6.72
-13.27
11.71
-72.94
9.76
-61.31
6.05
-11.94
-15.74
2.16
6.13
47.17
13.01
-2.57
1.26
-4.26
-7.61
-61.3
-54.27
-40.08
1.94
-55.33
60.31
27.3
-8.92
13.07
9.86
4.24
39.64
84.26
-6.67
-36.52
27.1
-67.55
-51.24
-12.21
-111.16
-0.06
84.69
-23.99
25.54
7.18
-28.88
-87.12
-17
32.37
-80.54
14.8
4.98
10.87
-19.5
8.88
-10.58
47
84.09
17.77
10.8
-19.05
15.2
7.9
11.36
30.47
29.28
59.16
-2.56
-21.9
-69.09
-7.3
19.34
-6.13
-3.87
4.7
10.24
-125.73
3.09
24.5
-3.6
-3.1
13.2
19.48
-11.08
-14.26
9.05
8.15
20.59
9.08
56.17
-3.95
-56.25
-13.77
23.46
-42.35
-38.86
-53.78
1.75
-108.89
-29.47
-40.32
37.92
-83.92
-13.14
12.46
-10.27
-12.91
86.6
60.95
-3.76
-10.65
-51.15
34.6
-13.16
-5.43
-22.82
35.69
-12.56
6.2
4.39
-2.4
141.6
-34.11
1.25
-24.41
27.68
9.36
-0.53
9.18
17.88
14.54
1.44
-47.82
-10.2
44.69
-4.61
59.26
-105.62
-13.6
-3.33
119.55
-16.67
6.01
39.48
-4.6
285.34
3.01
47.29
-8.68
-5.6
14.02
19.14
-157.43
-203.41
-12.7
6.4
-8.47
-7.27
-98.09
-84.18
12.62
-5.04
-28.42
-45.03
-1.35
72.35
10.21
69.04
3.72
-8.51
74
-7.7
-23.46
-7.38
6.54
2.84
-42.3
16.88
20.56
-14.89
9.17
48.53
7.25
24.27
9.61
-5.21
31.19
128.09
-6.54
-25.29
0.96
19.89
9.99
-67.25
38.73
-155.95
-57.2
35.48
-4.49
-12.09
152.71
-3.97
8.09
-1.01
7.4
66.31
-19.41
-39.44
-36.43
-8.52
28.85
83.18
53.93
15.4
4.82
3.67
-47.11
18.69
3.41
-3.03
14.93
10.29
72.56
59.79
30
-0.03
15.94
-75.5
16.74
15.25
11.52
-6.38
-9.42
-21.04
82.31
60.77
-84.01
-7.2
-32.76
17.04
36.61
-55.34
52.76
26.47
27.9
56.35
1.8
-16.7
-39.54
2.3
-18.48
44.97
-11.32
-1.16
-0.67
106.18
-53.15
1.36
10.93
50.44
68.64
-111.83
1.87
-38.82
-4.25
-6.25
-5.07
8.37
9.94
50.94
9.07
-13.91
11.34
-33.13
-2.97
-28.66
-0.1
26.71
7.39
8.22
-10.44
10.37
-29.05
-7.22
-11.21
-55.78
-43.28
5.12
107.84
-7.35
26.73
-43.15
11.35
5.96
82.82
36
1.25
48.31
4.24
62.26
46.85
-88.52
-40.41
-35.5
-120.62
-114.58
35.74
147.48
36.99
-28.16
21.82
-9.67
8.22
4.09
52.06
-17.82
-8.12
-3.44
-22.19
-24.46
15.28
-31.35
81.94
9.52
2.96
-3.48
-8.14
0.18
-5.74
71.35
-87.92
-15.31
63.63
-9.25
-88.49
33.56
-24.08
10.47
13.91
3.52
10.72
-102.72
-14.55
-3.7
0.79
6.84
-92.68
-15.05
5.62
-34.15
-8.52
-0.44
-7.21
-15.8
-12.97
-50.63
156.63
3.69
0.22
25.53
8.99
9.38
64.57
-38.22
-0.9
-3.05
11.56
-7.63
-65.09
3.1
-114.34
47.09
7.47
-0.7
8.33
-22.29
-28.83
-4.26
-4.04
-3.58
-11
-168.23
-89.4
-62.69
-9.78
2.16
-7.3
-25.47
-85.56
3.52
1.96
-93.25
-17.3
97.01
-13.45
-37.97
10.14
-85.1
11.83
-67.55
-3.96
29.84
-2.38
11.85
43.92
6.85
15.52
-16.11
1.1
-48.03
40.83
5.23
-9.6
-15.44
-7.56
114.93
-5.54
-200.04
-78.01
-8.28
-2.8
-11.67
11.78
11.6
-14.49
18.95
-106.25
74.44
69.36
-1.09
-45.3
9.22
5.57
-6.05
3.9
-17.23
-34.15
-44.68
12.03
-16.23
36.76
-18.25
6.29
64.04
-97.89
-29.66
-10.16
-4.6
5.04
-20.24
-1.05
83.07
21.75
-33.35
40.94
2.59
5.55
31.67
-13.07
67.67
4.86
-46.22
37.31
-36.67
3.09
74.78
-13.38
8.75
-56.58
3.45
-12.69
-7.01
-6.89
58.85
82.48
9
6.79
-5.82
-12.21
84.35
45.18
44.01
8.89
2.33
27.92
-24.52
-35.98
7.5
-9.69
-19.95
-27.64
-63.12
-18.58
9.44
-13.98
-40.97
-5.01
38.57
15.17
72.89
-98.92
-11.56
13.08
11.95
5.76
-15.12
1.82
9.47
-4.57
17.73
-10.31
-6.57
12.34
27.66
11.12
25.35
-10.76
51.76
131.79
-45.69
-8.32
23.48
48.27
-12.1
3.55
95.31
30.65
41.24
-2.76
-22.13
-9.03
89.04
-6.5
31
5.6
4.99
-10.84
14.98
-47.5
48.37
26.92
7.35
-6.18
-38.01
35.42
4.75
7.75
51.08
-8.37
11.08
74.45
6.69
-6.25
34.15
66.62
77.22
-8.22
-7.99
25.82
9.91
66.66
4.65
-4.5
-2.51
5.95
80.56
-1.99
-0.84
3.11
-121.31
203.96
-31.09
-6.79
-113.53
-50.78
-31.46
3.19
-74.56
39.7
-70.21
-20.73
54.57
6.19
3.62
-3.86
4.3
-18.05
13.79
-54.18
-91.16
-129.88
-5.27
11.36
2.74
-73.1
-10.53
60.98
-0.68
4.1
5.52
32.44
11.84
-78.22
43
50.73
-15.6
-9.08
-33.62
16.09
-5.95
-12.6
-2.52
4.74
6.49
11.07
-1.66
14.44
11.22
-81.6
101.67
-152.76
-5.37
34.06
121.43
1.68
3.16
70.25
16.39
-9.74
-54.38
-74.8
10.01
-11.28
12.2
-38.13
320.1
-11.26
-18.93
143.3
6.73
-58.07
2.17
-98.75
-48.65
3.27
89.38
15.7
4.41
43.66
-11.1
-1.6
57.68
-4.89
173.13
-5.05
3.5
-134.85
9.54
10.41
86.91
-105.05
94.87
-135.34
9.72
-161.04
-46.36
36.29
9.88
-2.25
30.19
13.3
10.41
-55.07
22.44
-3.57
8.88
5.62
-54.4
129.77
32.58
3.31
30.49
68.57
28.6
-9.72
69.23
47.3
52.25
-8.59
9.32
-88.09
-12.34
-27.33
-34.71
-10.1
0.45
0.09
