-9.2
-18.48
-47.79
-5.44
-16.82
11.11
-0.43
2.31
-14.81
-54.33
-3.68
-14.07
-1.67
15.28
-181.5
-13.33
6.03
10.86
148.92
8.9
-6.44
-1.27
-11.55
32.49
-3.71
33.87
-10.51
-59.39
10.52
11.54
39.36
-31.51
38.37
-57.37
3.77
-23.99
2.6
-2.71
-36.18
72.34
-18.11
60.52
-7.62
15.75
5.11
-36.48
-4.41
-24.5
33.83
72.76
5.74
-25.24
99.54
21.44
122.58
33.75
104.67
-8.5
15.91
6.84
-105.4
74.47
-19.54
13.48
-46.35
9.1
-74.43
2.72
40.34
-2.47
31.31
-248.6
-265.23
-52.42
-19.15
-36.12
44.03
-5.64
91.66
39.82
-19.88
2.12
31.78
236.13
8.18
-59.4
-37.16
19.93
-22.11
-1
-12.61
-126.43
-15.66
9.9
-12.33
7.33
-57.35
-5.43
42.39
6.32
-55.36
57.76
-4.88
24.87
7.27
-95.9
-19
54.41
5.13
-0.07
15.71
-56.07
-125.58
38.8
-86.87
-31.38
11.15
20.4
76.72
78.22
47.7
-69.93
-15.01
57.74
-200.38
-33.93
-25.67
29.25
-10
-3.29
12.39
-2.01
-32.81
4.23
-11.53
37.4
7.88
0.58
5.51
23.54
-16.32
-1.04
-136.42
11.97
43.22
-5.69
-8.23
-71.87
34.65
-10.67
21.77
-0.6
7.82
-25.63
1.65
42.61
-16.56
-9.05
4.27
42.27
-11.01
58.18
-0.74
-80.88
3.82
23.36
-6.22
134.11
1.67
-5.11
-27.92
-109.24
-3.85
56.03
97.48
70.77
-94.88
-6.49
15.56
-5.56
-41.75
-2.64
44.99
-31.22
-81.76
72.06
-1.87
45.3
9.34
4.35
14.28
0.85
8.44
-2.85
1.93
-2.87
6.64
-0.08
-7.07
105.44
-13.14
5.58
-8.73
66.7
4.03
-2.94
51.19
46.87
3.11
3.22
-1.49
-54.67
-71.15
-17.08
-28.11
113.76
36.37
-9.69
-12.29
13.42
47.98
-12.28
43.86
0.52
13.94
-78.32
76.09
13.08
48.91
7.75
-171.91
-20.51
41.96
-25.96
76.17
-34.34
-85.13
-20.24
15.94
11.3
-117.44
4.13
-59.51
7.56
-14.82
-22
22.19
8.59
68.81
2.99
11.02
5.42
8.12
21.96
48.73
-12.31
39.77
-11.03
28.77
4.98
51.58
-52.06
-1.16
-7.23
8.53
-44.49
-14.89
63
49.77
-1.94
4.76
57.48
-8.98
0.17
-6.08
-20.52
-50.88
-184.58
60.49
28.29
-44.55
27.62
4.54
39.55
-6.94
1.09
12.34
60.19
-40.53
101.35
11.7
-8.46
-71.79
4.48
12.92
8.74
-28.35
-29.56
12.25
-6.97
-7.29
-3.4
-117.16
-25.97
0.98
60.4
39.94
3.87
5.19
-9.32
-17.84
45.43
-12.88
49.84
80.87
-42.48
7.15
133.93
25.84
-58.21
-7.41
11.32
46.97
6.86
-42.35
12.14
-18.12
-0.43
15.42
36.16
-2.7
8.41
-66.71
-74
-24.36
-0.9
-18.16
-13.07
0.32
42.81
-9.83
-127.05
-16.47
-116.06
-70.67
7.22
18.97
-0.46
26.52
16.79
-21.22
9.95
56.48
-77.51
-3.56
-73.22
28.48
-8.66
4.15
165.86
41.53
6.1
3.71
12.79
-49.42
-36.21
-21.18
-4.06
5.43
-1.88
70.19
13.09
0.56
32.43
36.4
39.84
38.02
60.39
6.38
-18.11
-9.04
-15.73
102.26
-2.58
3.46
23.34
33.93
7.68
-5.04
-13.78
5.62
-42.54
37.16
2.93
-9.74
130.87
17.48
4.73
-77.71
45.21
2.17
3.98
-2.73
83.88
18.73
-1.07
19.98
10.49
-80.33
18.01
-10.38
-11.65
6.12
-7.71
-19.32
-94.05
-41.73
-40.21
-5.24
37.61
-107.32
-18.34
-46.78
-7.7
-12.23
-5.57
117.12
17.56
4.55
-10.2
-8.6
8.77
-9.69
24.13
51.89
76.75
-7.81
-10.73
-14.75
22.89
-15.38
5.82
29.81
11.1
-6.7
-16.95
11.72
10.57
-131.82
13.59
-11.38
2.12
53
-34.71
-47.85
27.63
99.1
-17.62
-1.19
-68.14
3.22
4.26
73.09
1.16
38.6
27.77
-14.03
7.94
30.71
-4.44
-68.39
-11.06
-128.26
4.22
28.89
122.22
49.7
-4.55
48.72
-7.14
-21.84
-393.83
7.39
-50.95
9.8
-8.51
-84.63
19.19
0.96
0.63
-71.82
47.01
91.5
1.12
71.6
-94.41
-82.34
-6.82
18.04
-2.51
7.23
-8.92
-8.35
-10.54
13.15
71.18
5.58
34.02
-15.72
10.18
-4.85
-18.12
-9.1
-61.34
50.8
12.39
-4.24
44.99
11.9
9.46
12.17
0.83
-10.99
-56.43
156.77
18.45
-1.69
-0.94
-6.97
11.32
-4.24
-51.03
-55.54
-56.51
13.96
13.16
9.3
3.97
11.36
-42.08
-81.4
-9.96
-2.85
16.51
8.13
-4.63
2.86
-6.38
11.88
43.75
-21.61
35.63
6.99
-5.86
11.1
-8.25
50.17
-46.15
119.12
15.47
44.02
-20.15
-1.81
-5.09
104.92
67.77
-93.03
-3.61
-143.91
99.73
-9.47
28.07
14.48
58.96
18.65
-37.87
6.86
-40.55
7.1
-40.7
-0
-15.83
5.68
40.34
17.32
2.72
65.99
-162.98
-10.23
8
-12.47
18.61
97.94
-8.3
-60.23
-9.08
36.5
-6.11
-0.9
-193.83
50.5
47.61
7.9
-21.7
22.47
-6.37
-41.54
19.28
-7.56
-1.12
16.6
-6.37
0.12
5.1
-8.79
-3.69
-15.02
81.88
-183.76
53.86
1.16
-25.42
12.68
-127.88
-40.4
-11.36
10.45
12.73
-8.62
14.53
-73.34
-14.28
15.39
-5.08
-78.45
-1.07
-2.12
-6.36
17.68
79.08
16.25
-20.36
43.92
19.22
34.06
-19.87
-11.23
54.73
-104.81
5.02
-63.74
11.44
-50.65
-34.07
15.39
-33.01
76.9
6.78
-9.37
11.48
-18.45
-5.3
42.69
-31.15
9.32
-24.3
-22.91
-13.15
-47.45
121.23
41.44
8.95
27.01
13.93
10.82
-65.85
-14.91
-4.24
2.08
-0.68
-0.79
6.1
0.12
19.85
-11.19
-213.12
-34.28
24.89
92.58
-11.51
-1.21
-14.19
-2.27
-52.13
-1.69
-0.32
16.05
72.24
-71.24
-27.03
10.78
22.6
-10.33
3.41
62.87
6.59
11.81
-33.59
-5.46
1.69
56.16
-43.66
-99.44
-2.15
12
-9.37
2.16
0.48
-59.05
21.06
-30.12
-5.83
-9.13
40.87
-76.89
-11.29
-15.81
-43.12
37.01
-35.51
67.54
26.19
18.23
-9.4
58.39
-32.49
6.9
-7.58
6.22
-18.65
31.44
-14.83
3.78
16.06
-83.52
14.64
107.82
-24.24
-41.26
108.74
53.41
21.23
90.14
12.16
-32.36
79.01
-13.98
-18.24
54.96
-29.25
10.87
-29.8
-60.69
-3.06
51.68
-21.86
-11.15
43.82
43.25
1.92
-7.67
-100.61
106.28
1.69
-27.61
15.85
-40.21
-24.64
10.85
-7.94
-4.41
-4.13
-42.67
-2.28
-74.21
-3.15
-2.7
21.47
-8.97
-19.39
19.39
-48.37
-16.24
-13.97
-12.8
12.3
-21.05
-10.05
-26.08
-159.3
-4.93
5.49
-0.08
-9.76
36.13
-24.07
6.24
75.3
3.51
-47.86
-3.32
-8.86
-16.08
45.53
5.01
2.04
-96.71
43.47
-24.91
-12.15
16.65
6.52
8.63
22.73
67.62
84.77
18.49
-8.47
-0.66
-12.18
58.99
-1.48
0.17
14.33
-11.59
14.07
-7.18
10.32
-110.64
-48.94
-7.02
-6.96
63.18
0.18
7.04
88.23
-71.16
46.92
-33.51
6.95
-45.76
-9.3
25.25
67.94
-1.09
79.79
-33.39
-58.7
-5.84
-3.9
110.34
-0.21
73.25
25.74
-17.36
17.74
42.3
5.84
-75.7
-0.55
23.01
-54.33
-48.07
-61.88
11.82
10.92
27.58
-16.32
89.66
55.13
-8.58
-41.45
26.88
7.84
-6.41
7.67
42.26
-2.77
-1.26
-38.15
7.28
0.25
-120
38.57
5.48
11.19
-16.2
-29.3
-4.93
43.46
-10.17
-7.39
5.23
3.42
4.82
-58.6
-7.76
-21.51
10.24
-2.88
55
37.12
-31.1
8.01
-97.5
4.64
51.23
-3.47
5.28
-11.84
-12.81
-7.06
-18.73
74.58
7.64
3.31
25.23
22.43
3.26
-20.31
-26.55
9.14
50.46
-57.61
42.97
-3.42
8.5
9.52
-15
-8.17
2.49
-66.54
13.16
-19
26.5
-0.3
18.3
-7.25
-5.83
12.32
-64.54
11.81
-20.62
-108.42
-16.09
-9.41
9.28
94.15
130.66
8.48
-64.84
1.01
13.37
-18.28
-10.2
-9.3
25.66
-13.92
-31.26
-51.95
21.1
133.8
-9.17
0.06
7.14
72.02
-15.71
-4.01
9.7
11.32
3.93
-16.63
28.95
-61.8
3.11
17.11
-10.67
8.03
43.42
105.7
6.08
8.98
2.36
83.03
149.83
-6.29
-37.39
60.49
32.46
-38.3
-76.38
-16.56
10.54
8.03
6.5
-17.55
16.77
-2.1
-8.12
-3.74
-18.24
-47.56
17.01
-3.15
18.67
-10.26
-8.58
21.09
13.46
-10.32
-8.04
5.81
82.4
39.56
