-14.21
78.87
95.73
13.67
10.75
-4.61
14.82
-5.67
-20.62
52.73
-84.05
2.33
18.29
-9.06
41.78
-56.18
80.95
-98.41
-17.98
-3.64
-66.17
-106.03
4.72
20.93
3.06
-67.66
-7.95
-20.96
9.44
-74.08
-1.83
-13.27
20.57
-5.33
-47.89
-2.88
90.95
74.74
-8.58
8.66
0.04
86.77
23.88
85.4
5.23
-117.04
48.54
-7.37
27.42
17.88
-7.92
22
8.25
-106.8
-39.69
-24.17
-28.23
7.14
-15.17
13.82
-58.38
-11.88
-22.64
11.05
7.76
111.68
105.75
-69.62
-17.16
-1.5
-7.8
64.56
-42.22
-85.74
101
3.57
11.61
-27.93
-5.37
-14.83
29.7
4.24
29.83
48.77
4.9
-35.02
-6.25
22.62
46.23
20.38
88.4
7.01
8.56
52.69
12.03
-15.05
3.67
8.25
-6.37
4.55
-43.71
19.32
-21.85
-53.84
3.25
-4.79
59.11
-14.97
22.67
-12.91
-4.06
-24.12
-30.44
-16.67
7.89
10
14.66
-12.39
-183.23
-9.8
-23.36
9.17
1.96
-27.52
30.93
1.16
-8.75
-51.55
2.51
63.99
-8.46
70
-34.97
1.12
-28
12.04
-163.64
4.04
-53.39
23.48
-39.96
14.35
-16.71
94.89
67.38
-13.59
6.41
-5.24
41.85
-6.09
-5.99
52.54
-13.3
-10.25
10.68
7.86
-37.29
63.43
-18.11
6.7
-6.21
36.91
-29.14
32.23
-10.93
10.26
-20.93
46.92
18.74
-7.65
144.96
26.41
13.77
15.58
29.82
32.18
-6.68
-14.11
-4.55
4.16
16.14
-26.98
10.94
-36.14
4.76
-75.88
1.95
-2.18
-20.54
-67.38
19.84
1.84
-28.05
47.93
-13.83
-74.03
-15.9
7.05
-71.82
-3.19
-11.77
3.51
-6.62
18.71
-27.82
68.4
-2.95
-132.85
48.41
6.4
1.18
5.53
-32.6
2.64
35.33
12.77
-33.37
87.21
14.56
-72.02
-25.87
-11.2
13.08
37.63
21.16
-3.65
6.22
-135.89
-10.49
-7.43
-12.06
32.92
5.71
-87.69
38.77
81.07
-23.23
20.6
43.96
116.12
5.7
-16.49
36.57
-20.46
94.82
6.78
-115.23
-35.2
-5.15
-58.03
66.35
16.9
0.06
16.53
-25.07
-29.31
12.51
23.78
42.87
0.19
-3.31
14.54
-179.01
4.49
10.43
-89.24
42.83
-26.96
-9.03
-47.1
-1.77
-2.55
-7.91
2.68
-1.28
-2.49
-19.73
-4.63
-9.61
-26.43
10.77
-12.54
43.74
-27.75
83.16
-15.07
-4.93
-22.57
3.31
-46.13
43.63
-23.73
-17.08
-27.55
-87.25
-5.3
8.54
-0.15
38
110
9.76
-14.93
7.91
-7.25
9.47
16.04
9.76
127.53
79.88
0.6
-47.98
3.99
120.96
-2.66
-79.16
-28.17
-7.39
-8.81
-111.98
10
41.85
-147.45
30.46
8.78
24.39
-6.24
-4.2
-26.4
80.86
-38.1
17.28
-24.82
45.37
-23.76
137.49
34.26
2.02
78.07
-23.18
-9.14
38.02
-8.38
13.44
-8.59
-22.06
12.18
24.72
9.69
18.55
-21.25
107.89
0.13
52.3
1.93
-5.57
-16.93
-137.88
-34.03
-41.81
-54.44
23.53
1.86
17.72
-9.32
4.63
12.58
108.64
7.01
67.62
7.32
30.37
-135.23
17.83
46.64
58.02
-76.68
-12.84
-7.96
69.7
-2.73
-7.39
-4.26
51.03
6.63
34.06
-6.85
-8.4
1.13
-24.95
-1.76
-2.14
-0.71
-15.15
-4.74
-7.91
54.15
34.4
-16.43
4.05
11.76
-1.46
22.95
-42.2
-16.59
-122.41
-48.37
62.81
-6.27
11.21
-37.82
1.27
-85.53
-0.05
-5.9
84.68
-8.15
24.68
-3.24
-9.38
31.76
3.8
-5.29
146.9
9.62
-8.33
76.09
8.15
23.56
-13.47
24.55
5.24
36.01
-3.23
38.51
-36.01
61.86
49.14
33.37
4.62
-89.51
-33.93
5.04
-15.35
36.4
17.14
-16.42
-8.18
10.06
14.59
-16.44
-19.5
-20.76
10.66
50.85
6.22
-75.11
61.98
10.06
32.01
-71.98
6.32
11.53
-54.35
-26.49
2.52
12.3
-128.77
47.6
-10.68
0.2
-11.32
-0.96
-1.44
-12.88
22.78
-34.5
3.7
5.14
5.51
8.8
-0.28
25.47
12.3
31.49
-1.87
-4.13
19.72
-68.02
-8.64
126.67
4
-11.24
25.75
-3.04
76.14
-8.34
-105.54
-1.41
14.26
52.94
4.26
-9.86
-2.21
-12.24
-11.64
24.78
24.23
-30.37
-61.05
-26.93
-1.59
-136.67
7.06
-0.13
27.34
-189.57
-35.49
9.67
53.23
-17.08
36.57
-129.98
1.85
-165.83
42.41
29.45
-43.33
-21.91
-9.75
11.54
3.51
1.69
82.5
28.21
25.27
40.89
34.62
19.41
16.09
-75.01
8.3
-42.61
-33.48
-3.4
49.47
37.13
15.01
152.53
10.4
-9.59
2.39
-4.85
-28.31
-7.82
0.31
-111.25
-2.78
12.73
5.52
-9.34
-16.62
-36.9
-7.5
218.48
65.22
-58.13
-11.67
0.13
2.63
6.86
-101.12
0.42
-22.86
-6.17
4.2
-8.08
-79.17
-21.79
3.55
-3.11
7.65
92.17
9.39
1.64
7.19
63.91
-0.39
18.43
-13.14
1.18
31.41
-1.59
147.39
-67.41
-1.28
-0.98
-13.32
-3.72
-30.77
-39.41
69.32
7.97
-11.19
25.52
-14.79
-61.91
-106.75
-8.72
-43.99
-2.71
0.32
-2.27
39.31
18.9
46.17
0.45
3.55
73.39
25.57
-99.59
93.13
0.39
9.37
-13.86
-1.13
1.89
-15.13
11.7
103.79
23.97
83.75
38.86
7.98
-31.59
-0.93
12.5
124.87
4.8
-69.78
6.56
325.71
-34.04
-10.2
35.17
-95.09
47.6
11.99
-46.3
80.47
-48.64
-2.27
18.48
0.32
-4.08
-10.12
-8.8
32.83
22.96
7.64
13.35
24.47
-316.32
7.61
-7.47
51.69
8.25
-14.53
180.05
-70.96
-20.9
9.63
-48.8
-31.91
-0.02
-7.34
1.36
6.99
-29.97
103.68
138.56
10.87
12.85
51.39
7.73
-0.8
-9.98
-33.54
-13.87
-18.22
83.95
21.07
-24.47
18.96
61.29
-2.05
44.39
28.65
5.15
14.51
-10.01
94.39
1.25
62.72
-100.85
-3.8
-30.33
-103.97
13.26
33.53
-20.19
29.87
-14.61
69.92
-37.72
-14.78
-3.1
6.28
0.15
10.43
-0.83
-0.41
-94.06
0.5
-29.48
-243.77
-31.03
-4.73
0.87
-3.24
-6.81
15.19
45.08
36.14
-38.71
67.23
3.38
38.59
-0.46
16.11
-52.32
15.33
-8.61
15.21
1.19
-31.58
-7.02
2.25
7.36
-30.34
-8.93
-146.08
-3.88
-108.27
-75.45
9.51
-12.71
46.83
40.7
64.74
-20.95
6.46
41.93
-56.47
47.51
27.26
6.07
-12.95
-37.96
0.05
7.01
-39.65
-4.42
13.74
-29.06
-8.31
18.68
55.84
-1.68
6.28
-8.98
-35.96
2.43
-91.24
52.51
66.22
-1.72
6.76
69.73
-8.53
-93.18
-15.1
-7.84
22.69
-7.97
13.61
-43.37
-23.74
16.17
24.42
8.25
-0.93
-0.81
-66.6
101.58
-65.22
8.17
21.7
0.98
-4.13
-70.49
-72.08
8.43
-6.27
45.23
-10.45
-24.95
19.76
26.42
71.45
-12.62
-78.71
39.4
2.36
-31.51
10.19
-0.82
-15.3
-0.3
160.49
17.72
-20
16.18
-67.36
-48.55
6.75
-125.49
0.56
8.91
-71.26
14.25
72.54
14.31
13.03
-3.69
-4.53
-16.45
-2.07
13.19
7.86
-98.15
-11.25
8.53
-6.95
-12.35
-26.9
-150.96
-152.9
7.8
6.99
72.76
12.45
4.01
-39.62
-13.27
-22.33
-1.51
69.86
20.75
10.98
-11.23
9.44
-26.2
95.39
-36.87
30.39
-3.99
-89.5
5.16
-1.11
14.56
-112.56
93.58
0.33
7.82
-94.37
8.99
-5.59
-7.43
-9.79
-13.09
-74.5
-56.67
9.45
21.08
0.88
29.7
-7.36
16.65
45.94
-4.01
166.81
-58.99
8.53
58.91
-64.46
13.61
5.15
-12.96
12.86
-4.11
-3.22
-1.37
-0.82
28.13
-11.86
19.42
28.24
-93.83
37.3
54.05
12.18
52.88
62.43
14.19
-7.46
0.85
2.05
-98.88
-14.05
-147.67
-123.96
-11.18
13.51
39.2
6.82
68
12.73
24.33
-62.71
-2.41
-21.29
84.81
39.12
50.48
-120.65
4.89
-72.47
0.26
15.96
77.31
-19.89
-29.37
-2.07
14.66
86.54
48.05
-77.55
-50.19
9.61
8.75
32.31
3.77
25.84
29.8
-20.47
3.43
-4.74
-193.71
14.46
-41.42
-21.46
-104.5
20.03
45.45
74.53
-10.4
21.24
-10.42
-9.04
-28.23
10.71
-6.25
-9.02
80.61
26.3
-121.8
-38.02
-10.36
11.56
-39.72
-57.39
27.3
-0.07
-63.12
35.81
-10.81
-10.86
-12.37
-38.75
-97.25
1.97
-11.5
39.9
2.54
12.61
-24.06
11.1
-53.98
33.88
-51.49
-2.05
37.16
-97.85
-164.2
-6.2
4.5
-37.12
4.72
-4.27
-25.04
-8.73
-23.27
-48.85
43.21
