-14.85
-8.53
-1.75
123.72
-176.76
9.06
-7.98
-10.08
15.59
178.79
12.61
94.77
6.79
3.9
-9.99
23.27
-5.1
-1.98
1.46
14.71
2.53
64.94
-50.43
-1.92
-6.62
-13.52
7.53
7.98
-11.78
-9
-43.85
22.84
-14.74
-3.94
-27.19
-10.2
-21.82
51.09
-9.8
-36.14
7.62
9.26
-84.86
-8.11
48.26
18.15
88.33
30.5
6.87
-8.15
-36.42
-1.71
-4.83
3.77
17.86
-79.93
-172.15
33.57
-72.09
56.86
10.4
-14.35
11.69
10.81
-3.53
-79.51
77.71
-9.12
-0.36
60.33
10.05
34.49
-145.34
-38.76
17.22
20.65
11.07
-66.41
-0.26
-11.01
-10.56
-34.29
19.66
-56.68
-45.76
-12.57
-6.77
-151.51
0.48
23.87
-38.63
-18.49
-139.2
5.06
-43.54
7.74
-4.51
51.64
-19.67
-60.31
1.48
1.67
-192.34
-2.16
8.96
31.09
-15.53
1.55
-17.97
40.91
13.25
-46.5
-50.44
0.02
4.98
1.45
-32.9
-1.73
-11.37
47.54
-1.84
216.41
-49.28
0.39
-9.32
-5.8
-16.67
-6
-34.24
98.41
-7.81
50.51
-15.98
61.51
27.69
3.78
-62.03
-6.59
-14.02
1.75
-11.23
6.19
8.02
67
-31.49
-9.34
-39.79
-4.28
-36.01
7.48
5.49
45.52
-3.34
-2.5
24.73
11.98
32.36
25.72
-1.61
64.11
1.13
21.32
-11.62
-67.54
4.82
63.64
-6.33
0.29
-3.17
0.46
-35.2
-4.57
90.65
9.7
103.88
-10.65
-12.38
-27.83
28.05
37.17
-23.5
-5.39
-48.77
-29.15
-30.75
7.82
-3.64
56.12
-60.2
1.4
-29.83
7.03
-11.4
1.62
-144.34
34.61
5.22
0.71
-62.99
-74.86
7.57
7.98
6.27
82.26
-17.52
1.92
-13
-4.14
13.07
-2.63
-99.47
-23.23
40.55
-15.55
13.39
28.19
1.53
-2.36
18.95
-22.41
18.16
-5.29
-19.02
9.45
-67.01
-0.67
-66.31
-5.16
11.06
-1.24
-32.25
1.11
-50.36
-5.21
-6.1
29.88
-134.32
6.44
84.55
9.28
-10.66
-28.87
87.91
-33.81
12.18
-5.45
-64.44
-122.32
-1.1
-6.74
4.35
19.14
2.58
72.48
-19.07
-9.44
14.95
-8.49
13.32
-8.76
15.67
-12.99
-5.36
-302.12
1.64
45.65
-12.47
-41.98
-104.37
-20.48
7.6
1.79
9.93
-43.28
18.52
-11.4
17.86
-7.66
32.82
-10.8
-60.49
-2.22
-72.4
-5.98
14.09
-18.37
-36.64
-7.5
67.86
-131.84
101.17
7.86
89.84
58.69
11.1
5.41
0.62
-3.32
-117.5
3.7
-13.21
11.42
-147.32
15.7
-14.76
39.92
-5.17
17.57
-1.7
-43.19
96.92
2.25
-7.9
-10.31
-45.3
-9.55
8.55
34.78
-1.51
109.69
13.98
-11.44
-5.63
-17.54
-18.44
46.04
-16.54
-23.18
-44.84
-31.75
-24.69
-10.42
24.6
-102.26
48.38
5.21
-27.01
26.27
60.12
-30.3
-0.51
4.4
3.63
5.83
48.86
13.4
-130.85
-14.32
-15.58
7.98
-20.18
44.17
85.99
-6.22
4.72
6.15
-24.03
2.73
-39.29
4.85
-3.23
45.13
-61.56
-154.28
-37.56
-15.2
-25.02
88.08
17.34
7.62
26.31
33.98
15.93
-16.85
-45.71
22.8
-2.12
-10.79
-29.14
5.11
11.97
12.48
-12.8
57.84
-19.79
13.01
5.73
-7.68
-98.16
24.24
12.41
4.62
14.98
-6.19
-2.81
130.97
10.94
-33.03
-64.57
87.69
-58.43
-24.66
13.32
-9.42
7.81
-45.1
-39.3
-10.7
11.37
-69.52
-45.18
15.54
-9.02
25.76
-33.7
8.53
-5.25
0.93
39.4
-8.55
-43.09
11.91
37.23
-11.56
7.13
-14.14
-17.23
2.83
5.86
-5.64
-12.77
30.34
8.21
-14.75
-16.37
35
-56.83
-7.32
53.46
-40.11
3.03
104.73
-92.7
-50.25
-4.6
86.66
-6.37
8.43
2.84
40.75
62.54
-0.1
-70.69
-261.85
-6.7
49.94
7.36
-65.75
-27.01
18.08
-36.61
32.33
-29.25
34.02
-52.54
-42.85
-4.03
-11.44
-141.32
87.55
112.9
1.5
-8.05
9.1
39.13
0.71
-1.67
28.14
-0.43
34.79
126.99
-96.7
129.57
-11.58
99.73
-71.73
-82.91
14.76
2.86
15.29
6.78
-15.56
-1.06
-7.37
23.04
-38.8
0.99
-32.71
2.99
18.26
13.11
29.85
-21.45
-15.34
-9.34
-34.4
73.23
31.87
-89.55
52.05
-47.05
120.98
-15.27
-100.9
76.74
1.29
28.41
7.74
-5.74
-2.68
-8.14
-98.83
3.46
6.38
114.5
18.17
-50.05
70.69
-16.46
98.12
31.43
43.09
-98.57
-10.13
-32.17
40.45
-27.96
6.65
110.52
-65.39
-64.33
-72.46
-3.59
3.62
34.6
-4.31
-10.87
6.1
8.37
44.44
6.55
-12.12
-15.48
4.89
-13.65
69.56
51.09
-17.45
-7.15
10.81
43.77
9.53
6.39
13.71
4.29
-9.41
29.94
12.86
105.17
21.08
-7.07
-11.72
10.63
0.47
7.72
3.84
-69.8
13.05
-17.46
-25.88
4.13
-94.86
-5.45
14.89
-19.3
-8.06
-9.97
88.41
55.09
20.77
191.38
-1.85
-13.7
-85.9
-6.73
19.83
40.07
-5.81
1.17
-7.61
20.5
-1.76
25.28
-102.54
-15.5
8.64
11.81
127.95
-3.92
-11.07
35.67
-4.46
-5.65
-11.45
37.49
20.36
3.96
10.8
8.18
-126.22
17.27
99.06
3.72
-12.52
15.35
-149.67
21.93
6.41
1.9
-90.25
64.98
68.75
10.45
0.51
-7.43
-8.6
70.29
9.03
-21.67
49.09
-19.98
-13.26
-24
35.73
-3.96
-5.19
-3.33
12.3
9.56
47.79
44.25
136.72
11.75
-54.61
71.02
14.1
42.56
-18.26
75.93
9.52
-4.97
68.63
-70.71
30.63
5.81
-74.68
-6.97
30.7
-8.81
-57.25
-11.29
67.56
15.34
69.08
13.53
35.39
-9.53
-7.13
-74.48
-0.3
-1.85
54.01
1.75
-24.06
2.62
12.47
11.69
-9.21
-3.2
51.29
85.92
104.95
11.32
117.9
74.23
71.45
-3.63
43.05
55.75
-5.12
25.08
-16.93
7.08
13.59
3.65
-35.22
-7.58
30.49
-5.65
-32.08
-12.61
-8.99
7.26
17.17
2.64
21.86
-11.96
24.29
-6.81
-38.33
6.77
-12.79
16.85
2.45
74.05
17.93
-17.8
0.93
-0.78
-32.26
-15.32
282.25
10.96
58.2
2.85
-6.68
-106.51
62.35
14.61
-23.95
-3.58
123.9
6.35
-68.49
7.58
10.3
21.58
1.88
3.29
9
7.31
-10.1
-1.47
-72.19
3.84
167.41
7.2
-16.14
8.92
-40.05
-2.27
18.61
-31.9
0.6
-18.13
50.3
-7.9
-8.36
63.68
12.16
48.85
9.85
-63.6
1.31
-13.99
39.89
59.26
6.55
-8.15
-10.3
19.57
38.34
-97.24
11.5
15.21
55.54
-2.54
4.61
8.77
79.96
14.58
-5.15
7.91
45.54
-10.42
-110.13
13.16
8.97
-20.72
-1.96
29.02
44.32
-101.26
44.8
-2.86
134.87
-195.87
26.32
-40.82
24.04
28.67
-9.35
24.93
-19.48
-9.2
-9.72
144.49
-11.01
6.19
-3.34
-36.78
-66.26
76.25
-26.76
-0.58
55.72
-0.28
-11.36
-185.3
44.86
-7.26
4.81
-52.29
-124.91
1.15
1.33
62.48
-35.88
-48.46
-229.09
-21.25
-31.58
-10.2
13.16
3.9
5
-11.89
5.46
3.18
-8.69
166.33
12.78
38.39
-12.71
13.96
-1.99
-0.61
-18.31
-2.3
60.75
17.09
12.01
-35.53
2.07
-30.97
14.87
-4.04
-20.29
71.61
-5.7
-58.48
3.75
1.96
-54.02
-25.03
22.67
-13.6
41.59
-56.27
12.28
-8.15
-14.8
-174.42
-5.22
15.45
4.87
-46.99
-15.68
95.74
-17.15
9.77
-5.71
-27.6
98.65
9.34
37.64
-8.42
5
-26.96
-35.36
-87.27
9.26
77.67
1.1
19.55
-15.69
-39.21
7.15
33.27
9.19
-25.73
-4.9
12.16
80.08
23.28
17.34
39.32
24.26
-0.23
26.79
6.05
-15.82
13.62
60.18
-47.79
5.11
-5.51
5.56
48.48
-24.07
-7.58
-7.83
-17.85
39.55
-49.28
9.66
-67.12
-11.78
82.71
14.94
10.88
31.12
99.5
43.71
42.79
-43.37
-16.34
3.63
-9.54
-40.18
22.96
59.37
11.42
-76.61
10.28
-0.62
-39.43
149.63
96.79
-26.01
-122.28
2.01
-74.76
-111.81
6.11
9.78
-18.63
109.33
60.88
-0.32
-63.98
47.25
-96.25
1.61
-3.75
-17.12
13.27
-9.82
-7.47
13.02
-9.7
-7.31
84.35
-6.96
-28.21
14.23
-7.32
10.67
104.42
-5.44
-50.82
10.86
-19.19
45.85
36.38
67.84
-100.8
-89.19
9.48
69.87
28.12
-26.56
48.77
-51.24
11.55
-12.74
-39.78
142.06
-74.62
3.28
-27.86
10.34
9.89
-102.23
-9.83
47.69
-36.82
58.67
-10.02
-13.85
-32.6
144.81
34.46
-11.58
