62.96
-45.68
11.64
15.31
-104.65
40.45
24.34
-13.32
29.95
-2.71
13.98
52.42
-32.62
0.94
29.97
-5.94
50.72
28.81
13.47
99.42
2.57
10.58
25.22
-7.83
-156.08
-6.39
12.56
-12.16
-5.03
11.86
-59.07
10.96
-19.53
55.28
-10.19
129.05
54.5
-17.89
32.73
-9.8
-22.07
8.89
-22.29
8.79
-61.06
-75.65
15.4
8.82
79.84
-17.29
47.41
-86
-27.67
15.86
10.36
9.3
41.09
15.87
-9.65
-6.98
4.78
33.46
20.07
49.19
38.33
-33.25
43.92
-71.74
-64.86
-138.41
11.18
-62.35
5.17
14.72
1.88
-113.8
143.36
-25.73
65.33
5.96
9.89
103.53
-53.91
-12.49
40.99
47.65
7
53.68
-82.86
-22.96
-34.9
-15.47
39.12
-58.61
-1.87
244.47
-65.97
-7.42
10.87
-10.19
46.78
6.37
1.47
-11.04
18.23
29.88
21.17
1.71
-15.69
3.82
16.42
11.75
13.34
50.22
-6.19
11.92
-0.31
-125.98
-2.66
4.14
45.71
-95.4
57.24
-3.86
-3.5
-4.87
11.78
-4.84
2.64
1.99
-22.89
-6.87
102.23
-1.19
-84.76
6.45
51.04
23.19
12.1
-14.87
-10.16
28.2
9.25
-51.93
-19.93
-9.52
43.72
-8.31
72.84
-5.55
-31.37
-21.65
-3.04
-26.18
15.2
-28.51
3.76
-18.41
25.72
0.19
-8.26
-14.9
1.99
48.61
20.66
8.2
22.76
-25.33
79.37
24.52
8.37
4.74
-31.2
-5.06
-95.45
-30.3
61.38
-6.09
31.42
38.18
38.48
-3.75
-7.2
-35.77
5.63
67.57
1.5
8.27
-0.5
-9.81
5.24
28.18
24.67
28.49
-11.03
-3.57
2.44
93.77
28.04
6.54
7.03
8.28
-6.4
53.66
-61.19
-6.14
7.09
-28.29
10.49
-57.02
-62.31
-50.58
9.34
-12.44
-6.56
8.32
-29.15
22.16
-15.77
-105.19
-15.07
0.62
11.48
6.63
-8.79
3.66
32.12
80.45
-0.33
6.22
13.05
-19.23
-1.63
-38.6
5.7
-28.74
187.14
15.93
-74.06
-16.87
41.6
10.3
13.71
8.44
5.15
-2.06
77.57
-7.16
-84.74
0.47
7.92
-68.09
-2.41
46.71
85.58
-5.59
41.27
114.87
12.38
42.34
-19.78
1.16
33.96
5.22
31.1
23.93
-9.59
8.37
46.4
80.68
-11.63
129.98
-6.57
57.93
9.94
32.99
-54.11
92.38
31.51
102.86
43.84
-37.46
2.65
1.11
-108.19
16.64
50.82
-34.71
15.48
15.54
-8.17
4.23
11.25
6.86
-90.78
-124.81
-6.87
68.74
-59.85
-3.38
43.71
-6.84
11.07
-3.01
4.09
0.06
-16.69
-58.03
-11.51
18.54
-9.26
49.42
-87.84
-28.52
-17.82
32.1
70.32
-10
41.39
56.25
21.11
-40.65
8.76
-7.88
-131.64
23.8
-9.51
101.51
44.03
-29.26
-72.58
66.6
5.58
-8.33
10.97
-2.75
29.46
6.53
9.51
-47.56
-1.55
-3.59
-61.84
-129.16
-1.71
-11.67
52.46
48.29
6.25
3.39
73.22
2.79
28.43
69.21
-23.74
17.99
38.89
-5.83
9.97
-69.32
-69.19
21.11
-4.54
22.35
77.72
25.21
14.62
-40.86
53.69
-63.59
8.96
14.6
106.67
39.51
-26.23
-2.59
-229.5
82.62
-33.51
39.17
-31.14
3.8
-90.4
-8.48
78.61
5.6
-44.83
-10.51
19.88
-6.3
-5.81
-8.6
-19.68
-8.58
4.26
11.92
21.01
55.21
-70.63
114.12
-30.24
-11.02
-92.64
13.59
0.83
-85
32.54
-9.71
-7.8
-3.87
-3.38
-41.56
-8.54
76.57
-18.21
13.36
-5.73
60.69
-11.26
-91.33
73.45
-8.85
112.6
32.87
28.44
3.74
157.77
-72.99
-41.97
-59.21
-20.61
92.94
2.08
-120.98
36.79
16.5
14.34
71.02
-17.4
-26.88
-5.71
31.27
-37.44
32.01
41.11
-7.41
-0.12
6.26
-8.77
9.06
67.18
69.36
-17.87
-1.42
-73.34
-4.8
83.87
9.13
-58.31
39.53
0.45
-10.64
4.17
-56.2
-11.27
27.42
7.24
-105.09
-18.13
-37.44
-167.01
-6.95
23.98
166.89
11.35
-6.28
-55.67
-22.73
14.93
5.92
-10.71
-5.48
10.52
-9.3
9.15
-1.71
-1.24
-0.8
-34.48
19.34
-224.5
14.82
-40.51
7.43
6.14
-7.27
32.51
-48.09
0.69
11.47
30.17
15.87
-12.05
-42.52
-3.8
13.29
-135.02
12.45
39.7
-37.88
11.12
49.48
-26.47
9.83
-72.2
-5.47
8.73
-4.01
55.1
-20.22
10.62
28.06
-3.48
9.41
-34.43
25.44
26.73
-44.09
9.19
18.95
-7.53
-6.58
-11.29
-57.64
13.87
50.43
-9.4
7.58
169.41
0.84
-3.02
24.34
49.24
6.16
91.93
12.05
26.87
-6.81
-1.59
-16.04
41.42
16.71
3.9
46.98
-15.84
87.79
5.35
12.62
8.8
-2.28
-8.8
11.77
31.91
-10.12
-99.41
-33.83
-2.84
66.7
-9.13
-23.31
-0.35
3.16
-11.28
-74.26
39.59
-7.5
-2.86
11.84
78.1
6.82
5.89
29.89
26.74
-30.67
-14.16
51.92
9.85
-71.44
4.4
0.73
4.02
-7.52
-77.55
-155.54
-53.31
74.52
46.67
-4.87
7.1
-149.58
1.71
-31.02
69.23
-1.37
-68.34
38.01
-11.93
9.25
-94.91
-3.47
4.89
122.11
-21.47
27.5
1.1
5.41
-20.52
36.93
22
-2.95
3.35
10.81
-35.15
5.05
-5.12
68.93
-26.13
7.7
-10.14
-21.68
-34.65
-21.42
-64.22
-7.82
1.18
-4.05
-14.91
-16.05
-50.3
6.94
141.29
25.61
108.48
0.8
59.67
-12.54
2.34
70.71
-2.1
-14.09
42.11
-11.8
0.79
-13.45
4.13
12.15
-12.02
19.17
-89.23
7.14
-91.58
62.95
-5.45
0.92
-13.95
-6.42
-50.78
-21.44
9.68
-10.07
10.75
-60.14
-17.17
28.76
-0.04
48.36
-70.72
-129.64
-88.07
10.48
2.94
28.86
45.61
-9.79
19.02
16.98
-9.53
-11.76
-39.55
32.38
-38.45
-7.16
-14.71
22.87
-5.8
-3.89
5.29
4.09
14.96
-13.74
-1.44
-2.47
-9.42
-7.5
-73.52
44.78
13.15
-44.79
4.54
151.73
48.02
-1.7
-10.31
10.08
-33.61
-6.46
23.01
30.66
155.63
4.54
25.83
7.65
-62.12
-99.34
-8.91
12.95
39.79
-11.46
-143.98
-132.94
2.26
-96.67
-56.86
4.1
-5.21
-7.49
0.47
-224.61
-9.07
-0.03
3.11
3.52
18.88
-6.42
33.44
2.15
5.58
31.91
-106.09
-12.46
-1.75
-20.01
59.61
11.4
102.69
46.17
-10.79
113.32
0.99
16.18
125.6
53.25
-41.69
-8.26
59.02
18.06
-7.07
13.86
3.65
0.32
-10.46
-7.77
49.67
-34.51
-30.92
-47.9
16.41
12.02
-231.72
-61.69
12.99
56.27
29.97
-6.15
109.78
-4.8
-67
-71.97
3.87
-20.35
11.02
-6.45
-5.75
-153.1
62.89
-6.24
-9.9
38.06
-35.66
87.54
-3.25
-17.86
-12.7
11.39
-9.75
-4.63
-7.11
1.61
17.6
7.69
-1.73
25.35
-8.54
-19.85
-34.64
-39.13
12.03
-53.15
-2.92
25.67
-105.93
-12.42
33.6
-0.36
13.28
9.73
17.8
42.39
-43.52
58.92
-209.47
-2.83
-7.74
15.3
26.96
-80.19
-9.51
44.87
-2.3
3.31
25.49
-21.84
-2.06
135.71
-11.71
12.43
-34.28
31.33
-11.32
2.75
82.68
113.36
-26.88
10.54
-9.49
-7.11
4.74
30.09
-3.67
-53.17
-16.21
-5.7
37.15
10.3
15.41
-13.64
-32.47
109.05
-67.06
-15.14
27.33
-6.37
-13.02
123.64
15.44
-22.69
8.36
-17.75
23.03
-90.64
-3.96
0.23
53.44
92.35
7.01
3.48
117.55
9.96
-36.69
-7.49
81.88
-19.39
51.8
13.11
5.13
62.44
-39.54
-5.97
-8.02
-32.47
-18.12
6.21
9.55
-1.67
-33.92
-2.58
-84.48
46.31
-15.59
40.08
-42.39
40.42
1.78
0.04
2.41
54.6
-46.13
6.83
-45.16
-48.24
-14.89
23.07
-43.64
4.36
15.37
10.2
-10.46
-45.05
42.65
-22.94
24.43
116.78
10.33
96.63
83.64
-41
-32.64
-103.92
-104.15
22.21
76.31
50.83
-17.42
6.52
137.27
-76.78
1.92
-9.37
38.41
36.78
-39.34
-81.86
15.99
7.97
-3.47
-19.81
81.28
-16.38
-17.74
14.78
4.91
6.23
6.81
2.67
3.2
32.08
37.99
-93.82
-8.84
-157.9
-10.23
-9.1
32.27
94.51
11.05
-9.41
62.22
0.13
48.11
43.43
-1.43
-17.31
5.3
-24.11
30.81
-4.89
80.79
-0.89
13
2.24
-0.55
2.68
-11.63
23.62
-72.52
9.3
-76.07
-13.57
11.79
-11.96
-8.4
-25.16
-93.06
-26.37
14.82
-53.99
2.23
-56.97
17.2
-0.43
-1.59
16.15
63.94
17.29
-1.33
23.13
-26.06
8.95
9.15
67.33
51.46
-78.51
-3.74
175.04
