-45.59
4.08
2.27
-18.69
55.25
24.5
-142.72
-5.31
71.1
8.71
9.43
-8.89
2.64
-8.58
-8.42
-150.7
-16.35
107.74
2.41
17.58
-306.45
-9.23
127.88
-70.06
-38.48
24.39
52.99
-8.16
-9.96
0.98
-22.31
-20.04
-9.73
-7.85
34.79
-7.72
16.77
9.78
1.21
19.32
43.79
4.87
-13.47
-12.27
-38.75
-6.46
51.84
-11.27
6.18
-3.04
46.83
0.84
9.29
25.19
-83.71
-9.05
62.59
49.59
10.65
-69.35
-10.97
42.94
-55.7
-6.73
47.43
109.62
-59.31
13.18
7.54
-110.1
-115.01
4.41
-99.63
47.09
-8.83
19.45
-48.73
-6.56
35.77
-73.1
-11.39
0.42
20.39
44.48
38.21
-30.53
-0.6
-5.13
-9.52
16.88
-7.6
15.7
24.61
2.01
8.34
34.54
42.33
-4.52
52.65
-8.98
-4.8
59.06
12.29
12.86
-95.93
10.12
0.42
-9.44
-7.07
-121.01
-118.64
-21.91
0.6
48.37
8.33
-0.02
27.24
51.04
116.42
13.44
-14.2
-31.91
1.6
-27.95
13.58
-20.22
39.85
5.05
-11.01
16.57
104.15
39.8
-3.47
-83.43
-154.6
-6.22
19.13
24.16
-54.56
18.09
-1.88
-153.43
31.08
12.83
-13.65
-56.91
-13.79
108.48
-111.67
165.69
-31.12
19.52
1.41
-4.7
-25.32
135.67
-7.13
-7.25
-9.18
-4.21
32.29
3.57
64.96
65.58
11.63
-37.16
45.81
-8.21
-4.42
2.09
9.2
58.7
5.05
-11.75
14.89
-44.22
-4.22
-26.22
-11.26
18.83
1.39
-70.95
-12.23
-9.84
-0.86
4.37
-9.29
0.71
120.76
60.79
-42.98
-11.43
-47.39
2.2
57.72
-64.42
9.12
-5.79
17.55
81.31
-9.45
24.42
-68.25
-88.35
-5.27
-9.3
8.68
-0.11
-45.62
-0.05
12.3
40.95
122.36
37.88
-11.98
13.21
-57.8
65.01
-25.18
0.73
-4.3
-90.88
0.11
-14.84
4.88
2.66
14.14
-6.84
-51.78
-23.41
-4.7
27.69
30.12
3.42
-10.59
-97.69
-68.39
3.49
3.79
-9.86
60.54
-25.3
31.33
-10.37
-17.36
-18.78
39.28
11.52
-29.71
13.76
7.45
-98.56
0.91
35.5
-30.23
33.23
1.62
-33.01
10.21
4.98
108.97
1.51
10.42
21.14
-31.93
32.03
42.87
-10.81
19.58
-15.2
4.77
20.8
-49.09
10.53
-26.41
16.53
-64.37
2.12
2.49
-17.04
62.46
2.25
89.85
-7.27
-4.86
-14.42
-35.34
-25.37
-42.31
-10.07
1.75
7.08
-7.4
7.82
70.64
-2.43
8.65
79.28
-42.01
-12.66
0.05
1.51
27.41
13.31
-13.33
10.61
57.59
27.21
9.3
-5.68
10.54
-94.07
-225.59
-48.76
-32.42
78.3
9.42
-66.95
-27.71
4.92
-27.91
51.31
35.83
7.89
-3.05
6.17
11.58
-0.74
11.93
-16.63
6.06
-20.98
10.08
-6.73
-31.11
-6.38
4.02
60.93
9.43
-3.36
-33.03
-6.04
150.23
4.26
14.97
7.44
16.35
41.34
8.23
-131.64
65.96
-27.07
-4.55
5.3
-85.66
-5.64
1.64
62.45
16.88
3.95
-12.59
47.25
-7.6
13.98
8.69
37.8
63.24
-43.75
-38.99
-7.54
-40.52
51.08
-26.86
9.52
-12.25
13.36
-9.99
71.82
27.77
-6.16
-82.09
-8.27
9.23
-138.84
10.4
-4.64
-5.37
48.46
75.22
-4.28
80.97
67.73
27.42
-45.94
-184.34
-5.59
63.55
-0.08
4.47
-95.41
6.04
83.52
42.72
30.21
-13.19
0.38
15.13
14.96
-9.53
-31
57.92
-36.2
-10.38
-9.9
-24.93
-357.36
50.47
46.11
9.62
-6.93
0.6
34.23
-30.38
-17.71
73.98
-36.85
-4.76
-61.09
9.71
37.21
1.02
-134.2
-7.27
-4.6
-9.2
4.69
-1.35
7.12
-20.3
62.89
-161.32
70.26
-37.26
45.74
18.46
-6.77
-37.82
-35.59
42.2
9.04
-119.71
65.94
7.9
90.22
39.79
-8.7
-7.47
-3.09
-14.12
-8.42
6.07
-14.67
7.36
7.68
20.14
20.14
78.54
-3.81
-10.15
-42.59
-4.57
-15.09
-7.6
41.4
28.03
-5.14
-26.18
-15.83
40.51
-45.8
5
9.07
12.02
3.01
7.78
-14.67
7.75
7.66
3.69
4.33
-9.51
-8.48
-38.33
15.38
-53.66
9.6
-22.32
2.22
-6.42
10.54
-15.96
-31.05
5.13
14
-1.11
-106.94
-50.18
-3.09
76.53
12.21
-16.31
-15.64
-3.34
10.86
-59.76
13.34
17
9.72
-10
-0.12
-7.86
-1.2
48.58
7.14
-10.8
-3.33
16.2
62.73
1.05
12.3
50.04
43.27
-24.03
-102.7
93.6
-4.59
59.8
60.15
3.15
-1.8
17.84
12.95
11.23
95.13
-11.33
-0.52
-5.14
-102.07
85.85
37.11
8.19
1.38
-8.14
-3.97
12.22
6.63
0.09
24.96
-25.77
5.17
7.25
-28.43
4.38
-5.21
7.69
-3.5
23.23
85.58
-75.42
13.82
11.44
-179.34
-2.09
-18.41
75.35
-145.34
6.74
46.52
-0.86
-2.51
40.11
-12.17
8.34
26.54
-9.76
2.68
3.24
11.25
-24.64
-41.05
19.89
-93.96
15.1
1.2
14.18
-141.68
4.27
-5.98
-9.05
-63.35
11.14
-21.29
-7.8
-12.42
1.64
83.44
74.47
10.92
-13.55
8.36
5.97
35.14
-20.97
-8.85
-8.98
14.47
13.6
18.88
15.23
79.91
22.43
-14.17
129.82
-8.3
34.85
24.72
-6.96
-63.06
-5.53
-75.41
-16.7
-48.29
-4.73
-2.35
-99.93
39.49
2.78
5.24
4.66
10.24
46.19
2.4
45.73
-13.09
33.36
4.45
-59.14
109.54
60.89
14.76
-15.54
40.23
31.76
13.52
-2.7
-12.21
91.72
30.76
-8.54
-0.1
-15.53
-8.66
-1.09
67.82
5.02
-6.18
-16.64
-61.3
-37.38
-59.71
-15.94
-40.17
41.29
50.58
-13.46
34.87
48.31
-61.65
57.38
-9.31
-8.31
90.83
48.27
-12.76
-6.6
-13.08
-8.56
1.9
7.77
67.13
-91.3
-33.22
-12.89
2.68
-5.21
7.46
-25.36
-58.51
-179.36
0.37
18.21
12.02
9.61
-19.24
101.11
34.89
-5.32
-21.49
54.94
-8.46
-27.79
-22.16
14.97
10.78
22.47
11.54
-0.75
-5.78
16.5
17.9
118.85
-98.93
-7.34
74.94
79.44
89
-110.77
6.22
-10.61
-131.49
-13.41
71.67
8.19
-1.67
-8.67
-1.41
48.37
7.65
-17.11
12.42
3.83
-39.75
-24.45
-6.03
-0.9
-7.93
14.76
-9.06
34.78
0.21
-46.8
42.41
-2.91
52.69
20.35
-50.25
-32.63
-0.48
3.42
-3.21
10.84
2.96
-89.65
10.41
49.9
53.35
8.22
-101.18
28.49
54.8
-22.93
54.91
-71.96
-43.29
-40.8
-119.16
10.32
19.32
27.99
5.77
-2.32
6.38
10.91
12.92
9.76
39.15
5.2
-14.84
10.07
155.7
-2.57
-31.17
-7.57
9.24
-3.92
-27.39
27.91
-48.94
9.77
12.82
-11.79
-17.34
4.79
-18.22
72.35
8.57
-26.9
35.22
-21.86
-10.1
-8.84
3.11
2.2
64.61
61.53
-6.36
-80.94
-15.06
4.29
-3.04
45.72
50.32
13.89
74.11
0.08
-3.96
36.81
-0.06
-88.45
12.98
33.44
-78.83
25.14
106.14
-10.57
-1.78
-5.09
-3.8
14.5
11.64
-22.06
40.97
-14.52
61.06
14.08
78.23
-4.05
-65.92
7.99
-50.87
-149.33
-112.65
-12.86
-37.55
65.01
-53.26
-3.4
4.95
69.27
-1.22
12.8
11.74
38.06
23.6
5.09
26.77
32.98
-38.61
-54.44
-8.12
-12.93
-45.71
10.21
-12.36
20.74
15.83
19.88
4.57
7.15
10.05
21.36
2.87
-98.31
-70.95
-73.61
16.2
-16.85
169.34
-45.92
-13.44
0.1
0.67
30.73
-103.77
-99.14
-128.43
-24.11
-8.51
-0.48
-47.96
-2.12
28.62
-36.48
-11.61
26.67
-94.6
-36.42
2.79
13.56
-5.94
89.03
-41.99
-3.88
-3.59
47.13
1.53
-19.2
16.13
-13.55
4.8
11.51
11.97
8.13
-46.11
4.14
-9.32
35.86
43.16
8.72
-5.09
31.27
-143.7
-5.1
6.73
39.93
-10.19
-35.13
-4.08
101.21
6.44
-66.33
-31.1
0.25
-351.43
16.13
-12.84
8.58
13.2
68.6
3.64
-32.6
-4.49
14.11
2.48
65.47
-4.74
-7.14
11.44
-9.09
-4.08
-18.37
-123.15
-65.44
-17.16
-178.26
-16.43
54.16
134.38
-1.45
-15.16
-9.75
-6.12
1.59
-117.8
40.94
4.15
12.55
97.1
-107.8
86.42
71.2
9.7
112.46
-14.8
58.28
60.72
-2.08
24.37
-38.28
9.57
43.83
55.81
-10.87
33.83
8.66
115.28
1.46
12.13
-57.62
-0.96
-4.42
48.48
73.01
0.75
42.45
-80.54
36.09
-65.17
-7.93
-7.56
-2.95
9.84
10.04
49.1
-28.59
-10.2
-9.84
22.8
-0.7
-66.15
-1.15
-16.1
5.06
61.05
