36.97
-63.82
-2.2
22.66
-9.65
-4.56
8.75
100.24
-5.95
-4.52
8.14
60.99
-11.84
-44.52
-102.02
0.35
-0.74
67.61
-7.91
-6.63
6.7
10.47
19
2.14
2.61
-10.65
41.88
36.45
37.7
-138.49
-23.95
-11.88
-2.6
-7.21
11.51
2
-15.46
16.41
0.04
6.31
10.24
-0.88
-12.51
19.71
-11.66
-11.13
8.95
-2.63
-6.26
-30.46
15.77
-0.24
11.63
12.23
10.22
1.62
-1.22
6.56
11.05
17.02
-72.83
-27.59
-51.96
0.37
16.41
8.88
2.63
12.51
4.83
-17.03
-3.33
-6.79
69.23
-38.23
-42.47
-19.52
46.64
-61.34
0.76
21.52
-117.22
126.69
9.51
-8.24
-34.05
-267.33
18.98
6.33
-13.96
97.83
42.7
-15.12
13.54
-12.57
7.21
21.13
-98.23
43.29
-15.72
40.42
41.44
-56.96
51.05
-7.26
-3.24
-112.72
13.43
-13.97
10.65
11.77
-4.99
32.74
-88.42
21.08
-1.8
-18.75
19.4
44.35
-36.14
18.06
-29.06
115.6
-189.93
-19.61
-8.49
-8.3
3.95
-0.97
34.61
-101.78
11.97
12.41
-22.33
52.57
-13.28
67.5
45.22
19.37
24.12
4.8
-52.59
-48.26
14.63
8.9
-2.71
116.31
1.92
39.93
10.61
3.53
4.38
-6.07
-39.98
1.8
-5.91
2.85
-1.89
70.12
-6.58
-5.84
15.23
-8.33
8.37
14.63
-2.36
-20.13
-7.38
-97.68
9.97
-17.31
-3.06
-292.15
12.03
-77.32
11.23
-9.86
-11.26
14.46
-0.71
3.91
10.14
30.92
-1.51
-9.39
-11.09
4.16
22.58
-21.85
-0.73
-64.26
-1.26
-8.22
10.12
-14.36
-1.36
-57.07
9.54
-2
76.58
47
-72.23
-171.76
-8.92
-4.24
-12.96
-0.92
-13.84
63.7
-3.96
-75.88
-23.3
-17.97
-95.48
-25.63
-47.92
163.32
-33.93
127.37
-95.62
-19.27
154.18
-60.87
-4.03
-5.2
-1.04
32.05
3.82
-34.47
6.09
-8.06
52.71
-53.92
8.91
20.54
30.65
-7.54
-28.73
13.98
4.22
-59.25
-20.81
-135.48
6.36
4.38
-18.82
42.44
68.73
-67.76
7.32
10.06
10.68
35.68
-9.53
-107.66
-8.19
-50.89
6.63
2.4
-16.58
-3.73
64.13
35.79
-9.8
52.76
58.32
-26.93
-47.87
61.55
-48.56
32.32
-45.66
-4.36
-18.8
-2.44
-52.39
5.33
10.57
-1.93
-19.67
7.42
-25.55
6.43
11.9
2.11
6.82
-1.71
71.97
-4.91
36.74
-2.88
-6.57
37.92
10.67
-70.28
25.01
75.48
2.83
6.1
9.82
6.89
-2.32
26.72
-18.51
-10.52
56.4
12.24
47.7
-21.82
63.09
-1.1
1.25
31.32
8.78
44.71
-11.09
-31.95
79.32
49.92
-45.31
-4.77
-1.25
89.64
-16.01
-38
-15.96
-1.15
61.96
69.85
57.29
16.17
8.87
-1.54
10.26
33.43
-18.15
1.16
-37.02
6.27
47.17
46.48
-16.01
-23.83
19.82
-16.88
-26.91
48.27
-10.34
45.39
33.2
10.54
49.95
-6.11
-33.39
10.12
-5.58
-132.97
-10.91
-41.12
0.37
4.44
11.37
118.23
94.21
-9.83
81.63
95.34
-9.9
-60.99
-52.09
-266.07
2.94
-50.32
-49.24
-36.35
5.51
-10.06
5.41
63.03
-65.69
2.36
-3.51
3.06
-26.18
52.97
-11.18
9.52
36.05
-9.54
-60.95
131.57
8.21
-6.85
-100.4
5.47
127.99
16.15
63.76
37.45
11.39
12.47
-113.08
-45.67
102.72
-13.91
-6.17
-3.5
30.47
-69.69
26.97
-5.69
-12.33
-61.14
57.93
-4.61
-5.84
-94.67
20.07
34.76
53.56
-104.3
7.27
21.02
-48.07
3.53
0.79
-7.86
-45.27
-7.03
-25.97
-2.54
-20.5
-0.09
-39.74
22.41
-24.98
0.96
-96.7
-24.88
51.59
8.8
9.88
16.71
33.31
-65.06
15.44
12.24
12.17
46.98
6.25
86.92
52.4
-13.92
175
14.98
-68.52
-27.08
14.3
5.54
2.14
-34.57
-41.75
-6.55
-31
-40.47
-59.67
29.53
-116.13
40.35
9.74
39.55
11.18
2.57
11.88
39.13
22.4
23.85
-5.86
15.56
-9.33
13.85
-8.35
-0.35
-20.89
4.07
11.68
-5.62
-35.17
-7.83
17.75
1.58
6.93
54.27
7.62
1.71
-93.22
8.32
-32.37
46.25
79.04
23.07
11.06
-76
-8.84
0.85
-59.03
0.9
11.58
-15.34
-2.44
96.89
18.49
12.32
36.48
41.01
13.68
63.48
3.51
-12.88
0.41
40.54
10.87
11.69
6.03
12.32
9.45
4.67
12.69
-30.27
-9.94
27.5
19.9
37.16
-4.57
1.87
8.42
-6.5
6.2
-19.26
57.11
-9.33
26.82
-11.54
-18.86
2.51
-2.61
8.18
50.99
2.61
-73.78
9.58
-11.09
5.78
-9.5
39.2
25.14
21.34
8.84
-3.89
11.53
-17.09
9.06
162.13
30.44
6.67
18.8
-115.59
34.72
30.2
12.82
20.33
45.64
-24.14
-6.17
56.26
-1.71
32.08
-4.94
-20.5
62.97
11.61
8.05
-5.75
162.26
-0.26
-6.67
68.12
-96.13
-38.31
87.78
2.56
83.17
-6.29
-4.43
21.72
-15.5
-103.8
49.75
-53.63
-126.65
-14.31
37.18
-55.11
4.07
6.75
8.37
-9.66
6.11
-43.55
-15.19
0.44
12.54
-14.06
-19.02
55.85
4.79
-62.12
7.09
-21.14
-27.51
13.22
-11.26
-28.96
41.08
-0.34
75.38
2.42
2.32
-24.56
68.43
8.68
-20.77
-10.49
9.88
32.76
-2.46
4.75
8.8
-9.77
73.84
-4.03
-12.92
-3.83
27.05
-24.56
-16.46
-30.26
-19.5
53.55
42.86
11.12
-24.53
35.34
-22.14
30.95
10.42
-45.82
5
78.61
-4.72
8.83
12.2
14.15
-4.21
15.36
7.98
7.22
10.77
76.36
16.04
13.73
-10.95
55.97
-2.63
-7.35
0.74
-69.04
21.79
19.49
-31.25
-4.93
-24.73
58.1
-8.81
7.21
12.83
-7.56
-11.94
-71.8
150.35
29.96
93.41
-97.99
40.2
49.84
16.14
-11.03
-5.89
9.81
-24.5
-14.13
16.47
-17.47
-26.71
-55.57
3.27
-30.23
-20.48
8.02
-89.43
4.8
-24.23
-95.09
75.86
6.03
72.37
3.94
12.74
-83.51
-57.27
-39.28
-3.63
12.82
-9.31
-0.54
55.43
-9.24
56.74
-192.58
-24.6
20.55
54.44
-10.74
119.55
84.5
38.04
-7.12
-13.29
48.41
15.96
-16.66
-3.35
8.93
-43.88
3.72
-115.5
-15.22
46.48
-73.3
6.55
7.97
31.94
-10.89
70.62
-90.8
39.38
-7.64
-2.01
104.9
110.61
-16.19
-99.53
-180.48
18.54
6.34
0.04
1.47
80.45
44.75
24.74
-10.33
6.51
-49.48
20.2
-2.29
27.15
1.17
8.89
5.65
85.55
-13.01
27.68
16.74
-8.56
-13.68
15.65
-91.49
16.63
100.93
28
10.37
-16.99
23.31
-176.31
10.74
-48.65
-10.83
-45.7
-45.14
-2.66
-35.28
-4.58
-3.73
-30.08
-2.97
-45.87
107.48
-63.56
22.17
-214.89
-15.17
6.75
-53.34
-68.15
41.77
4.28
11.94
-3.42
49.75
2.32
7.45
47.13
97.73
310.64
7.13
-9.05
35.29
13.78
-41.62
11.95
21.45
-5.14
-86.46
-19.15
-7.65
-8.84
41.7
120.37
179.5
0.61
-10.13
-77.84
12.88
25.49
134.43
-64.08
9.41
-12.63
14.5
-33.09
22.35
61.86
-144.48
-25.6
104.57
-6.14
-2.51
-8.42
17.87
-65.57
98.22
24.58
-7.42
11.45
-21.49
-12.43
-9.28
65.37
4.98
-5.63
-9.61
-82.01
9.04
-5.74
-2.78
56.46
8.3
-6.37
26.21
-6.6
3.95
-9.86
-8.47
-6.18
6.45
14.4
-79.29
28.65
38.03
31.72
10.89
-4.99
52.59
-0.44
-111.63
5.13
10.57
0.67
39.26
-7.38
43.01
47.64
0.91
-9.31
2.84
44.57
-10.49
-2.04
-30.06
-85.29
-24.81
55.93
103.82
-5.4
6.01
27.07
46.18
-4.85
-14.23
15.73
-12.7
10.43
-76.97
-15.65
9.87
-4.55
3.13
29.89
-2.08
9.08
0.89
35.6
20.15
-5.04
-84.5
-211.25
-79.46
-115.94
-70.44
16.07
-31.1
12.07
25.78
79.93
53.73
5.08
20.8
-65.82
-43.66
-30.03
-3.93
-15.15
-9.54
29.34
-28.72
46
-2.95
6.06
-0.96
-7.74
19.85
-83.1
26.51
-17.32
23.64
9.56
7.48
-48.86
-40.5
-116.03
33.5
-38.35
68.99
0.61
2.54
-28.95
6.08
-20.84
10.5
10.75
-35.21
-27.74
103.14
-10.54
-10.67
36.47
-0.59
19.51
10.18
48.4
-1.31
-7.88
2.92
31.13
109.49
5.73
-8.62
51.86
95.17
-0
-2.54
3.85
-7.97
-43.84
6.23
-15.68
-6.87
-10.19
54.59
-10.3
50.45
45.94
6.14
-31.13
-5.58
4.8
14.55
-18.64
22.45
2.95
-1.95
28.23
-22.02
70.68
-12.32
