-5.45
45.26
13.41
22.92
-24.02
-10.23
6.36
63.88
10.73
7.7
12.86
-31.9
-9.53
22.63
-5.23
-3.68
-13.35
10.28
5.84
-13.65
-15.97
13.95
-15.42
-40.22
3.09
-12.07
57.34
20.73
212.19
-12.39
-55.36
-23.66
45.12
-15.7
-0.32
22.51
-28.01
-4.27
5.64
5.74
6.58
120.41
-11
26.71
-23.04
1.15
-39.87
5.99
-3.84
41.65
8.88
8.37
38.09
-23.52
12.08
-96.28
43.59
-20.22
-8.98
-56.49
-2.78
-21.5
-4.59
3.77
9.73
-9.35
-24.51
-12.67
-8.23
16.5
26.57
-161.28
-113.36
-171.65
-24.16
71.48
1.83
69.94
17.84
-0.3
16.3
-3
8.38
18.08
-8.98
39.9
74.55
-8.23
0.54
-30.57
-17.25
4.35
12.38
-6.35
-6.46
-71.59
6.84
-2.07
-14.86
11.56
-18.71
9.05
16.39
-9.02
-8.57
46.84
-7.84
-181.96
9.25
-5.99
37.46
103.12
-10.89
27.87
-0.56
-10.04
-15.42
-132.82
-12.16
7.49
14.39
88.37
-5.03
-9.93
-30.3
57.24
-11.85
-224.05
42.86
44.77
-7.31
-12.04
34.58
8.96
-73.43
-30.66
-17.86
9.02
0.51
29.44
-5.79
3.6
-62.21
-10.48
-11.08
5.34
-1.7
16.26
0.4
-60.28
12.28
-38.86
-101.64
-61.74
8.63
7.77
30.82
-0.96
-106.66
-13.33
60.87
-8.81
-56.93
-84.72
23.35
143.23
3.16
-78.48
69.36
-21.97
-7.41
4.8
-9.72
-7.63
-7.15
-9.45
-19.16
-8.39
-166.12
39.46
-6.56
12.49
-19.2
3.77
-14.9
8.38
2.9
-41.56
133.04
12.55
-20.26
-85.91
6.94
-5.75
27.74
5.82
33.57
25.72
43.89
45.4
-98.87
-9.04
8.87
6.56
10.24
5.43
-19.59
16.58
-12.04
48.81
-4.8
1.79
8.96
-10.01
-10.59
-28.75
12.58
75.64
-16.31
-10.28
37.8
26.29
-41.83
14.22
-7.23
-29.53
13.36
-106.35
-8.79
-22.21
7.46
10.77
-5.65
-38.95
-50.87
81.05
9.04
-10.69
-4.73
-82.91
26.76
16.42
0.64
6.72
0.84
-9.96
-22.93
-5.88
-73.39
-5.83
-44.96
-24.37
11.77
2
-4.69
3.28
-8.32
-41.81
-14.63
-14.18
-9.33
-2
78.69
14.51
-2.83
-18.96
-99.74
-25.29
21.41
5.71
-23.79
9.66
-1.92
31.4
12.13
6.96
3.64
6.66
-12.82
54.32
-2.65
10.69
9.38
-9.49
-19.44
-80.39
11.67
13.12
25.77
55.58
-34.32
15.15
-0.37
51.13
18.16
-15.81
9.32
31.38
-5.32
-16.42
-13.71
-4.95
-8.22
18.93
22.61
7.97
6.86
-7.03
7.61
8.32
41.55
-80.03
26.92
-2.63
-13.21
40.23
15.71
36.31
59.47
5.97
-75.39
-33.15
158.54
-6.28
32.3
-26.69
-46.57
-12.04
-6.95
3.13
11.13
63.48
-4.4
4.41
48.22
-54.03
28.89
101.29
35.12
7.2
-5.57
-129.91
19.35
42.02
-89.95
145.53
20.16
-70.46
-9.61
-5.55
6.03
-5.8
-147.03
41.47
-11.46
-21.3
84.29
-10.38
-3.56
40.66
-7.09
26.63
-91.63
-18.06
65.32
24.65
53.33
-118.52
-35.11
-10.35
48.28
0.48
30.34
-1.41
-9.6
-11.7
3.28
-51.03
-64.41
18.45
70.66
80.94
20.99
9.93
37.64
78.05
5.99
-4.02
8.85
-11.98
16.21
-9.27
-7.23
-3.32
3.87
-0.96
-13.07
-6.97
-10.88
-2.43
11.44
-10.06
15.73
74.17
6.79
-1.56
-3.65
-28.34
46.23
26.98
5.73
-21.73
81.64
58.94
-6.01
-13.87
9.65
-8.99
-41
-32.42
-2.54
-67.07
-7.68
47.64
96.76
8.44
-8.26
2.78
-111.16
-7.94
-77.85
35.42
71.61
3.09
-0.66
61.49
5.33
2.02
-3.13
-1.82
35.31
9.98
-27.45
3.84
-151.31
-23.66
-19.45
-14.64
48.98
-17.03
32.93
-94.72
-0.93
7.25
-0.18
-130.23
-10.98
-25.52
9.68
32.75
-9.04
18.25
8.52
-23.23
-72.81
-78.41
-0.19
9.21
18.8
38.19
2.91
-2.65
16.21
-4.98
-110.6
-6.26
74.02
-1.29
-6.06
7.61
3.54
50.47
20.48
7.77
35.68
-12.45
5.52
20.71
33.34
-24.31
13.88
-79.75
-19.46
-21.82
-33.11
-6.46
-54.33
-112.27
7.78
5.84
-17.78
-34
-7.44
-8.54
76.41
26.42
36.67
-5.64
56.93
18.22
-54.42
-59.01
-0.73
-1.94
-3.75
-12.21
15.65
2.97
-19.81
65.9
0.99
5.92
25.29
5.64
12.08
-20.23
2.31
-25.42
6.43
-38.37
51.29
51.04
32.01
-76.94
72.75
0.26
14.18
-7.56
0.62
1.31
1.01
-22.62
14.97
3.75
-27.36
86.26
9.28
-65.36
97.27
-112.03
-51.37
-43.12
44.73
-5.44
55.88
50.88
-10.97
21.6
-85.75
-10.55
54.3
-7.2
1.71
-1.74
-2.69
-5.58
15.72
-21.07
2.07
-27.25
55.63
-5.87
64.95
-25.96
28.22
-43.16
40.32
-5.97
-9.71
33.64
42.07
265.36
-173.57
-105.37
-10.8
11.37
2.37
-21.45
2.32
-31.21
46.35
-19.82
-8.45
-44.5
-3.14
11.24
-4.64
-26.13
-1.72
-10.7
9.97
4.17
-26.39
-13.02
-8.24
-135.09
-11.72
27.57
-7.94
9.5
-10.32
-81.05
-4.56
-3.92
8.72
-7.18
-5.57
130.12
-27.75
-47.9
4.44
-35.18
45.75
-6.32
-9.16
116.23
-8.79
-10.47
0.24
-25.86
6.08
-6.91
-7.24
17.42
30.12
34.3
-14.38
86.14
-48.97
-19.88
22.01
10.47
1.01
-6.15
4.95
22.89
-262.05
-17.19
-92.13
2.87
-10.69
25.6
-15.5
-10.2
16.67
-18.7
-4.83
43.66
-67.09
11.03
-26.68
-4.47
2.76
67.11
24.83
14.14
24.36
-17.93
1.68
-26.31
-125.95
32.16
-16.74
4.1
-5.13
-7.9
50.26
-86.4
-0.64
3.57
-0.68
8.29
5.96
-5.29
72.29
10.03
0.1
-31.34
-16.17
-98.5
9.62
16.96
50.85
35.3
-44.6
29.34
77.53
3.22
2.93
1.4
2.48
92.24
-16.99
33.09
23.49
162.45
-5.38
-10
-129.61
-9.64
-125.04
-0.87
104.39
-8.33
-4.49
-45.25
66.43
-19.5
8.34
-16.07
7.37
-31
124.1
-18.84
-22.77
66.83
39.61
40.2
-2.02
7.69
8.57
2.89
101.68
14.52
-4.75
21.14
15.68
-15.74
-9.99
-62.91
-4.6
11.29
-9.31
0.93
-7.41
-5.7
19.77
-24.58
42.61
-10.01
-49.81
-27.38
32.34
3.98
-7.84
-135.02
-53.16
-166.98
94.4
-102.41
-9.06
3.75
-12.27
13.08
-7.92
22.89
19.41
-3.07
5.42
-23.87
-16.25
5.86
-130.75
9.4
-3.6
-12.59
68.54
27.89
23.11
1.27
-2.25
-37.43
13.09
-1.17
-5.04
-118.88
-6.79
17.14
45.37
58.54
-142.84
10.53
1.56
100.11
-22.02
19.35
-86.17
52.61
2.05
16.97
-2.97
3.13
-10.23
-39.69
-20.17
10.45
0.06
-15.56
4.71
44.78
30.35
12.17
47.88
-16.21
-33.26
-6.49
61.96
-21.21
1.08
41.91
-28.56
2.72
6.47
-36.76
115.92
-1.8
2.41
24.3
62.63
264.92
-3.31
32.93
-38.35
-12.98
-15.97
-6.58
-23
-24.58
175.61
-53.21
-1.87
2.8
12.6
11.02
-4.35
-8.91
2.46
7.59
42.6
77.55
-58.48
-9.53
-69.87
-13.11
59.67
-68.19
-1.57
7.62
-69.47
22.33
-94.33
-8.69
-160.68
-8.8
-13.19
-1.32
7.31
44.89
7.74
67.24
-46.55
4.85
11.89
-7.7
-52.22
5.65
8.17
14.35
-8.58
11.08
10.82
-21.92
14.43
4.66
-6.22
12.25
15.32
-66.15
53.6
-30.86
5.15
5.5
5.92
-12
-8.62
7.9
73.69
2.02
-9.24
-19.35
-13.94
-5.91
3.45
-10.18
-20.5
-14.52
1.37
12.79
-11.81
89.86
-15.53
21.33
2.88
-86.34
21.34
7.99
-11.36
-1.3
137.07
-14.56
13.17
61.14
-0.11
82.58
9.16
-39.59
46.37
4.18
0.55
12.01
-12.61
9.35
3.58
6.23
7.1
20.32
34.58
-38.86
2.81
0.11
-11.48
149.35
-19.28
-54.12
-3.27
-0.81
-146.48
-7.96
0.75
44.57
-9.78
7.14
67.43
-29.5
71.97
39.62
-40.58
62.77
-114.55
-3.08
-1.76
7.32
-2.31
-4.66
-118.38
44.87
17.38
103.41
43.97
11.48
-68.65
15.56
-11.29
7.16
18.43
-15.12
-10.58
11.56
-47.57
-3.65
5.89
37.85
5.24
-4.25
-5.51
-3.52
29.64
27.07
-9.09
-71.77
-7.46
-40.28
-6.83
55.3
-152.9
-10.63
-4.09
-1.11
-33.68
31.04
-27.77
41.2
33.75
-9.83
14.55
115.11
4.9
-82.41
-32.88
42.34
49.44
-12.1
5.68
45.27
-11.96
-21.04
-10.7
-9.4
62.44
19.32
-79.58
127.76
-34.14
11.39
