-68.11
6.56
43.69
-1.81
19.86
13.18
32.64
9.55
27.7
-42.49
-29.47
-57.27
47.94
-17.85
-10.71
-41.89
-9.27
37.63
-45.11
-3.62
4.67
-75.21
26.88
-6.92
3.32
-24.46
22.12
-23.52
17.26
98.71
0.02
3.61
56.78
20.01
42.21
40.72
-5.55
5.04
-13.46
-37.15
-113.05
0.29
26.55
-98.58
-5
-31.04
55.03
-65.07
50.24
47.45
3.36
22.67
-6.95
-29.03
-62.06
7.95
27.44
-21.33
-44.58
14.4
-117.85
-0.07
45.87
41.11
15.82
4.68
2.55
77.72
-80.69
-107.22
2.8
-17.24
-42.63
12.36
-9.36
18.39
-18.06
52.99
-1.8
29.69
-76.59
-16.3
6.66
120.38
-10.6
105.54
-6.96
167.48
-8.52
-14.83
-44.8
-2.64
47.56
-20.22
34.45
-17.66
10.41
-9.81
40.83
12.48
13.65
20.1
53.51
14.65
-10.84
-4.58
10.49
-39.66
-67.01
47.63
48.67
8.15
-52.94
48.29
-85.78
-5.77
-0.71
-7.79
19.12
16.88
6.85
44.85
74.5
15.33
39.24
-83.16
14.87
-1.17
-6.25
-52.96
-10.1
29.72
121.08
22.03
-52.52
11.55
-204.62
-20.64
-11.76
-27.63
102.39
1.26
-16.23
42.43
-23.12
1.06
-16.68
-44.94
6.76
23.24
-27.06
-33.54
54.54
6.43
-15.73
60.79
-36.82
109.02
-5.33
6.36
-17.97
5.9
-2.57
75.54
25.16
19.24
25.82
-16.32
17.71
11.55
18.65
22.58
-6.58
16.31
-3.86
10.07
13.22
-17.74
22.82
-23.16
-8.49
11.81
-33.33
26.12
-9.45
-34.02
3.88
-213.18
34.66
6.39
100.18
-45.36
-83.46
-59.27
-8.55
27.33
41.46
13.44
0.5
10.52
2.02
85.22
-2.24
-48.75
-91.39
0.22
19.39
114.48
-11.97
-23.51
8.65
54.26
88.62
-34.79
-19.3
8.41
51.7
6.21
16.98
77.7
-52.31
-32.11
10.11
101.73
77.7
-9.6
3.93
-5.56
-120.08
28.85
20.76
12.63
-6.18
-26.22
-56.23
-5.21
-1.54
11.31
-3.19
5.97
83.26
5.02
0.07
8.93
35.29
13.15
-10.7
4.33
-9.51
114.7
-15.38
-8.71
-4.02
16.77
-24.14
-7.69
38.49
8.97
25.6
-5.87
82.18
-22
52.44
4.79
6.12
20.15
-4.24
-98.54
8.93
58.77
-18.1
7.44
-49.28
-192.84
-44.06
68.14
94.35
-3.18
12.43
-33.94
4.15
-6.9
26.98
-6.27
-3.21
107.38
16.22
29.38
12.61
29.51
22.35
2.94
-45.99
-119
-11.02
7.53
5.58
12.44
-10.39
-24.38
37.6
-12.2
15.22
7.5
-1.69
15.05
-12.49
42.34
8.8
-10.92
12.51
42.97
-33.58
21.83
-19.87
0.04
20.33
7.56
-10.08
-8.28
97.76
42.47
30.47
24.26
-19.22
7.9
27.15
2.38
7.49
12.36
19.41
-77.49
49.77
7.87
-13.16
6.93
-29.27
11.74
74.27
66.84
89.33
-9.1
15.08
40.32
-41.03
-3.58
-19.36
-17.39
31.29
3.61
-33.62
55.39
6.42
-4.85
10.49
69.02
61.25
-36.21
8.55
-4.84
29.78
81.96
9.32
-0.3
14.82
12.39
6.36
61.61
10.82
-3.82
-1.71
49.96
15.3
3.06
-81.97
8.02
-72.26
-9.69
-48.73
-87.49
-64.06
-29.62
-5.72
-10.19
10.27
137.53
4.77
74.31
57.71
17.68
28.16
119.93
-0.92
21.01
-8.95
17.6
8.85
61.29
-58.64
54.05
-5.55
-17.26
-25.93
-12.51
-5.25
-233.85
7.52
-76.96
15.33
3.05
84.79
52.8
7.97
43.44
-35.73
-4.98
62.94
113.69
-0.36
50.05
-3.93
51.55
-9.58
3.75
77.02
71.71
19.21
-13.31
27.79
23.89
52.63
4.52
18.06
-43.54
-33.84
-32.07
-231.28
-9.54
81.91
-17.97
13.68
4.4
64.05
14.7
29.65
-105.1
-15.57
32.88
28.72
1.59
5.62
37.29
-72.28
-31.53
-147.7
-69.05
-16.39
-64.68
20.55
-76.22
46.57
-7.32
-23.33
98
-130.14
-136.07
150.95
-75.33
-9.62
2.63
-7.08
79.28
16.52
6.06
9.33
20.91
-3.34
6.88
10.02
-6.75
-19.65
7.74
9.75
-18.22
9.48
90.87
-29.92
61.16
-8.28
-0.37
6.22
-3.82
-11.01
13.53
78.58
1.11
150.94
-54.15
-1.68
6.81
-6.92
1.42
-11.18
-7.02
32.53
8.94
11.1
-8.9
177.4
-8.17
-2.3
-11.26
11.03
64.24
-5.4
57.26
-29.85
86.52
0.6
14.33
6.99
-0.98
13.33
46.79
4.62
-19
-40.47
-90.3
-60.46
-1.07
-6.41
-4.07
24.46
-22.64
51.54
-20.68
5.52
-13.24
-7.55
60.2
21.35
4.39
-4.16
58.22
-0.74
0.14
-0.38
-29.69
21.72
-13.84
18.23
-53.34
-39.97
11.54
-7.28
-13.14
-39.55
10.7
-1.29
56.65
2.92
-3.82
-6.1
-6.15
60.92
3
-3.55
-4.79
10.38
71.26
-17.13
130.05
-7.26
-12.25
-103.06
8.53
5.11
-7.73
-105.85
21.31
-88.84
-55.42
11.72
59.7
-41.13
17.79
29.25
-12.87
13.8
3.76
-1.37
26.68
1.37
71.78
-116.37
54.05
25.13
5.57
-14.41
0.34
-54.94
4.63
10.34
32.83
7.44
-7.78
-32.68
-76.7
-44.34
-18.94
-5.61
-65.77
3.18
-77.39
6.92
-1.76
-21.93
-20.18
-12.57
-117.62
-21.99
11.69
47.05
88.93
12.16
80.74
72.78
3.26
-7.74
30
-141.38
48.11
-15.14
0.84
8.55
-16.71
-1.49
-57.77
-5.71
13.14
-9.68
-7.03
23.54
52.24
11.52
-3.61
26.86
77.47
-38.62
12.44
9.02
-10.36
20.07
6.36
-9.33
62.39
-0.45
15.6
-45.09
178.97
-4.28
7.74
20.45
4.69
-85.74
80.8
-10.32
-4.54
-15.19
-14.06
-8.98
8.15
-36.38
-24.23
14.4
-34.85
35.07
-10.69
-5.93
23.62
59.26
-2.04
14.47
59.05
-3.27
-6.92
22.26
-41.64
6.6
-4.6
1.45
3.46
-10.58
-2.04
-2.26
42.99
14.04
-1.17
13.57
-6.31
39.17
0.41
17.74
4.85
49.6
4.34
-53.57
48.9
45.14
-109.5
5.23
-0.99
8.21
64.98
7.81
-6.28
-8.11
-16.36
-158.16
3.39
26.57
22.18
5.51
-33.72
34.05
-31.11
-77.42
-34.98
1.02
11.39
84.75
-0.42
35.77
8.64
1.21
-133.9
2.91
12.12
20.11
12.87
-51.18
9.45
92.5
-156.63
-92.93
-22.55
-21.75
91.79
15.35
2.08
-19.24
53.78
-11.07
12.76
7.46
3.59
-0.7
-22.71
3.04
83.51
47.42
0.57
18.12
6.3
36.71
34.7
3.08
-166.59
-15.07
9.55
14.93
-23.67
-27.2
111.59
31.84
3.47
17.12
-4.42
5.7
2.53
-40.8
29.75
-9.82
9.29
-2.5
-55.52
5.78
15.57
-3.94
13.06
-12.29
40.33
-11.15
-8.82
14.4
-11.08
-10.84
7.85
-36.11
13.74
-4.9
-27.02
10.17
19.46
-57.15
-9.47
81.81
43.24
93.38
13.19
8.52
47.33
16.96
3.49
7.26
-7.82
2.2
32.65
15.39
-69.65
-5.1
-6.46
-11.91
-31.51
-4.22
-0.84
3.19
3.47
5.64
-96.91
-32.02
15.47
7.06
12.52
-140.35
35.83
11.96
11.25
-26.07
6.86
-12.27
-100.77
-177.99
-12.58
0.77
11.13
44.23
-75.49
28.53
-29.46
-9.14
16.78
-49.96
-98.93
67.54
5.9
0.53
-2.6
4.61
-18.74
-30.9
2.63
79.81
-32.85
-5.48
11.4
-4.87
22.97
51.75
-42.36
-96.97
-3.74
7
-23.85
19.85
26.82
-19.24
12.32
-19.63
8.64
12.92
30.24
-13.66
-7.12
-108.68
39.54
-29.32
-0.19
20.07
-12.58
-107.13
16.85
6.63
-9.92
4.39
-7.99
-15.32
19.26
-7.03
-39.61
-28.83
-31.5
9.38
-34.26
-0.23
-15.6
2.66
5.5
20.29
58.73
51.87
30.55
-7.73
1.32
-7.33
-6.05
23.51
1.51
11.06
7.24
-42.07
60.55
-2.5
5.73
-27.15
11.77
84.54
-9.08
-9.41
-11.81
17.65
5.99
-9.9
75.72
-74.53
-13.53
-1.12
-6.02
60.4
139.06
-13.89
-6.63
35.06
74.56
5.4
-7.24
-38.97
7.58
-7.74
147.74
-8.7
-5.22
90.24
6.29
18.57
-5.8
1.04
53.12
37.28
30.15
8.47
-31.41
6.73
-188.24
-37.2
-3.32
33.45
5.62
-6.29
-6.78
97.21
-1.26
-7.62
-31.1
51.82
-12.67
-1.5
-3.13
-3.67
64.49
2.15
-21.81
-68.2
30.83
54.82
-27.63
-11.13
-3.21
-70.33
27.51
-52.33
-11.4
-1.36
6.05
-51.4
-14.39
-24.41
18.62
-9.68
24.18
-3.73
10.49
21.14
-24.62
8.29
5.09
-1.8
-6.44
79.85
-80.71
-205.88
-14.54
-10.16
0.95
-13.67
-8.31
1.66
-59.9
19.87
39.88
1.89
-25.55
6.61
-36.95
