44.47
-27.49
-37.16
1.55
-4.93
3.24
-14.07
18.33
-39.22
-15.68
-7.81
0.03
-39.69
-7.17
9.17
48.93
46.2
125.77
-68.88
14.88
-1.44
0.62
-24.89
-20.41
-64.71
-3.18
13.09
4.19
21.89
2.5
-17.51
-29.84
52.18
14.95
16.99
33.66
-19.13
-2.32
0.47
-32.12
-7.64
-38.12
33.21
16.97
6.48
-16.63
12.16
-12.54
-18.81
-8.99
18.48
-90.42
37.5
13.93
-18.86
-18.74
1.23
18.59
-38.67
77.35
-74.76
54.63
-11.16
2.91
64.91
-6.76
-0.28
-6.2
-10.15
-6.72
-39.56
-36.02
-30.61
8.85
49.91
8.98
-25.1
25.84
0.24
9.51
21.66
4.28
-164.16
12.96
11.47
228.89
15.75
10.48
50.48
-34.19
9.45
5.07
-159.08
29.25
-51.55
1.97
-21.14
20.38
5.09
40.05
9.39
6.35
-3.44
-6.71
-8.26
25.87
7.09
-35.19
-13.83
-43.48
50.42
-15.9
5.85
-23.53
18.08
-14.64
10.09
46.65
1.6
8.15
-173.49
60.09
1.35
-39.26
11.85
3.26
-9.97
-37.37
-11.16
-63.89
71.15
8.71
-32.53
1.47
-15.3
-66.33
-96.92
3.63
6.83
-10.86
-124.78
-22.83
22.56
-32.9
45.37
16.36
-54.8
-38.11
-97.11
-19.55
21.94
6.37
11.32
-8.84
17.29
-55.57
14.85
1.24
-41.8
-6.78
10.48
27.62
-32.96
4.7
-39.62
12.42
-5.32
0.84
54.04
-12.37
-5.97
-6.58
-38.61
8.56
79.84
11.54
54.47
-11.51
46.64
8.82
2.59
3.13
9.51
-147.92
21.03
58.14
61.97
-1.52
4.6
247.56
11.62
-45.46
-6.03
69.67
1.97
-8.4
20.14
2.62
15.94
-8.96
27.26
-6.4
7.51
-4.73
-5.41
16.11
-7.01
9.06
-49.19
-14.2
-11.01
-8.76
42.65
-9.22
14.72
-37.61
35.79
28.53
94.9
19.03
23.59
-2.79
14.64
-91.65
71.7
12.36
111.29
0.6
21.64
9.32
-1.13
8.79
77.49
15.07
14.11
45.94
-106.08
-5.2
100.74
-3.8
-28.94
110.34
60.97
-10.88
-1.52
38.69
-2.11
-3.71
12.56
3.74
102.07
-81.15
-4.13
9.7
28.21
31.64
10.54
12.19
-2.97
14.59
90.24
-13.85
-2.52
-11.35
14.69
104.95
-53.06
-1.02
11.81
-105.15
-12.79
3.87
-8.79
-7.03
18.33
79.82
-4.33
13.67
84.99
-40.3
-10.86
153.03
0.02
5.96
-73.59
-9.96
6.86
4.11
53.2
56.12
-101.61
-44.13
12.36
-49.77
-10.12
-21.03
-81.35
-12.04
-8.55
0.56
-12.92
-98.76
63.79
6.6
115.43
-75.23
33.68
-117.07
-4.84
78.77
-46.35
-2.21
0.06
-15.96
3.62
54.2
6.39
31.2
20.32
69.76
6.76
65.04
22.99
-8.89
76.31
82.2
-5.13
-39.26
8.26
-153.2
-50.73
2.91
-7.47
-99.2
-2.5
-31.94
69.41
46.16
59.03
11.37
-48.88
-20.09
-87.19
37.67
103.6
40.49
-55.14
-69.18
-2.87
53.74
33.46
8.81
-9.43
-52.3
-26.81
5.63
34.52
-5
-53.58
-159.29
-2.75
-10.86
-12.32
10.94
-33.66
-78.58
12.65
12.85
-8.69
12.19
-17.78
12.6
29.32
73.12
56.45
114.57
8.11
-1.46
8.59
-9.51
70.41
4.43
23.27
47.56
52.96
-42.16
14.64
-34.85
-18.38
16.18
-58.29
0.11
-8.65
13.94
7.08
-2.26
-1.63
-0.03
40.36
-9.73
4.79
-9.44
-12.18
-5.95
100.91
12.44
-8.72
78.09
-86.79
29.24
59.64
7.01
64.81
49.18
11.1
-12.26
-7.78
-68.43
-189.67
59.25
-111.65
-21.55
50.9
-16.01
15.39
25.42
6.22
24.78
-38.9
-0.49
-29.04
15.52
-43.93
2.92
3.87
10.26
10
-8.81
-14.83
5.24
-30.32
6.24
-7.05
-5.98
-5.36
19.98
-57.01
2.62
2.99
-46.89
52.68
10.32
12.64
-2.67
-49.25
-25.95
-5.27
-9.57
-93.8
5.44
-34.78
3.87
185.86
12.99
30.21
17.57
21.11
29.88
-3.79
4.18
1.57
44.12
15.1
12.59
15.87
-13.91
13.25
12.78
17.16
65.41
63.61
40.4
-9.48
-50.12
24.1
-13.43
4.89
0.44
46.45
40.67
50.79
-132.83
-10.85
-20.9
-108.04
24.55
-13.42
3.98
-29.25
-22.35
-17.83
-84.56
12.79
-6.09
-6.87
67.45
16.83
-47.32
-11.07
45.63
-129.46
23.03
3.2
7.58
-8.38
10.03
-27.43
-5.65
-11.62
30.07
32.91
-41.15
-7.7
10.29
82.34
6.39
-16.89
-28.69
-56.36
-54.46
-90.15
-38.3
14.63
-2.99
14.13
53.04
12.14
-52.35
5.88
-206.41
59.36
-11.62
-9.14
-4.62
37.86
-4.18
-4.53
5.53
-10.9
5.71
-145.78
-154.62
9.34
16.16
74.43
15.64
-8.74
7.72
-47.7
41.99
-10
40.43
-6.49
-1.24
30.9
78.45
15.52
-22.52
17.6
86.7
-33.48
-3.1
-6.42
-1.98
28.36
124.18
-33.25
-24.96
-61.6
-52.76
37.66
-4.15
10.23
-188
-23.15
77.03
-10.52
7.53
-61.63
14.32
-26.91
0.19
61.58
-16.49
70.03
0.38
-141.2
-2.9
12.55
-91.58
18.83
-44.09
-11.19
-0.48
-134.83
283.68
-131.46
29.98
26.88
19.47
52.94
0.65
35.38
104.14
-84.15
-11.08
-12.68
-9.92
-7.29
-15.5
17.44
22.45
-9.16
2.11
-40.72
22.37
-12.83
-10.68
30.06
7.27
-7.01
-13.15
-6.99
40.22
-14.73
-10.86
-13.21
5.42
1.53
7.7
73.72
-39.65
-15.71
-85.7
49.98
19.43
13.4
25.09
-26.3
101.81
18.28
43.53
-8.81
-10.79
-11.17
-45.31
6.35
24.99
-78.99
-9.26
11.83
117.03
7.51
10.44
-33.84
13.75
20.81
123.16
85.8
-43.38
32.37
-48.1
3.05
-57.66
30.64
66.99
47.45
3.64
5.83
22.47
8.05
127.73
-1.72
16.83
0.91
6.6
-111.86
0.51
-0.63
6.91
12.19
2.58
3.1
-38.87
-7.77
6.13
11.89
1.01
4.24
-31.99
4.35
-6.59
-10.15
-5.97
-6.49
-1.19
0.89
-34.59
47.82
-8.13
10.87
-10.3
-1.63
-75.3
-10.51
-7.37
-273.24
-3.64
-19.46
-4.7
-55.7
8.37
15.01
-15.03
-14.02
-4.06
55.56
-13.29
127.96
6.32
3.01
28.98
25.58
-7.84
-9.3
-28.09
-56.41
-68.99
2.36
15.36
-2.79
-7.15
29.03
-28.28
100.41
11.71
-38.7
-43.46
3.48
-6.46
-49.42
9.66
43.76
51.24
53.27
-53.2
-27.04
48.26
31.88
5.76
123.92
9.22
114.38
-72.9
-9.01
42.05
-4.76
-0.45
5.29
-4.14
-159.92
-7.11
-39.08
71.6
47.24
-2.82
2.21
-7.38
-6.98
15.23
4.38
91.77
20.42
5.17
-161.28
-7.99
-16.21
9.51
-6.3
99.16
-22.62
-2.54
-34.21
-15.79
3.07
5.24
23.57
-65.47
16.04
-52.95
10.24
-30.16
19.82
4.25
4.97
21.03
-20.1
25.77
39.16
55.31
18.12
25.21
11.09
-83.25
7.56
5.6
170.92
-4.37
-8.43
30.33
2.68
-10.48
-9.48
-9.41
26.61
-24.52
-8.49
-11.35
5.78
10.12
15.78
11.74
7.07
41.85
0.12
17.14
-59.32
12.96
-0.86
-85.2
9.22
5.49
58.66
6.22
-36.04
15.14
10.04
52.84
-0.74
-26.24
0.95
19.04
80.61
-9.01
-4.36
4.63
47.04
39.66
22.05
34.91
25.04
63.04
-49.32
-58.75
0.86
-1.95
36.82
-69.39
-4.85
3.14
96.94
9.38
12.73
-25.02
-28.24
-7.51
19.96
10.93
-59.52
65.57
18.74
23.14
-25.67
-82.62
-121.9
6.23
9.16
84.79
12.93
-3.32
59.3
45.69
-69.16
-30.42
11.59
-152.36
-85
-104.54
-4.48
17.41
-62.79
-15.22
38.12
6.34
17.41
125.5
38.23
-5
-8.74
81.47
-6.02
342.1
108.84
11.57
-146.86
-24.01
37.61
1.18
-10.42
-8.98
-8.7
8.86
-9.35
-8.47
-21.93
-35.07
20.74
-20.38
94.4
7.26
3.51
-34.85
1.4
-42.19
-133.88
23.66
-7.4
10.38
-82.48
30.12
-11.37
-84.35
56.84
15.95
171.27
-26.38
42.79
-131.37
-104.76
4.67
8.23
-8.54
49.97
-19.44
0.36
-85.3
31.41
-8.96
-7.48
-42.06
-111.73
-22.58
-102.68
-12.87
-2.44
-2.35
-3.53
10.13
-71.08
20.71
5.45
18.48
25.36
4.25
-10.13
26.28
-83.16
-67.45
-50.36
86.76
8.12
-2.15
-39.25
3.43
-5.09
-9.16
-11.03
132.73
4.88
12.49
5.92
79.6
-2.21
7.19
3.31
8.33
3.85
26.46
-6.67
-22.51
22.42
-46.46
-144.07
-60.22
8.37
62.37
96.97
21.95
47.79
6.99
146.03
18.23
5.04
3.42
4.16
-259.44
5.57
2.47
8.11
-2.98
20.4
189.42
19.74
-1.23
