-14.06
94.27
5.23
5.53
-51.29
8.83
15.21
13.09
-21.71
21.48
-78.81
2.58
1.38
-23.63
8.63
15.22
23.17
-30.71
-11.6
4.3
-11
-45.33
1.22
140.24
-9.88
4.46
-8.47
-12.32
-2.77
7.43
-11.56
-22.45
12.36
35.72
-5.86
-80.05
7.37
-1.05
-4.47
84.71
7.58
13.51
-78.73
13.65
58.55
119.96
7.04
90
-128.23
16.19
82.42
7.35
-3.83
4.56
-91.16
0.55
28.11
-72.47
-116.58
8.98
9.51
-20.84
1.79
-38.17
-11.29
5.31
-0.2
-0.42
33.48
40.03
11.72
-22.55
-32.44
40.94
-88.34
37.85
52.23
6.95
-0.76
12.46
-5.53
16.17
-111.84
79.42
9.5
19.56
17.43
-0.04
15.62
11.96
43.38
-12.18
57.25
-10.99
38.11
-83.59
3.35
81.8
-57.45
59.91
26.45
-16.05
-11.08
26.87
5.29
8.17
33.87
19.66
-80
13.36
60.74
1.97
-24.88
-46.69
-13.29
39.45
3.12
-3.29
69.74
-0.03
5.63
24.22
-5.46
64.91
34.83
34.61
0.65
-48.13
58.4
7.24
12.28
2.25
34.01
-29.73
8.47
-7.85
22.28
-68.29
11.5
83.14
46.74
-78.1
-4
4.82
-32.07
17.56
5.2
-24.36
-38.6
-10.83
-82.2
51.7
73.14
-6.53
-3.07
-3.22
-206.35
31.4
-244.63
-75.05
60.49
11.93
-13.21
-0.65
-3.94
3.45
-64.93
4.23
11.52
-7.62
-4.43
27.15
-8.49
2.71
-5.99
16.41
-7.74
10.97
12.92
-87.17
10.95
4.38
-178.78
-72.74
-82.44
-5.7
-7.85
14.18
-59.7
-34.63
-17.56
-5.6
-3.22
52.99
2.29
-35.69
61.62
11.33
-21.4
27.2
4.66
-45.53
11.18
98.14
9.21
22.52
12.41
-34.18
-33.82
-8.74
53.91
-83.12
-6.18
-43.31
98.32
-42.54
49.25
78.53
-137.42
-5.83
12.3
23.91
13.1
1.5
-129.32
9.22
-1.55
12.43
11.1
-0.08
-18.84
-5.42
-3.76
-94.18
-1.24
-129.34
-22.78
25.4
-15.52
40.71
-0.17
-2.95
-98.61
89.87
7.46
6.71
5.13
-5.74
2.99
2.12
86.46
31.87
-12.59
27.15
-11.12
25.78
-6.34
90.02
14.2
46.1
56.61
120.38
0.7
73.13
9.98
13.79
-45.07
58.8
127.63
50.95
-22.11
9.26
-10.4
-4.97
-11.51
-8.86
0.8
-31.28
28.61
23.56
-70.71
51.93
-22.84
-22.49
-49.48
12.51
-23.06
4.84
-24.48
34.75
11.12
-116.9
11.32
67.19
-62.6
-11.22
83.09
7.43
8.79
-12.67
55.25
5.59
-20.47
-191.34
8.34
124.48
66.98
85.91
-0.59
-99.44
0.04
91.04
8.66
12.28
-9.57
22
9.89
-10.05
3.2
-1.01
19.2
-2.19
-13.77
10.64
-12.66
17.42
6.14
14.15
34.72
-77.43
45.17
-126.26
71.45
-6.04
7.22
-6.4
2.64
40.93
1.13
50.76
2.51
-16.7
17.72
-3.64
-111.82
5.74
-9.45
57.98
-13.79
-46.56
-1.93
29.97
-1.28
-39.73
-9.85
5.19
-23.15
14.78
5.91
-10.64
14.2
10.46
10.18
120.11
40.68
-12.9
31.61
-15.77
-28.43
-86.44
-21.89
-92.13
-16.43
-10.32
31.7
-4.14
-10.35
-7.67
6.92
7.55
-65.15
80.3
-9.89
15.67
-89.84
-13.58
5.75
-15.44
58.33
30.79
-69.95
-10.1
-26.74
-17.4
2.8
2.02
68.43
-73.41
-8.17
11.61
-40.87
35.05
59.93
-2.36
117.46
50.92
-34.4
-7.98
40.86
-88.86
11.83
-1.89
-4.37
12.75
-43.99
-61.16
4.84
-10.33
-13.2
-28.2
7.85
-89.13
-67.88
8.66
25.64
143.36
16.82
-1.96
-15.46
0.35
4.48
10.3
23.58
-26.69
7.21
-26.22
36.61
-29.33
-6.02
66.11
-2.79
-103.78
-8.56
-28.42
-10.11
-39.66
7.14
6.9
5.81
-4.04
92.1
-3.27
0.1
23.53
-6.07
-4.4
-27.68
-76.48
-8.22
-104.5
65.93
-31.79
15.83
-146.22
-6.75
78.09
14.5
-17.48
1.23
29.56
6.4
-12.75
4.11
12.74
-26.85
-8.05
6.89
-11.04
23.11
22.29
0.84
-8.95
18.13
4.23
-18.82
-50.5
-38.57
32.37
-59.25
35.18
-10.58
-89.68
-51.79
-3.11
42.03
7.36
-8.68
-81.2
3.72
-8.97
-15.04
41.97
40.17
1.52
-10.94
-9.94
9.98
52.57
0.73
7.85
-6.77
16.2
7.72
1.78
11.76
-15.22
60.67
43.58
12.81
2.9
23.75
24.26
14.7
-14.81
5.81
15.05
-35.34
20.19
8.57
-5.31
-23.04
-9
7.53
-14.21
2.47
-73.2
4.74
48.04
-11.14
-1.68
80.25
34.63
124.92
21.82
-67.14
-46.8
16.3
-1.88
-30.34
-153.39
9.84
-12.17
-14.62
-20.93
-73.6
-7.13
80.99
-2.75
8.74
-49.1
-10.64
10.67
10.54
36.75
-47.02
10.8
-2.77
27.1
6.62
35.9
0.82
-6.21
13.49
8.26
7.49
118.59
26.96
84.47
-45.33
44.88
180.5
18.03
72.9
11.19
-30.67
-118.36
16.49
-5.06
7.72
70.57
33.84
-15.36
-16.55
87.55
17.13
3.92
79.64
7.31
-4.07
156.48
-6.29
-4.93
-32.93
56.9
-2.65
-103.71
-0.67
1.53
-4.92
36.78
14.42
-2.33
-1.92
69.5
85.56
21.98
-20.4
5.46
10.19
7.89
31.83
-42.6
31.68
-8.14
5.4
-88.47
64.77
-43.46
70.83
-42.93
-1.47
8.49
19.67
-17.2
16.28
-36.73
32.48
5.21
19.38
-11.86
-8.91
140.96
0.39
-29.59
6.5
35.95
2.79
1.7
-208.66
-22.35
54.93
-3.84
82.07
13.35
84.34
-7.51
-24.64
-33.74
-3.26
15.68
-1.28
-12.7
-21.14
2.62
13.12
0.5
71.88
-24.28
-10.1
20.24
5.76
6.33
9.45
-56.96
0.77
51.76
-7.14
16.85
-8.15
8.02
31.02
-23.76
-6.19
2.03
-8.36
-20.53
14.82
4.73
8.72
-0.63
36.15
176.65
11.44
-6.48
55.2
-39.63
4.67
-5.19
7.53
7.91
-5.01
-30.69
25.11
-2.81
-30.12
89.63
-26.21
-59.25
-53.87
-1.92
-16.8
32.66
-11.2
-2.61
-58.41
3.27
11.61
8.22
9.96
90.1
7.36
-5.57
-26.58
-5.56
-117.46
-9.16
84.74
-40.42
-106.02
-40.92
53.08
2.08
9.97
0.93
68.57
-73.33
58.28
40.1
2.42
29.62
-88.66
-45.43
27.87
-8.8
-32.56
76.09
39.46
0.37
-17.45
-69.68
8.27
-50.09
-124.91
-6.58
-4.06
2.28
-46.64
66.23
-66.79
-9.32
-8.29
14.46
7.8
-50.8
12.05
13.48
-11.33
15.73
-3.85
-10.6
5.93
-5.78
1.04
-2.32
-8.93
7.27
-81.91
35.64
-221.44
19.52
47.12
10.94
-12.6
42.95
-62.74
-34.73
66.46
-5.25
43.47
-2.93
39.34
17.61
-99.77
-3.65
52.77
40.72
-59.58
54.93
5.58
-17.61
-15.85
-39.55
-12.06
0.14
-2.16
-72.37
-1.04
80.45
-1.25
127.78
24.42
-17.64
-4.34
10.49
9.56
3.8
16.85
3.3
-36.44
49.03
12.72
-5.85
1.53
-4.91
-0.96
0.49
-9.66
23.5
58.21
19.07
-1.21
4.15
-575.31
-10.86
-18.93
-28.89
40.66
7.56
-2.64
46.15
6.37
38.94
-151.01
187.8
-225.87
-32.29
-6.44
-3.92
-0.32
-9.42
-13.77
76.58
-14.13
3.47
42.56
23.46
1.54
53.53
-9.65
-10.96
-45.38
0.81
-81.27
92.82
3.39
34.24
30.12
-29.9
36.51
-11.13
-10.79
-18.18
26.21
7.27
65.78
-50.01
11.7
-43.4
91.58
1.32
11.46
-16.03
68.02
30.11
6.62
-7.32
7.59
-102.11
-6.61
2.49
77.93
-4.82
-5.4
-8.63
5.44
6.52
-45.53
-5.29
12.1
-2.77
-14.36
-166.57
71.34
5.47
-0.78
-4.5
1.7
28.18
-72.8
-44.74
16.82
-4.28
83.74
38.29
-78.3
-28.34
-3.86
-5.27
-10.54
-33.63
-46.56
30.58
-15.4
59.94
27.65
66.76
1.99
-39.8
65.23
3.12
5.52
9.95
-9.95
-89.13
31.72
-3.55
-9
11.07
3.16
-20.56
-4
44.32
-21.63
6.85
-27.16
11.59
5.31
-12.4
-29.13
-27.37
-5.14
10.89
-4.91
21.25
-64.97
13.39
-77.73
28.44
-51.78
36.73
13.19
-6.6
9.26
-132.23
7.32
9.87
-202.69
-3.27
-6.86
8.62
-8.44
-141.13
23.4
5.62
148.53
-73.15
-28.65
31.68
-2.09
59.02
10.09
150.63
40.77
-4.03
-7.07
-7.42
22.81
7.89
-115.36
22.41
-40.26
-20.97
-155.49
7.25
15.02
-5.4
21.84
25.23
5.41
59.51
48.7
78.26
-3.82
-0.29
81.64
20.95
-37.56
2.77
-16.29
5.28
46.83
24.32
3.88
0.93
-112.78
20.31
-9.21
-230.17
-19.48
69.8
-8.54
30.46
-25.36
-75.46
