-12.69
39.25
9.33
-42.51
50.93
-8.47
-20.06
19.81
4.12
-10.2
-26.6
4.4
-4.09
-8.43
-56.29
64.41
-4.62
-12.07
0.87
-62.9
7.73
19.79
-29.53
-15.89
-42.75
-2.78
0.34
18.14
11.61
-11.65
32.63
9.48
17
7.32
41.44
-2.55
8.94
5.09
-74.45
37.88
30.48
17.5
-8.41
-13.61
-11.22
4.16
67.89
5.66
9.9
4.74
2.77
7.34
-7.16
19.29
-4.13
16.72
1.48
10.66
6.39
-36.65
-7.86
-3.59
-49.45
30.44
42.36
-23.02
2.63
-1.31
9.31
-33.85
26.25
5.88
92.11
-4.4
-7.9
-17.48
68.94
-8.46
19.11
88.18
-10.33
-5.39
-5.84
50.36
1.32
-2.74
6.1
-9.39
21.72
12.48
3.16
-75.79
9.67
2.91
42.7
-5.12
12.14
-25.14
-42.54
3.46
73.7
-9.21
7.97
-32.09
-42.01
27.99
-27.86
19.15
-3.48
-10.64
-14.62
-24.19
0.71
-59.27
-19.81
38.75
-13.61
22.49
-75.04
9.17
29.39
59.01
30.35
27.53
-4.53
226.01
17.69
-10.83
88.46
-9.71
19.88
19.53
16.8
57.01
7.04
3.51
40.39
18.27
-123.95
52.13
21.44
-24.46
43.54
127.88
-81.22
-16.73
21.51
6.08
-4.74
15.82
9.23
8.52
98.93
-17.56
11.95
-2.48
70.4
-29.11
32.05
48.23
41.77
0.93
12.44
29.08
-18.11
13.37
-13.63
8.76
67.89
-15.85
150.45
17.44
17.59
-22.51
75.84
86.9
-12.14
6.79
-21.01
24.81
9.49
-12.96
-8.12
-9.94
-12.81
-17.63
4.26
-44.83
33.26
-0.21
-112.51
-14.24
0.23
-41.61
-3.02
9.3
20.23
6.84
11.39
-62.75
-37.28
0.07
-49.28
-8.81
-4.46
104.03
-39.65
-33.2
6.53
-37.18
-160.25
-6.81
69.97
-5.52
-0.13
16.42
50.42
18.6
53.47
56.84
3.74
0.23
11.72
-10.87
-13.29
-35.71
5
2.48
-18.48
2.18
1.79
29.04
-5.84
61.25
28.52
-2.57
-5.25
-35.51
4.44
78.66
39.43
99.84
22.57
1.34
-43.12
-4.28
32.26
-8.93
-12.3
-17.04
-39.86
-4.92
-30.29
-54
-12.73
-20.78
33.95
92.66
10.41
13.65
17.79
-53.97
-24.87
-205.37
-49.95
-9.54
7.96
-71.32
2.01
-8.58
30.79
41.3
12.58
-6.04
-53.76
11.35
5.88
-59.12
38.5
-2.36
21.38
-5.28
38.55
13.24
-47.18
-4.5
-0.02
-6.08
-53
-0.02
7.55
9.01
-5.24
17.66
7.9
27.13
118.05
-7.89
6.29
-10.44
-2.72
13.23
5.89
95.27
19.42
10.4
13.15
-129.95
40.39
-392.26
78.47
11.84
7.46
3.9
-5.21
-45.01
-18.78
20.78
-4.44
-7.02
1.58
-46.39
54.06
55.15
-18.31
-31.08
-10.51
7.55
-12.86
-49.03
5.64
38.46
33.64
39.83
-47.52
4.62
1.65
10.15
-2.97
-3.6
10.33
51.57
12.97
-11.1
10.24
-15.96
-49.95
-3.87
65.99
9.97
31.05
-8.15
-7.26
-64.47
-11.24
8.78
57.4
-1.25
4.43
16.31
-6.53
-221.05
5.25
5.21
9.85
6.96
-33.17
-40.8
95.98
-59.58
5.25
4.08
-59.65
8.08
10.61
0.62
-10.59
117.53
10.47
14.92
29.75
49.78
378.04
65.68
5.26
0.63
4.74
-8.65
-5.53
-20.88
81.38
4.76
1.44
-6.76
11.28
-4.79
-11.29
-0.26
9.02
-48.3
24.26
-16.56
15.24
-47.14
6.6
1.43
21.2
-33.88
38.45
-22.19
32.67
10.08
9.83
-3.11
-38.67
22.53
-7.28
-4.93
-36.1
11.17
-6.53
104.63
40.08
-4.49
-58.17
-119.27
21.2
-10.61
-5.5
-92.1
63.31
-4.2
84.87
9.61
-28.13
2.9
-14.89
-6.63
-50.12
7.5
-95.26
77.6
-4.94
-2.07
31.71
-1.37
-62.8
4.17
-155.69
-10.93
-9.63
-15.45
115.51
-2.98
3.35
86.66
9.36
-9.78
2.31
3.12
80.25
41.03
-10.57
9.09
9.53
-19.9
135.11
10.22
6.2
-31.37
3.09
40.67
-40.12
-5.76
9.88
68.63
-90.45
-14.06
-7.16
0.42
12.57
4.26
-32.66
-31.43
-95.56
2.48
60.68
56.62
-3.72
31.41
14.71
-86.75
-7.55
-79.23
6.03
20.59
50.83
20.7
28.94
-25.82
-9.46
21.05
69.73
-216.85
-110.07
-18.56
5.76
-11.87
8.94
6.57
9.89
19.41
-161.42
6.66
-11.91
0.69
-17.45
-20.47
22.01
36.55
-5.35
-4.46
-69.14
-15.49
58.29
-7.68
-35.44
10.47
40.6
-8.37
-2.83
5.28
-159.47
-7.03
-13.84
2.18
-154.91
-14.47
12.4
26.17
31.46
-99.5
9.13
-4.51
-10.71
-13.73
61.29
81.55
0.67
0.87
-120.34
31.43
-65.86
-77.45
108.74
1.85
-7.09
-0.86
57.98
2.73
-3.3
-6.19
65.03
-5.61
-37.62
-7.29
191.64
-34.09
-13.23
28.71
55.76
-71.72
2.17
-27.69
-33.05
-25.62
-19.33
-15.26
-11.41
-1.93
-0.76
2.48
10.96
28.88
9.63
-245.18
21.66
3.91
-4.07
0.39
2.38
9.56
-62.14
-97.82
-21
-12.61
-10.45
38.3
58.63
2.33
43.56
2.2
56.22
-0.52
-13.56
42.48
45.09
43.93
87.98
-24.92
10.19
22.25
-4.81
-88.41
-23.42
-34.57
36.16
7.96
-56.76
11.49
31.59
-27.89
8.5
89.53
35.67
-11.52
9.32
225.64
-15.53
105.13
35.61
10.65
17
8.76
87.94
-8.47
69.02
84.57
4.06
17.92
10
4.37
-13.28
1.24
-44.95
-57.98
-37.48
5.41
-74.58
14.18
19.76
-7.58
21.14
2.52
4.32
23.74
-16.86
-2.44
79
-3.29
75.64
31.82
-0.48
-131.22
-61.65
-12.04
30.89
31.8
0.87
-4.68
-12.71
1.34
0.79
122.23
36.77
5.97
0.88
50.86
-8.61
-20.15
-13.6
22.85
4.66
-5.91
-99.13
99.87
-13.12
31.13
-1.25
-25.17
29.81
70.8
-13.77
-5.55
-3.12
-6.89
5.34
11.42
-10.56
26.01
8.83
-11.26
-30.38
-37.28
9.33
-8.34
40.16
2.38
-109.25
76.75
85.75
107.06
-22.74
1.19
46.16
49.16
-24.71
-5.58
3.88
1.32
-0.6
58.05
-0.88
6.68
-8.37
11.83
1.06
11.56
-26.48
-1.83
118.99
-14.19
-2.06
-0.66
64.71
10.67
-8.38
12.19
-77.55
-34.58
-0.86
-0.17
-80.85
5.82
-3.56
45.16
15.31
9.38
-5.8
46.56
-14.63
-91.57
23.33
46.5
-1.01
62.01
9.27
-40.77
31.27
-1.15
9.19
6.97
13.64
13.56
4.18
32.72
9.18
3.13
-11.87
-19.98
22.81
-2.02
-16.7
28.15
-7.79
-2.78
-39.94
123.67
12.43
29.67
0.56
1.81
-8.37
-1.9
-70.41
-26.18
-36.13
-13.42
107.68
39.38
-11.44
6.43
7.18
3.88
-3.99
83.74
23.05
37.17
7.42
78.45
53.99
1.88
13.87
3
-5.83
4.69
2.33
-10.17
-2.21
2.88
-11.89
-1.21
-9.33
-34.68
-56.88
-7.51
21.38
-27.53
52.23
49.67
12.86
-12.18
-19.14
-3.98
9.38
-34.43
-13.73
1.09
-4.51
28.37
-4.99
12.55
9.52
51.4
-15.57
-9.99
-15.68
69.68
-20.33
-5.45
-6.14
-39.81
72.14
39.64
104.58
9.38
37.36
95.36
-8.64
-7.47
-7.32
-34.39
12.37
1.35
21.41
-0.37
-76.27
-31.97
-7.39
5.21
1.42
75.52
46.73
34.27
-15.29
10.05
-9.81
3.93
-29.88
-8.37
21.47
21.78
5.84
7.35
45.32
-37.77
33.14
68.86
4.72
-5.87
-19.24
-10.43
19.37
11.04
69.28
8.28
-16.01
70.22
-32.35
-51.28
-59.2
24.45
-76.69
-1.71
-8.42
-124.21
36.41
-14.62
-34.59
-109.77
11.23
39.32
8.68
23.56
41.62
1.62
9.73
-1.49
30.16
-2.03
-8.41
-9.12
-256.77
11.13
-10.99
-6.47
91.72
-3.92
27.75
-35.03
6.2
41.98
-20.42
-1.95
-7.07
-143.18
12.66
-12.09
-42.71
110.82
-35.75
-12.9
-20.03
11.7
-3.7
2.67
-19.55
-102.65
-11.43
44.55
-9.72
3.63
-110.3
-59.22
82.16
24.5
-6.91
-12.09
-22.37
-6.99
32
36.78
-74.18
31.38
2.07
-39.9
15.12
-13.63
-8.74
27.33
-73.23
-0.32
26.1
-1.67
10.14
-12.03
10.14
-7.54
-6.25
4.67
-2.89
11.98
-32.93
-99.91
-11.57
9.26
-30.95
8.81
29.64
-2.43
2.67
-44.12
6.45
5.88
16.55
18.55
48.6
-106.74
-75.75
68.77
-22.5
-36.6
7.54
14.93
13.86
-10.43
1.61
-6.86
-3.67
6.38
57.54
13.9
-16.74
-7.78
92.46
-61.11
16.08
11.69
8.92
-16.2
36.35
-7.96
39.64
-1.22
-78.15
-35.92
-7.64
-21.76
-8.63
11.51
-1.44
63.01
5.24
-44.23
