-33.1
-17.08
44.48
-5.4
68.23
5.73
43.56
9.71
-47.89
8.86
-27.63
9.37
103.1
-124.01
-5.22
33.12
4.07
-10.34
7.54
12.58
-7.55
-9.42
97.76
-3.11
-7.63
-67.69
-61.51
-0.91
49.04
-113.82
-60.49
20.99
28.18
-23.23
-9.69
3.34
-0.38
-7.72
-10.2
-6.66
40.41
-47.56
-23.68
45.62
-31.09
-22.82
-8.11
9.15
80.16
-2.53
-2.35
-16.56
-15.28
-39.36
0.04
-8.13
-37.17
26.04
-72.65
-0.99
-51.45
-4.65
-168.09
-163.53
8.23
-17.71
7.04
-6.64
106.42
7.26
135.98
-0.2
-11.78
-110.2
-10.75
7.79
1.05
-13.87
-56.42
3.89
-3.24
56.17
11.2
-13.51
-102.37
3.38
13.41
-104.72
34.59
6.11
-7.16
46.65
10.31
-49.42
-96.29
-2.56
-23.17
-117.84
106.73
-2.32
0.98
-8.83
-13.86
-0.02
-5.67
-13.95
-7.63
3.21
27.53
5.18
7
2.81
-15.3
3.06
-5.09
32.04
-8.45
-1.69
101.82
4.4
66.09
-16.05
9.25
-8.6
82.51
46.73
-93.48
32.31
4.13
85.83
15.76
-19.87
-2.42
9.41
55.94
-205.97
19.22
8.1
-2.54
2.34
83.74
43.29
2.17
8.88
35.66
21.89
112.91
8.3
46.03
4.1
6.51
-140.21
7.26
-10.07
14.67
-37.04
-64.96
321.58
-15.85
32.24
-21.7
-19.1
2.15
3.6
12.52
6.24
-12.49
-49.92
5.69
-11.46
-6.9
-16.53
-4.34
-13.1
-62.9
12.34
42.87
-99.64
-32.83
95.12
-3.14
-22.93
26.48
37.12
3.68
-85.17
7.94
136.13
30.25
-106.55
-103.28
55.72
-10.62
59.13
77.18
-18.19
49.61
-2.56
10.46
-27.47
7.06
7.89
15.53
-9.9
10.85
72.12
11.55
-17.14
-7.95
2.23
-3.7
11.27
2.37
-46.53
11.59
55.71
61.51
-36.32
78.8
9
73.07
-57.5
7.86
-16.48
-32.78
-3.86
-18.07
-17.34
-33.47
60.21
149.77
-0.03
54.49
9.63
-93.79
73.03
28.65
-185.9
62.23
-35.57
-5.95
145.7
15.35
3.54
-116.22
32.98
1.02
42.37
65.73
-15.33
15.37
-6.19
-37.37
112.94
2.88
-54.36
-11.47
53.76
-1.54
97.63
5.66
41.89
-0.09
-65.74
-24.68
3.22
4.79
211.33
10.95
10.05
-32.56
-8.98
3.15
35.36
1.21
6.32
-0.79
-5.95
56.61
6.52
113.06
-9.35
35.22
-0.56
-5.47
48.39
-27.66
-6.9
2.55
-23.08
-81.5
7.35
-25.13
-44.34
-11.96
5.48
-11.04
11.86
4.51
20.5
-58.48
9.77
-17.59
-216.61
-14.44
-2.43
32.42
-0.87
-8.33
50.48
-8.55
-10.74
5.91
-7.02
57.76
-5.75
95.52
6.19
-14.53
-6.99
-28.87
25.37
18.65
-45.75
-9.03
74.3
-45.87
-8.62
-3.96
67.75
-29.19
-4.39
-68.46
-13.64
17.03
-1.08
23.73
-6.39
-186.05
26.39
9.2
-40.61
-33.61
-9.3
10.3
-48.01
-5.02
-6.24
57.25
-0.32
-62.5
1.67
-70.34
28.78
-13.67
8.56
-15.41
-10.08
4.72
-0.04
11.05
-22.46
-25.22
-11.91
-80.38
10.06
8.78
8.3
-33.75
23.01
6.33
31.73
7.7
16.45
-6.43
-0.44
0.48
39.08
5.87
42.74
-7.55
29.34
34.44
-18.62
245.54
-41.25
5.37
39.9
7.28
39.51
-19.82
47.19
-9.53
11.17
-4.16
3.97
-56.04
19.19
4.39
-14.2
50.51
5.67
-41.97
28.15
5.81
-4.08
-28.1
39.98
-5.89
34.75
126.97
-9.11
-61.87
4.92
-12.83
-4.04
106.21
-2.49
4.92
32.85
-10.83
-6.96
11.36
-69.33
-6.42
-16.42
19.36
-40.59
44.19
4.21
-70.27
-0.66
32.55
-24.92
9.8
5.1
4.78
-95.18
11.9
52.77
24.07
163.78
-7.86
11.48
6.1
-5.76
88.78
11.83
-116.27
-10.06
0.71
7.23
-20.97
30.19
72.92
13.9
-75.12
-56.22
72.38
-28.1
-7.75
150.19
11.73
8.72
14.26
124.74
8.84
-17.39
29.22
2.88
-8.49
0.88
31.41
-5.76
-59.37
0.35
-0.74
-10.24
6.04
7.9
22.29
-3.16
-38.84
-67.22
-7.06
-1.6
74.69
-29.66
8.48
-30.68
37.76
4.59
-18.02
-93.95
20.15
3.37
51.32
-48.36
-71.99
-124.29
8.09
1.01
-50.81
-57.62
113.44
50.94
-208.48
7.6
-12.53
-5.73
8.13
-35.31
8.91
25.73
-14.79
201.05
12.7
-9.57
-7.09
-24.94
-21.88
44.43
13.89
85.19
8.38
106.41
66.03
63.95
-4.37
6.51
11.14
106.1
92.89
-0.03
-9.76
6.3
78.67
56.03
221.77
-5.23
16.08
-17.44
72.66
-12.25
2.13
100.06
5.73
-1.84
-4.91
28.06
-8.41
21.76
41.01
13.02
-95.13
-9.06
-164.55
63.48
-65.32
49.07
4.65
-18.19
12.74
-50.68
-32.39
63.69
-83.94
-4.85
-56.56
-28.68
5.91
-7.4
-5.69
51.77
16.14
-59.88
-27.96
13.03
42.02
-7.63
-5.95
-22.9
-4.73
-84.45
-6.88
6.28
-1.22
-3.85
-26.97
106.12
36.39
23.31
-5.12
-24.04
12.7
-2.3
-23.42
7.58
25.17
7
-17.17
-199.28
-3.9
-2.89
25.31
40.47
22.91
52.01
14.5
-43.31
13.47
4.59
-18.15
-6.19
-29.84
4.51
-14.88
5.05
22.24
-5.24
-26.68
97.53
6.35
-38.84
7.34
-93.38
-7.28
-4.23
-8.94
-5.73
-14.69
-3.73
2.9
-4.49
-72.54
83.98
-9.18
33.12
-53.31
21.68
50.01
-10.29
-0.99
-13.93
6.98
-9.76
27.13
-5.45
7.47
82.52
10.95
19.82
20.08
3.03
-56.68
9.01
-13
-16.81
10.55
-11.29
57.9
-80.92
1.28
-6.19
12.19
-9.52
24.78
38.97
-2.84
-131.51
23.07
-10
46.99
-85.69
-122.5
-48.46
-39.93
-14.18
31.1
50.47
13.66
39.3
-6.35
-19.47
6.55
8.17
-18.53
12.38
70.05
-87.97
-3.63
-57.84
-0.16
63.83
107.94
8.1
6.23
13.32
47.61
-4.9
-70.22
11.87
30.8
-9.19
-63.95
-1.61
26.78
-12.08
41.94
11.46
12.28
6.48
-8.37
14.26
-9.13
-9.83
-38.17
12.55
40
-11.32
3.07
24.57
18.44
16.19
7.9
-42.86
1.13
-99.29
-61.42
-11.65
42.93
14.49
9.13
-55.45
6.17
-23.1
10.53
-74
47.59
-10.07
85.86
-5.1
0.32
-8.34
-32.34
10.88
-40.81
-23.59
-59.21
-5.76
-37.17
80.07
-66.13
1.96
-3.66
6.39
-4.67
39.86
-5.56
13.87
-49.2
-64.47
-0.63
-54.34
-82.36
-30.19
115.22
-13.48
-6.82
-7.78
-98.44
-19.55
-40.06
-27.67
17.66
-115.08
3.2
1.52
6.75
1.15
6.3
10.76
24.56
-13.73
2.98
1.1
123.6
12.81
-4.97
29.45
-87.93
-8.2
-68.44
-3.03
-4.01
11.42
16.12
77.24
44.47
-12
-10.28
-52.56
0.19
5.35
-9.48
3
8.22
34.02
32.13
5.46
-56.67
64.62
12.75
2.29
-14.9
6.68
11.45
8.1
13.69
41
66.32
3.09
33.15
-72.45
8.45
32.74
5.52
1.96
1.63
15.09
-0.18
-3.14
90.88
1.15
21.51
14.24
15.67
-7.56
8.34
3.99
24.96
-21.06
-8.1
5.03
22.07
-3.94
7.48
-12.56
-13.76
-61.66
-20.2
89.45
39.55
0.75
27.43
8.14
-13.07
-3.42
106.44
52.01
-3.42
12.88
-79.93
9.37
35.67
47.31
-8.98
-46.23
98.63
-9.77
6.64
-39.57
42.48
-33.53
-8.51
10.95
-5.66
-1.84
4.95
39.7
-19.11
-8.34
-180.09
-6.03
8.14
-2.18
7.9
7.21
13.13
-99.17
-85.72
-16.28
26.27
29.38
35.59
2.42
8.8
15.26
64.04
23.81
-19.28
37.41
29.55
5.53
-3.03
-37.15
42.64
-18.29
5.08
93.85
-0.16
11.1
-58.61
0.81
83.17
7.25
-3.65
2.91
-69.67
13.12
-12.29
41.02
10.73
-28.6
-144.74
59.38
7.31
36.04
-40.09
11.49
-9.51
11.04
-9.46
-87.12
4.82
82.96
-8.38
-11.73
-14.67
86.74
-30.4
10.55
8.4
-17.88
-46.14
-2.04
-7.75
-185.13
5.59
36.78
15.64
13.19
11.91
-8.99
-58.51
38.96
30.74
-7.29
-25.63
19.88
9.09
81.31
-2.31
20.24
37.58
1.94
27.03
-61.57
8.16
10.75
7.28
-29.36
-6.23
-49.2
9.7
6.02
-10.42
18.93
-7.69
-21.66
-12.4
-36.34
10.45
80.46
7.15
-13.75
19.25
128.56
-24.35
28.65
-20
2.98
-0.5
13.91
54.98
1.83
21.22
2.03
-23.67
47.26
10.95
-69.52
-77.89
-35.34
24.23
4.25
23.34
-6.96
19.05
-2.15
29.16
-34.29
-8.6
9.94
-2.3
8.94
2.95
8.56
-65.48
-36.53
33.24
-2.68
2.91
14.09
