-25.34
4.14
8.13
53.22
30.73
26.95
-62.82
5.65
75.42
19.28
-36.49
15.11
1.01
-39.6
-139.36
32.85
-78.23
9.56
9.3
52.8
-5.72
14.23
-107.61
-3.8
13.21
13.63
66.51
22.22
20.32
-6.47
-24.26
10.88
117.97
-24.29
-44.79
11.32
5.76
-72.98
2.64
21.13
10.16
-10.03
32.23
4.92
-0.05
-64.45
-14.52
-27.08
100.22
5.49
35.81
2.96
0.13
-2.13
-7.3
6.84
-29.44
-19.95
-1.06
22.25
43.76
1.95
4.42
11.63
0.97
13.63
-30.47
20.26
24.9
8.43
-0.31
11.7
-0.13
-98.51
34.77
-9.65
-155.69
-41.28
6.02
73.46
2.66
-84.25
-14.39
82.14
22.59
27.79
-1.17
-16.12
18.08
-44.38
-1.26
33.96
-64.61
-8.65
-4.18
7.25
7.98
-79.15
-12.35
-26.44
-14.54
10.19
14.48
0.1
8.57
158.68
10.84
-1.19
-15.07
-12.61
-2.73
12.47
-19.49
109.13
48.23
25.99
-96.3
-20.91
29.03
-41.45
1.85
-5.91
-52.54
75.45
4.62
3.59
49.48
-24.94
-5.16
-44.48
-3.57
-24.76
27.64
4.33
95.15
63.43
-9.77
-62.47
14.86
-47.23
1.24
-250.65
1.95
-1.65
-75.63
50.09
51.85
-256.59
25.46
-67.82
63.42
-5.87
-16.69
-6.15
-33.5
-10.32
-8.04
-9.23
-105.91
12.59
8.52
4.96
-8.09
-17.53
10.42
23.85
-7.43
0.03
-3.01
-7.88
11.77
99.33
45.44
-137.06
66.99
23.3
-0.99
107.98
102.57
-3.82
21.52
2.54
18.79
4.91
23.48
-490.6
-12.85
124.99
-87.9
-0.54
-97.11
4.75
-29.28
-6.68
-12.24
8.68
16.31
6.5
-11.48
-26.47
31.87
10.83
-15.49
0.52
12.86
-4.51
-137.18
0.82
40.82
-20.4
-6.33
23.53
-6.77
-2.69
-72.18
-9.5
-10.02
4.04
137.18
63.76
38.4
54.84
67.61
32.17
-118.04
-3.25
-5.71
179.06
1.42
5.85
-33.26
-133.8
-54
-30.24
-53.41
-45.18
-118.66
4.44
75.57
4.28
71.2
19.5
12.75
-10.29
7.66
30.66
0.02
-2.7
34.61
-42.86
-1.89
12.09
6.35
-10.4
26.43
0.63
33.43
17.44
-11.51
-3.89
41.38
10.92
180.34
-14.58
-36.2
24.34
52.4
-8.79
73.71
15.9
6.21
-0.35
0.37
20.65
11.17
-36.72
-4.92
-6.4
56.88
-5.88
-15.27
4.3
9.98
10.39
-15.23
-6.79
11.56
14.67
95.97
-11.05
4.97
39.71
-4.31
21.15
47.99
-11.88
7.83
-11.02
148.67
5.1
-2.83
4.37
114.75
49.33
5.19
15.27
-27.7
-85.14
-3.33
12.95
13.99
-22.82
64.04
56.03
12.15
-26.2
11.84
1.87
-4.94
74.13
-38.42
-2.99
-89.78
32.57
-34.57
-34.77
19.59
3.43
11.86
96.52
-11.37
-0.51
-6.51
16.63
-118.06
6.42
10.47
-10.56
2.06
-3.27
6.4
7.27
0.93
6.83
-48.07
55.56
13.21
34.24
9.63
14.19
1.48
64.88
31.81
2.2
114.13
-27.03
-0.58
51.33
-2.69
53.1
6.17
5.78
73.64
38.56
-11.2
13.53
-66.15
103.06
4.19
2.1
116.61
12.49
32.48
-28.88
-71.03
-77.8
69.29
10.6
19.83
-51.59
-3.5
10.98
-19.97
8.29
0.32
7.23
18.35
-23.22
6.71
-9.85
-4.42
2.01
11.78
-27.97
-0.41
-26.49
11.46
33.84
-52.32
-8.92
6.75
-39.47
78.21
-62.86
102.36
15.76
58.03
-65.99
0.42
22.79
4.83
-21.81
5.53
-3.15
12.96
84.22
27
25.96
30.86
5.58
-133.4
9.8
4.43
-5.93
12.17
-10.53
-59.94
-59.73
63.25
-48.4
-118.04
-94.91
-10.9
11.58
-22.27
6.96
-13.18
113.54
35.1
-101.77
-29.45
-5.84
-17.81
24.73
81.3
-1.98
-9.4
11.14
81.21
3.85
1.47
-9.69
19.33
0.8
-9.64
-12.46
-66.21
-2.16
-156.27
-5.34
-10.83
-10.41
32.97
2.72
77.8
19.33
-0.9
-167.61
-8.07
52.22
144.3
-66.79
-59.84
11.82
41.57
-2.94
-7.03
-21.53
73.19
-20.25
5.83
27.34
50.78
-4.2
9.63
17.11
-32.68
19.76
-2.37
58.99
-9.08
-32.28
51.62
21.85
64.42
0.33
-6.52
18.22
32.34
38.27
43.42
-49.37
20.59
-10.85
-135.46
-30.08
-26.27
-3.46
-3.65
14.58
34.97
-13.97
6.09
1.24
-10.89
55.01
-10.59
-0.21
-2.31
-20.33
5.05
84.34
12.69
12.24
17.54
4.57
1.38
35.19
-82.48
-11.02
-86.37
9.35
-37.65
-52.29
-86.93
86.09
48.75
-13.05
14.04
12.79
62.88
10.05
67.29
-15.12
-12.08
49.77
28.69
-12.64
66.63
-2.16
-49.26
-18.02
-10.57
42.22
-25.59
124.32
-5.24
6.99
96.77
-24.23
11.77
-6.65
-18.09
18.94
-21.71
-43.83
-2.72
9.16
-17.2
51.54
3.11
8.99
8.58
-73.03
-10.51
10.83
6.9
17.94
115.32
-12.18
38.43
18.39
-1.98
-41.49
8.16
9.89
2.3
58.31
50.19
-12.36
-40.95
49.78
7.6
-5.25
-248.07
32.67
59.89
19.68
88.84
8.64
19.54
36.05
54.87
-3.93
-47.38
36.81
27.56
0.85
10.45
7.03
-10.05
-22.08
9.27
88.15
-57.41
134.49
-7.88
30.7
-6.04
63.7
-38.74
13.44
4.7
56.05
-7.77
-101.47
5.45
-35.08
15.37
27.72
-18.1
-9.59
-54.1
-67.47
-7.43
-46.56
-9.61
-78.2
-50.58
43.62
6.07
-12.85
74.35
8.15
36.61
-22.74
40.26
17.22
10.71
101.13
2.46
-0.86
-63.67
7.45
-153.4
4.49
12.92
-14.4
-241.7
-25.66
-37.59
89.26
-3.78
-26.23
21.78
70.44
2.5
11.14
71.42
7.22
-37.58
-14.17
3.34
3.63
-1.28
-2.56
85.44
-11.23
79.25
62.47
27.97
43.99
-6.76
-4.65
-90.1
9.98
-2.11
15.43
14.89
-5.41
-1.42
-69.35
-92.89
-101.83
-69.43
114.87
-12.25
51.14
-8.91
-11.49
-51.2
2.21
87.73
-20.1
-143.02
-1.6
71.29
-108.98
-3.05
8.79
-7.56
70.36
39.5
37.96
-0.77
-13.48
-56.14
21.38
2.7
-8.14
171.65
52.51
57.1
-46.72
34.7
-24.27
49.3
11.42
5.69
-30.55
-74.01
102.9
5.64
31.67
-7.37
-6.55
51.49
-25.64
78.27
45.44
4.31
13.1
-123.52
35.26
-80.6
-19.03
-49.71
5.02
-13.42
4.96
-86
54.19
28.55
-39.8
-99.66
2.75
-47.97
-17.24
21.51
-12.49
10.68
-8.51
-3.94
-118.09
-18.46
-0.88
-5.74
34.72
22.03
-71.08
119.78
-10.18
-1.03
-25.22
-14.13
-13.12
-10.22
-39.56
6.86
-65.8
-14.33
134.37
-15.64
-9.69
83.01
-128.76
69.83
-74.2
8.89
-111.88
21.05
-14.64
-57.29
9.81
-5.07
141.5
-9.11
-11.76
-54.65
11.55
-8.45
105.94
35.7
9.75
52.16
-136.03
40.47
-11.9
-47.91
167.42
7.22
20.92
18.19
87.48
10.35
-13.87
14.66
-9.71
5.05
79.7
107.15
-7.55
6.47
24.07
-19.27
-35.51
-66.18
14.49
37.63
92.59
-132.11
0.49
7.43
2.81
47.13
16.83
-12.88
14.89
-46.3
44.15
13.76
12.05
9.14
35.62
8.33
5.06
-11.21
3.31
-12.98
-4.25
-0.46
-12.55
26.53
3.39
11.79
-5.27
85.33
92.36
-8.63
2.95
6.6
31.06
61.09
-21.67
-3.87
-21.59
76.44
-5.52
15.75
-2.09
7.14
-67.66
-2.07
2.39
-3.99
28.82
-18.64
-82.06
15.67
1.6
14.23
6.45
-46.5
-2.22
40.48
-0.08
-8.92
-2.44
7.96
28.65
36.44
19.91
-0.68
66.28
-0.42
21.38
-3.46
8.73
-8.16
-157.84
-82.27
19.82
-9.77
-14.15
33.67
12.6
-20.18
-23.24
-0.08
-10.51
29.52
-9.79
-2.47
-17.01
-70.32
88.98
52.12
79.52
-21.51
7.61
5.37
116.85
-41.99
45.97
-11.12
77.4
-3.77
12.12
60.18
-100.34
5.11
20.45
5.37
128.68
13.2
-1.56
-33.46
-11.38
12.45
4.33
13.19
-5.45
-64.48
-1.34
15.24
-81.85
12.16
-6.88
-54.47
97.93
77.75
0.01
2.43
-33.75
-4.87
-10.94
0.21
12.93
-6.65
8.48
20.4
-0.98
4.97
-21.43
-5.95
-77.27
-87.5
-4.08
-44.61
-29.69
3.97
-11.32
-2.98
15.96
-10.12
-94.65
-0.57
4.98
61.91
-44.19
-8.62
-5.77
6.98
8.55
1.71
7.03
10.97
24.73
-51.92
24.93
10.7
-11.39
-14.55
83.17
4.46
25.09
10.4
31.41
-5.01
4.35
11.7
3.55
146.59
10.04
-124.97
84.82
-14.55
-6.58
165.22
16.96
6.78
-3.94
45.21
1.69
-104.74
10.78
-14.01
-62.69
-11.07
-18.58
6.6
-5.37
10.17
24.88
