-27.54
-47.91
-22.59
-11.23
-7.22
-13.52
-43.12
68.46
-15.08
11
-0.54
14.85
31.42
26.95
2.13
-7.4
55.39
64.68
36.25
2.96
-96.97
4.95
-5.74
48.18
-16.69
-10.21
-11.24
30.07
29.98
-1.63
-6.07
-3.17
23.76
-53.9
-9.63
-11.14
28.23
17.32
6.05
-138.05
-15.89
8.94
-66.78
-3.91
-27.09
1.56
4.71
10.34
15.21
-78.7
24.54
-8.77
-9.67
-6.84
0.99
-20.77
7.18
-39.96
38.23
2.69
-21.56
-12.04
17.44
-2.93
-17.9
9.74
52.06
63.21
-42.56
-36.44
61.05
-62.3
-38.09
-5.56
0.31
13.36
4.54
-45.75
-0.45
7.62
7.95
-68.71
-2.3
8.08
7.81
17.82
-50.82
61.02
10.44
-246.19
-93.19
25.64
-45.7
10.65
73.76
4.02
44.49
-79.01
-32.13
-37.05
104.04
-3.53
43.7
44.44
-11.05
-49.47
57.78
-47.1
5.28
-35.07
-0.07
38.56
9.65
42.07
2.52
11.33
-242.02
-4.36
-8.35
40.69
8.51
55.86
-0.29
-74.35
10.61
-5.7
10.34
-7.64
13.52
-23.97
7.4
102.32
-52.32
-5.21
7.7
-2.84
-65.61
-11.04
5.92
-205.45
-9.39
11.16
-12.36
9.42
0.39
4.93
8.86
115.82
6.81
11.88
-9.53
0.79
-17.08
10.75
7.29
3.4
-10.65
-12.71
21.8
14.63
9.57
10.49
-71.78
-7.97
-13.02
-8.66
-6.24
0.88
60.64
-4.6
-27.92
4.6
20.07
14.97
3.77
-3.13
-14.98
6.68
56.65
130.5
148.01
78.55
59.3
5.41
33.16
42.61
-148.07
-2.21
13.63
-12.33
-45.9
37.97
-15.56
0.37
46.68
117.01
142.71
3.07
16.76
-34.07
-68.3
-8.7
-13.68
-15.68
-38.39
61.01
135.78
-85.02
12.76
-11.59
-2.66
44.77
-3.74
-15.18
33.01
15.72
48.02
-16.99
-74.58
94.8
-52.4
-0.58
-4.31
-3.5
4.26
-54.8
12.81
-2.42
-5.92
8.35
-2.33
77.52
-33.94
-13.01
99.27
2.04
-4.66
3.45
20.03
-127.69
-1.3
-3.36
51.41
11.93
-37.19
-101.52
-67.73
32.57
-13.73
-99.51
-6.5
2.54
-2.72
60.1
30.94
16.99
-11
31.27
-36.15
11.22
80.4
118.45
22.36
20.54
96.09
-9.71
43.67
-42.62
6.26
-89.4
4.3
-63.15
-11.24
-8.16
0.13
-3.43
-6.18
232.29
5.56
-13.75
101.57
-0.08
108.3
-7.41
11.48
-3.3
-10.23
22.13
23.96
118.26
56.27
11.22
-6.82
17.31
-24.83
-59.92
1.95
55.33
-17.55
-51.76
-7.04
26.17
-71.05
-4.14
41.67
12.32
-40.98
16
2.04
41.07
16.36
-21.69
106.65
32.56
-2.58
51.13
43.7
-3.11
-51.8
-119.35
2.29
-46.71
20.51
6.73
3.83
5.47
54.3
-29.97
36.91
11.22
88.09
-11.42
101.87
40.61
-10.09
6.11
-25.78
-0.12
-4.08
-0.1
-87.33
-83.92
36.91
-3.82
-23.49
-87.98
117.04
68.23
27.79
109.8
-8.25
10.36
-11.19
12.84
9.04
19.48
25.77
32.16
47.45
-67.79
-84.21
61.16
2.83
-5.94
-14.42
-70.88
38.11
-123.02
19.78
-2.55
10.58
-6.84
97.64
5.6
-5.67
-18.74
3.76
-5.13
-3.81
-1.8
3.16
8.16
-70.08
42.96
-12.48
5.04
10.64
58.6
-5.41
-63.51
-5.19
74.92
-33.01
-1.81
9.76
-4.76
-14.95
3
-50.69
-21.08
6.03
-2.07
-11.9
37.92
0.53
-25.46
54.74
-0.87
1.13
-60.78
9.16
-6.55
27.11
35.43
-1.7
-9.76
77.16
71.35
3.51
7.76
-41.79
10.3
-31.61
-4.49
-90.71
33.38
-14.86
-1.98
17.36
-32.08
79.96
-1.01
-11.39
56.17
-38.26
-7.96
-13.62
6.39
-1.59
11.16
11.15
7.35
-8.92
10.85
-17.19
1.83
6.46
-73.08
3.66
4.53
3.42
3.16
6.72
-71.57
-19.07
-0.82
-7.18
-7.88
-172.39
86.95
10.04
4.84
-6.86
-0.72
10.47
-27.03
77.53
-10.68
-28.41
-7.87
-49.55
-31.56
-8.66
43.07
-3.11
-7.53
-14.13
6.35
8.46
61.82
56.56
-4.68
-9.78
-48.76
5.59
20.23
108.73
-1.57
12.23
59.19
129.34
-14.72
15.77
87.62
-9.35
-5.33
18.23
3.74
-4.09
-11.02
-16.9
43.22
0.78
-8.91
-49.96
-6.72
-50.78
68.03
-12.42
35.45
-3.38
14.98
-235.74
-37.86
75.36
18.01
-5.58
52.18
55.78
-3.05
-10.84
-38.84
45.75
31.94
7
-89.15
-28.41
18.46
14.27
-16.33
-23.13
10.77
-45.79
-17.71
78.4
-51.88
5.08
-16.45
-109.09
-166.68
-2.75
-2.33
-1.98
36.39
1.63
20.9
-5.12
22.9
-24.9
63.72
-69.25
-57.59
53.93
28.18
-3.72
-8.38
-12.04
80.06
-64.81
15.42
3.69
73.75
-97.13
1.86
7.32
8.3
-3.02
-11.19
-8.08
7.43
1.6
5.26
-12.36
0.69
8.46
-10.65
-4.49
12.67
15.85
48.63
49.25
4.19
10.44
-62.27
3.68
2.32
5.12
50.14
5.38
-10.62
4.22
0.07
-4.97
-18.02
5.3
20.95
3.1
74.72
49.67
23.45
-1.9
-15.87
-53.31
-17.62
34.38
-3.18
4.73
5.93
14.29
15.46
5.07
2.94
-18.5
28.29
-3.76
-22.64
-41.6
-182.35
65.31
36.16
2.9
-41.49
23.51
11.71
-17.89
-8.43
38.47
7.07
101.24
1.61
44.08
97.23
29.27
-9.22
-16.13
2.54
99.09
-77.66
26.81
-14.75
48.15
1.28
-13.02
-32.42
48.19
29.8
93.84
0.44
49.22
115.96
50.64
121.39
73.79
-2.67
-16.96
-1.52
-11.67
12.3
6.76
-54.89
-57.61
29.98
4.49
9.76
71.58
-10.84
21.87
-0.68
6.7
74.92
4.74
-29.32
5.86
-37.92
-46.86
9.16
42.3
-4.59
88.46
19.53
-10.21
4.15
-8.46
10.63
4.16
-1.09
-90.26
-14.56
-15.01
-97.77
0.61
2.47
8.56
-3.8
6.58
-15.24
-55.31
-10.22
-288.21
-7.21
62.08
-0.06
50.47
-9.08
6.33
-14.05
-14.12
38.3
9.94
-7.52
-230.52
21.16
3.2
-15.55
5.98
-13.24
-54.65
26.94
-50.62
-138.59
-0.11
-40.92
-13.52
-14.96
55.07
50.83
2.12
26.08
-10.06
0.94
-25.3
19.54
3.18
7.23
20.4
30.21
85.29
-141.66
-1.07
-4.61
4.75
-27.68
129.1
-11.34
2.72
20.47
40.67
-15.33
-15.25
5.22
15.55
74.83
-12.91
-6.88
4.52
18.6
3.48
-71.96
-12.59
14.43
60.38
-1.48
140.1
-5.88
-78.32
130.47
-68.43
-99.52
11.99
120.12
8.45
6.21
18.74
-1.63
3.45
-12.44
-15.35
-0.38
14.82
3.53
4.09
-3.07
-116.46
36.15
2.19
28.44
-9.3
10.44
-43.06
-52.18
15.43
47.57
24.44
-12.44
1.63
-78.29
37.71
1.6
8.96
6.11
58.13
-272.51
-14.37
3.9
-1.69
-6.11
-59.96
2.93
13.26
2.82
81.13
-48.63
-12.9
237.66
22.54
57.43
-19.99
1.75
12.33
-4.77
-6.19
4.32
13.92
47.38
-17.33
1.78
-13.76
-7.62
40.4
20.39
-0.19
-212.45
6.89
-65.32
1.85
90
-13.16
11.41
8.99
-11.83
235.23
-45.31
-4.63
-3.72
4.2
-107.71
-10.54
34.97
31.49
3.66
-84.48
-8.65
-4.5
-52.29
-58.52
-15.69
-244.64
114.7
43.55
19.98
-2.77
-8.25
9.26
12.32
-35.36
19.9
39.56
-9.07
2.69
44.31
8.36
-0.58
2.3
7.42
3.24
-11.51
-2.87
-2.9
-21.56
-19.78
33.4
52.48
41.64
-37.99
15.49
-7.74
16.63
3.31
-32.8
17.12
-28.15
-8.3
2.03
-9.13
-92.13
12.98
42.49
-10.12
31.25
-22.02
-27.32
70.32
-13.67
10.92
4.08
47.18
12.02
-174.91
53.12
-171.69
11.78
13.67
-178.72
-13.3
-8.5
52.14
3.28
14.64
-4.74
-31.03
-20.43
27
10.36
-0.83
-0.23
4.89
-61.18
71.98
48.4
-81.38
-32.82
10.25
-94.36
-92.4
8.07
7.95
37.52
27.63
137.53
-31.89
-75.57
3.44
-10.63
4.93
-12.75
-3.63
-4.84
-11.21
27.68
-0.25
-13.49
-6.77
7.81
-19.84
17.08
29.68
-38.71
-25.33
8.51
-2.16
-1.67
175.99
35.18
52.11
24.65
-77.9
77.15
1.2
13.17
72.56
-4.74
151.67
-16.05
-65.95
-1.72
-109.01
-15.59
24.37
2.65
-33.1
0.74
9.41
-10.26
-59.49
3.49
-3.64
-15.31
47.92
9.48
33.93
22.91
-2.02
22.31
-14.1
6.38
4.11
-5.98
-7.11
-100.52
26.82
-79.39
-22.33
5.51
6.11
-8
-8.11
-0.88
-3.36
15.01
40.98
-1.91
25.55
-7.34
-12.06
-12.76
-43.88
22.32
5.29
11.6
-0.13
-40.12
-2.26
12.68
7.53
