3.82
29.29
-11.35
-38.72
-61.9
-133.35
-30
23.27
-1.94
-140.03
-22.25
-165.05
1.75
6.25
31.78
19.04
-127.85
-151.77
-76.83
-55.67
-23.91
70.77
-4.77
-109.66
59.66
-78.39
-72.59
11.19
-6.07
9.42
-8.14
-15.07
-38
127.5
87.81
-8.37
2.94
-13.84
9.71
73.19
22.58
14.43
-88.27
17.23
-41.82
-28.7
-2.81
-22.22
22.68
31.44
6.04
-57.7
28.14
7.3
-4.78
-62.6
-70.84
102.5
38.47
-28.75
-47.07
26.59
-17.84
3.24
-47.42
14.02
-3.76
-17.65
-24.36
22.3
10.6
5.11
9.68
-2.07
8.91
49.16
-34.9
10.24
-2.22
-25.26
7.84
24.35
-9.78
-10.7
40.21
-3.78
-98.19
-0.89
-3.86
-9.11
-20.02
2.92
7.42
-38.63
-68.43
-39.19
-21.01
2.11
18.13
26.37
-8.41
-4.4
56.41
-4.3
-7.45
-48.63
0.15
-4.34
-68.45
-69.13
-10.14
8.42
55.88
-62.22
24
-76.69
-11.26
13.68
-13.23
15.42
13.04
11.99
146.68
-7.3
52.78
65.45
-134.39
-23.31
-3.76
-8.19
-6.8
-8.91
-2.22
-13.79
-0.5
-110.07
-13.3
-16.62
-40.24
-7.55
-26.7
-30.75
22.86
11.87
3.86
-5.91
-23.64
38.52
42.49
24.41
11.1
-11.47
-158.77
-33.39
-18.65
1.71
-14.81
54.07
-50.1
-54.77
-26.8
-11.55
9.83
-9.8
-11.48
86.48
9.38
-8.38
6.57
-83.79
-4.65
49.9
7.02
6.56
0.3
-0.57
-43.04
-62.99
-3.29
130.89
-36.79
11.13
38.42
0.57
-70.33
-5.75
2.99
-6.81
-6.26
-28.58
43.49
3.28
-34.2
39.33
-1.97
-47.1
19.38
-49.21
96.85
-10.75
3.73
15.86
-7
12.23
-10.88
26.76
-50.12
6.62
-8.53
36.2
4.29
7.56
17.02
7.06
49.28
-11.52
-4.68
-12.83
-37.39
-15.32
282.79
10.22
65.03
-1.64
-13.11
19.88
46.41
-34.65
-11.69
-13.02
4.17
-1.44
44.38
83.53
78.46
-12.55
2.85
56.28
69.76
-20.12
18.31
37.77
-29.03
59.58
5.78
-8.63
81.19
-12.55
-59.74
-51.18
-14.34
-7.81
6.64
15.51
1.5
21.74
20.12
6.42
23.3
49.64
-57.29
6.28
22.99
75.46
-55.85
36.29
-4.99
67.98
2.26
-104.49
11.76
-59.67
12.96
-16.44
-3.88
3.49
-12.29
7.31
93.41
9.05
-139.02
2.87
3.01
60.83
9.8
76.14
7.42
9.75
25.08
-46.78
5.58
13.12
140.25
-9.63
0.46
-2.36
7.42
-3.55
-22.19
48.92
2.67
-22.45
-8.01
-49.3
12.17
4.6
7.07
10.66
74.85
-73.15
1.46
92.21
-83.12
-8.8
-61
11.36
-125.94
49.59
11.65
-64.86
-88.06
-61.87
0.74
-52.83
2.51
42.13
-3.3
-5.37
10.39
-13.54
8.88
-13.8
-4.53
91.44
-6.22
-25.93
5.3
43.09
-9.9
15.55
-19.9
-32.12
-12.92
-12.75
11.1
47.03
53.69
7.4
-97.39
3.62
-31
-1.94
42.64
-139.84
-2.49
-3.89
17.8
13.57
13.37
14
-19.24
-6.09
11.93
-2.8
14.63
62.57
-0.34
-10.54
17.99
-2.2
-8.5
-3.89
-13.59
4.78
-69.14
86.19
-18.74
82.71
7.69
-15.35
54.96
34.14
11.64
36.85
11.15
32.67
-5.01
-16.31
16.04
-13.33
12.52
3.29
11.88
-9.29
-99.07
-12.35
-6
4.42
95.25
-76.4
2.98
-57.11
-3.05
-8.65
18.79
48.23
3.69
-4.59
-106.62
23.61
1.9
-11.31
10.58
-35.62
40.85
12.11
-10.64
-16.83
-16.66
17.98
-3.95
0.71
90.91
46.75
-41.66
9.3
47.21
82.58
17.53
6.99
-1.86
32.72
-61.96
13.16
57.48
-172.42
68.38
7.93
-39.86
3.98
11.5
-35.17
94.09
76.17
-442.09
7.44
43.78
81.45
-11.8
2.09
-135.05
57.01
2.15
2.88
-118.88
73.72
-0.67
-9.38
-109.08
53.17
12.77
-8.06
-96.34
127.04
59.8
-7.81
11.2
17.14
-1.48
-52.9
60.6
21.13
6.72
52.77
25.48
-5.84
15.04
16.05
-3.22
-1.63
-0.12
25.82
-11.5
33.16
11.89
-28.49
-4.46
9.44
3.55
-2.56
-0.36
-2.98
38.36
-34.71
-1.2
8.47
-7.33
4.73
-46.87
23.02
-30.85
0.72
-6.31
134.2
3.74
3.4
9.6
73.49
-60.13
10.64
64.28
54.27
-8.64
-9.02
5.93
-135.51
7.88
51.88
10.57
0.05
58.62
4.38
12.4
-49.86
-5.05
-2.13
95.23
-71.42
-69.5
16.41
62.91
43.12
4.57
0.49
6.07
0.41
7.72
-4.72
10.83
7.34
18.74
-28.43
7.41
-12.36
-155.32
0.97
-18.65
-3.99
28.65
-99.67
41.89
18.1
-14.1
-20.8
-49.72
0.62
103.53
-62.78
-3.04
-18.44
30.13
14.75
35.18
-41.51
63.45
8.74
5.15
38.28
-94.77
40.14
-6.89
-9.57
-2.32
-14.86
-121.01
-10.83
13.11
-91.06
-0.86
-29.43
8.75
24.46
66.77
-3.75
-10.03
78.54
-7.57
0.48
30.79
-24.72
-24.59
-13.23
-2.7
-45.92
-23.33
-8.56
7.88
-29.48
-446.9
8.85
15
32.8
-20.09
19.98
9.79
35.38
-22.43
-4.05
-50.14
-100.55
-69.8
-8.3
30.82
8.05
1.17
55.68
-13.52
-51.63
-3.78
-0.67
2.11
70.28
-3.46
18.71
0.64
8.88
-12.42
-29.73
-27.24
-41.45
-7.54
43.32
1.7
-3.84
-4.25
-35.35
-197
-11.62
-6.11
28.24
-171.32
1.57
7.85
-16.15
-6.05
-16.18
36.4
-60.72
-34.53
16.2
-38.6
25.55
90.34
7.46
1.04
68.19
8.38
23.44
9.42
7.33
32.78
6.14
-34.22
-30.71
24.48
-54.88
-1.53
-4.54
-78.29
-54.4
-137.28
-0.92
-0.66
10.29
15.09
77.1
-17.9
63.32
-16.61
-23.29
3.57
11.7
9.13
0.37
-14.63
32.61
-6.96
-18.39
3.51
12.26
10.33
4.11
9.93
9.7
59.23
-38.9
31.94
-9.22
-0.37
24.96
-2.44
23.59
-6.54
-7.61
-58.02
-120.6
-9.1
80.99
5.39
38.63
7.21
-9.23
10.37
-71.01
-7.66
26.51
-36
12.86
7.7
6.04
8.13
161.35
-7.79
51.04
8.35
1.44
9.2
-80.53
-1.53
-25.53
11.15
-17.02
-13.58
-48.79
-2.1
-59.36
-80.78
-5.12
-8.34
-47.37
-72.91
35.05
4.24
-34.04
-12.14
-6.46
109.42
-3.8
-5.3
12.47
13.59
-6.09
-13.12
-5.7
33.85
6.47
-8.7
-7.82
3.43
-12.75
-30
-1.63
154.5
-3.28
-76.74
17.8
-7.08
67.38
17.74
26.41
-2.67
-74.61
148.27
-3.33
37.78
-127.05
-16.9
49.38
39.49
16.99
-33.58
-96.82
84.7
66.79
-13.36
11.81
44.38
48.97
4.38
-8.24
-42.45
-6.24
-4.46
49.11
4.47
11.98
-56.55
11.7
68.21
-1.71
-6.24
13.03
51.83
40.08
-86.95
36.32
77.26
1.29
-11.79
8.5
42.06
-62.86
19.91
-13.22
9.43
-27.27
30.28
-7.89
-10.9
12.1
-125.64
-9.68
129.14
10.85
-12.46
-7.98
5.86
74.73
-12.82
-2.45
-0.02
98.92
55.36
30.77
20.96
-4.63
4.43
71.18
-12.45
-52.77
-10.9
-2.87
6.65
0.59
5.85
75.75
10.09
25.24
63.55
-30.99
13.63
-34.52
-100.12
80.56
17.92
-8.18
-8.41
-2.67
21.4
55.48
-9.23
21.11
-24.36
-33.26
-9.74
-48.05
9.68
72.14
1.15
-19.62
-7.23
54.28
-11.55
-72.91
-1.19
-0.01
8.69
-37.93
42.99
-59.19
34.51
11.86
-20.66
-109.78
90.35
33
11.58
24.7
-1.78
-12.64
44.72
-4.51
0.94
11.29
48.49
-6.09
14.45
-20.49
-96.52
36.47
-110.99
11.68
44.85
4.62
24.38
-21.12
10.02
8.59
4.35
-22.17
26.68
-85.94
-52.49
-7.5
2.22
12.17
20.38
-13
3.64
24.11
-42.09
47.77
30.07
-82.39
6.08
-12.02
51.38
11.33
5.3
73.17
-9.09
-5.12
-14.3
5.88
18.05
25.15
63.72
-8.24
81.52
-19.1
12.11
70.34
118.28
105.77
10.81
-57.11
-1.07
-63.41
17.33
-17.75
-62.35
-208.8
10.56
-6.85
-23.57
-11.93
-5.2
57.8
72.86
-10.39
-151.96
21.19
-2.02
5.3
-28.83
-4.83
6.67
-10.71
-36.93
-27.23
-6.87
-7.13
13.4
-12.67
-125.29
4.25
23.62
-13.46
43.93
-103.56
16.02
-8.09
-13.52
-2.81
-0.65
33.34
-46.26
3.07
-1.37
12.11
-42.34
4.31
-83.67
-44.15
-12.76
18.42
-43.19
6.74
-2.31
-8.03
-65
7.59
28.52
1.91
43.89
21.86
38.86
4.15
-2.21
-2.42
15.91
1.75
-58.49
-17.25
2.67
7.6
-58.32
2.74
-4.59
19.98
-8.45
28.12
-49.83
-29.23
