7.17
137.72
14.39
13.88
-71.37
-14.48
-56.75
-51.68
-8.71
30.44
82.17
2.87
-38.52
-26.2
-64.13
61.67
98.02
-38.95
13.03
10.7
9.35
-10.55
-28.29
28.38
55.57
-65.04
-20.89
16.83
27.62
20.18
14.82
9.53
18.44
22.97
50.23
-0.42
36.37
-6.71
-7.59
-12.72
-12.33
-5.13
58.53
10.53
73.85
7.39
-3.07
-41.92
4.14
9.37
1.02
13.97
11.84
7.66
-9.36
-10.63
14.39
-218.35
-8.63
23.33
6.76
-45.69
47.46
23.3
18.54
-47.57
60.96
48.11
-41.87
12.66
8.7
52.73
0.47
-6.19
5.58
-1.45
60.07
-8.39
67.57
59.35
-1.98
33.59
22.21
9.07
12.95
-2.67
8.97
-26.11
10.09
12.6
-9.51
9.65
-12.39
4.55
-0.64
-135.98
2.89
-5.28
-6.93
-152.54
19.94
-7.59
0.56
1.77
-12.76
66.64
2.76
-186.45
132.18
1.12
35.1
11.22
2.86
3.67
43.15
-26.63
82
16.72
-8.25
45.02
-3.03
4.01
-46.84
25.37
22.77
-0.84
79.45
-127.41
21.48
8.22
-11.33
-87.91
85.02
18.09
-10.95
73.72
-15.35
23.49
1.54
38.64
7.13
-6.89
2.63
8.79
11.01
-21.53
30.15
-55.47
19.07
73.97
1.92
2.07
60.16
-2.88
-33.47
66.69
8.52
13.66
8.01
-7.12
13.18
8.51
6.58
132.24
122.16
33.67
4.91
3.41
12.69
15.25
-21.24
13.73
-21.06
6.97
-43.51
-42.51
7.7
-7.47
-8.22
-91.17
-32.44
-30.85
-8.04
-11.81
7.34
65.83
-4.41
55.48
32.37
57.94
-60.42
9.21
-9.26
128.17
16.94
-17.33
2.29
-37.7
9.25
-147
128.78
89.22
45.16
-20.93
-10.77
-3.32
74.86
36.58
-9.14
10.78
90.17
-22.34
18.66
41.56
-57.59
10.62
-130.39
-56.06
23.7
-29.31
-68.78
12.5
54.96
16.38
2.2
28.15
-48.54
5.11
39.73
4.54
-10.65
-136.88
61.12
14.22
-33.66
-2.42
-257.2
-235.96
29.13
121.77
27.61
-55.29
-28.47
11.89
2.58
82.08
14.99
-9.46
6.7
1.82
34.06
-7.35
-7.6
-27.23
0.92
8.94
11.48
-38.49
-91.31
0.62
-35.43
0.46
5.84
34.23
-85.14
-12.77
16.37
-3.92
13.03
-67.1
-3.66
-14.11
15.06
28.3
-46.34
63.7
5.61
-24.88
-4.59
91.5
-49.97
21.43
21.2
31.36
-6
-6.34
-29.63
-21.06
123.2
46.9
4.72
-6.57
4.05
36.91
-4.05
42.16
-14.95
93.92
-55.29
-1.16
-9.24
25.02
-15.57
35.19
-10.51
2.96
-52.4
-2.7
56.1
8.96
-27.67
-0.78
-8.52
6.53
1.74
63.22
-110.19
-34.45
-11.69
-9.95
-0.73
-71.22
73.05
21.06
6.98
-3.07
-4.95
-15.1
5.94
-64.41
163.71
1.31
-59.22
3.74
99.32
-8.89
2.35
-6.62
18.02
5.6
-43.91
-25.08
-54.68
43.24
5.11
-87.44
-0.48
-7.63
2.05
19.84
-36.82
9.1
82.59
-11.78
12.85
-81.39
-16.94
-11.97
9.92
15.22
5.69
4
52.31
-61.59
54.14
-73.67
10.06
-9.49
-17.51
38.15
-30.92
-130.05
-70.15
50.63
41.97
1.25
-6.84
14.23
-59.84
-54.44
77.43
11.88
156.99
85.12
-93.41
70.28
-8.13
12.37
-63.83
15.89
45.07
43.94
40.34
-11.77
0.88
1.83
10.85
-9.04
-3.52
28.4
66.97
-4.91
-153.9
-51.11
128.9
-49.05
-3.43
2.08
-32.87
6.79
32.78
3.52
-21.45
21.96
-3.93
10.34
15.67
34.44
47.08
56.33
-2.31
15.58
-14.49
-19.2
-29.92
-2.79
-19.95
1.45
-13.54
-4.66
-2.42
2.3
-28.14
8.16
51.93
-49.3
1.23
-192.25
-9.06
44.67
-0.45
26.03
-47.75
-42.31
4.65
35.28
-20.52
13.88
-3.25
61.48
-0.82
0.54
52.26
60.86
-85.83
-30
71.99
-16.5
-67.47
-13.22
34.76
-60.55
12.84
31.42
19.22
-11.37
23.18
52.55
93.03
-8.63
-7.37
35.89
23.4
2.04
-76.36
-4.64
71.35
10.97
105.31
-61.08
7.17
4.58
-10.25
-3.53
12.79
119.86
-9.21
19.8
1.83
-1.69
-63.6
-4.85
48.22
-60.55
-16.08
-65.94
-5.2
11.04
1.4
-0.87
-9.79
14.58
-16.89
-23.67
65.21
58.64
5.8
-26.18
23.99
72.42
20.55
9.55
-229.5
-71.29
24.36
-64.46
17.69
67.6
-9.5
-33.48
-5.12
-43.06
8.01
22.53
29.28
8.42
49.8
-11.74
0.88
4.83
6.1
-27.17
-26.34
-111.93
23.84
110.12
7.54
32.01
-2.54
11.25
32.54
-10.5
8.09
13.47
-6.73
-10.67
4.53
6.27
-6.79
-18.83
5.55
81.11
25.51
123.09
-56.21
0.09
-2.19
39.77
9.45
0.82
-27.54
28.31
46.65
1.07
-8.34
-62.7
-1.64
149.53
-78.77
5.53
24.07
8.95
-6.19
-21.58
-63.3
-1.51
-62.31
-11.4
-12.62
5.27
10.55
14.49
-61.76
-53.23
7.89
-18.59
13.07
119.96
-9.15
-81.35
-11.83
79.43
62.86
-10.37
-12.89
-27.76
-81.34
-22.1
-37.1
-6.35
34.06
-6.58
80.06
-10.54
20.12
-11.05
-39.94
-28.94
-33.01
38.35
3.85
-8.33
-23.59
6.67
34.7
-117.42
53.9
-3.25
15.3
-10.2
8.57
-1.2
-12.6
-50.12
-10.02
1.05
3.57
60.05
-48.35
35.7
40.72
-8.78
-22.61
-32.52
-7.61
92.22
-12.41
-114.24
-2.66
24.68
-122.37
-21.49
24.85
38.97
-28.04
2.77
6.98
7.34
-12.61
48.58
-0.81
-36.5
11.03
98.17
11.61
17.52
-4.93
-8.6
-8.85
70.91
-2.36
-6.62
-4.15
68.84
19.35
-39.03
17.1
-37.25
12.79
135.53
30.59
31.08
-153.85
5.13
-1.44
-14.4
10.96
110.76
-25.94
1.83
30.94
9.43
11.42
16.03
-8.99
-5.88
10.3
-205.31
13.84
-15.66
36.93
2.83
78.49
8.24
0.02
-3.88
-20.17
6.99
0.87
48.18
-26.79
56.92
15.84
-11.28
-10.33
66.09
-30.38
39.07
0.05
-24.51
-5.76
-33.13
4.86
14.64
2.58
18.51
-29.1
50.36
40.02
-16.87
-22.17
-12.3
32.86
89
-9.66
9.79
-1.81
-7.79
-5.19
37.99
-73.26
-6.45
14.74
-23.38
33.34
-0.5
-7.01
1.12
0.19
62.7
-14.44
14.34
-11.4
-9.41
85.8
38.98
0.12
-29.11
-2.35
-12.06
-6.54
-74.58
-0.35
-16.24
-6.72
53.23
93.17
94.52
37.42
-30.92
76.51
10.54
-3.7
66.97
4.81
5.45
123.19
-35.95
52.64
30.1
2.93
-1.36
8.7
9.78
10.56
-5.49
49.22
-21.7
3.91
52.94
6.57
11.98
98.21
-3.43
-6.71
-9.88
-19.33
-7.27
26.77
2.2
8.61
11.92
-1.58
-23.85
-42.57
-10.6
-14.76
16.59
-8.88
2.63
-20.18
16.78
-44.84
10.59
3.11
-1.52
-5.42
16.8
17.46
-4.64
15.6
9.04
2.51
-21.79
-9.49
-15.5
-27.45
-92.85
-10.31
34.7
-13.63
1.21
29.6
58.76
-136.67
-85.38
-56.56
-3.92
4.35
-97.13
-10.58
3.44
10.02
19.19
12.75
4.32
-3.94
-33.97
6.57
-16.59
12.33
-8.27
0.04
97.22
81.55
21.79
-3.33
-90.93
-188.03
84.74
-11.01
-38.83
-6.95
7.6
14.57
7.79
-41.92
-14.04
124.28
-0.16
-10.26
-27.59
-1.57
-6.21
-4.65
12.76
64.95
-3.12
10.51
-8.22
-17.32
-50.94
-11.66
0.38
10.86
6.62
-12.65
48.14
74.08
13.39
-1.54
42.96
4.21
-121.45
101.94
-30.14
51.83
37.28
-7.86
8.57
-8.74
-135.62
-22.66
13.19
122.59
19.17
39.1
52.97
44.27
-7.6
76.46
71.64
-20.55
5.48
11.73
-32.67
-11.42
-8.68
21.86
10.07
-45.31
51.3
-13.45
-8.04
5.55
0.34
38.88
62.56
84.34
-40.79
10.62
-51.21
-3.83
33.85
-10.85
-45.15
6.52
7.78
102.74
4.76
-215.52
-4.23
11.54
9.31
15.83
55.19
11.79
4.53
-5.42
8.18
-42.13
-89.95
16.93
-0.36
26.41
-6.42
-4.71
11.96
13.49
-5.22
55.32
-39.49
-10.56
62.22
8.82
40.55
5.33
-5.91
-32.85
107.52
108.14
201.07
82.93
44.01
34.38
-9.05
-6.72
41.15
-7.73
-2.86
-7.05
-3.03
-3.94
-11.92
-4.99
9.6
-98.47
54.11
48.25
81.68
11.8
1.76
79.62
-79.37
22.42
-32.65
28.65
31.15
-27.46
-2.18
60.75
-56.99
-6.5
36.63
8.68
8.77
1.41
10.08
4.35
9.89
4.89
-8.35
-25.52
-20.4
5.09
-131.76
-213.91
-1.62
18.83
-6.13
3.36
-105.14
-4.88
22.42
62.72
-10.85
1.15
-16.65
10.21
-45.21
30.29
13.64
-8.63
23.1
