9.51
-53.34
8.95
2.4
15.34
5.86
-12.59
29.91
-40.12
28.19
8.39
-25.54
10.08
-0.59
-14.95
37.79
-1.73
106.42
15.96
16.68
-2.82
-4.65
-80.94
-22.42
50.31
-11.84
-69.06
-6.17
-9.54
3.89
-1.98
-33.49
8.64
3.83
129.21
16.72
24.97
18.23
23.23
-47.81
-5.35
7.5
-55.42
63.29
338.86
11
-31.5
20.85
6.11
-7.07
6.01
60.63
10.03
54.74
-12.69
15.16
61.25
46.4
-34.39
5.27
55.43
144.61
-10.02
-50.47
10.06
45.35
28.2
46.2
-31.86
-25.59
-64.75
-11.22
10.92
-9.74
53.01
61.57
-54.04
-74.95
-28.84
88.28
65.96
-4.57
4.9
-10.5
57.63
12.52
11.31
28.6
52.33
-5.57
10.77
-10.23
23.61
-2.92
-72.25
-18.96
-2.32
-68.61
9.35
10.1
-0.12
11.72
-73.82
19.02
-1.54
-109.8
4.8
-8.98
-8.04
-5.44
53.37
21.76
-90.42
-65.29
-0.26
-4.29
-15.96
0.66
-242.99
13.39
6.47
-51.19
4.08
3.06
8.93
-5.33
-4.45
107.46
-16.83
23.53
-80.91
-8.43
-70.59
42.58
-7.65
-1.6
11.67
4.79
-11.41
-17.34
8.25
-6.2
-6.66
27.18
-4.61
-6.6
59
-5.5
-24.53
41.18
3.99
-5.4
-30.17
-40.93
178.06
12.92
-8.19
10.72
-127.15
29.99
29.87
6.58
-11.65
-23.67
-19.3
9.14
15.4
-7.06
2.02
6.21
11.77
0.32
5.43
13.54
-9.08
68.24
-72.47
3.3
-8.31
20.26
5.02
-29.75
8.09
-186.05
-13.57
-9.73
-9.26
-2.41
-126.28
24.76
5.37
-123.75
-12.57
-10.83
-49.23
11.67
39.81
-19.24
32.47
-42.93
-7.39
-11.83
-9.5
-32.37
36.82
87.93
6.39
-9.28
40.09
-7.05
5.69
-6.03
1.94
5.44
69.61
20.5
29.69
-21.77
-2.16
-20.3
-74.5
6.12
0.71
-14.07
37.64
-6.44
-11.88
88.78
-2.5
4.47
7.98
21.72
17.35
-11.5
-38.45
0.66
5.83
17.62
2.43
-95.44
-10.96
-154.31
21.78
47.36
-9.65
-8.38
-172.45
-17.47
57.39
7.05
-170.59
-18.62
-153.05
38.65
44.39
11.71
11.16
2.01
44.38
-20.17
-38.1
5.06
89.55
12.54
-5.83
50.57
-106.14
5.02
-19.88
7.15
-2.43
-1.62
-4.14
-9.21
-16.08
11.44
134.59
-156.43
170.86
-16.47
77.06
21.98
80.5
2.65
-80.77
57.81
27.89
-41.09
-18.39
49.89
-51.51
-7.22
-6.82
7.09
53.3
-10.73
-12.9
5.51
13.41
59.22
-29.31
102.23
38.29
-7.79
12.74
-6.43
-31.59
82.6
-69.28
-20.78
9.3
-5.74
3.31
7.08
7.71
-8.8
-12.63
-2.26
-67.54
91.25
-21.11
-11.78
9.83
-8.97
19.41
9.03
56.44
83.19
-31.93
-32.27
-25.1
-35.28
4.69
40.95
-4.76
41.9
-9.96
-3.71
-31.73
32.49
65.35
-4.57
-10.27
-3.16
23.6
-8.11
-41.86
-10.37
-4.03
-11.07
-29.88
-87.09
35.76
-16.52
-3.91
-38.06
-1.3
-96.89
-6.03
15.91
15.75
-4.13
14.26
86.57
38.45
17.8
12.07
44.9
5.16
-15.82
49.03
2.29
6.72
-34.07
-80.86
-93.29
-129.1
-19.73
7.96
-0.66
-6.83
-75.09
-4.18
15.05
-9.02
103.67
-142.8
-29.41
19.26
48.11
8.94
-61.22
0.79
5.96
10.57
42.68
-7.36
-100.49
91.75
13.4
0.25
65.5
-71.37
-21.58
-11.11
15.52
45.7
117.45
15.97
-107.13
15.41
89.86
-57.34
37.53
-101.61
44.78
-18.82
1.47
26.5
1.48
30.75
53.31
-12.48
-10.13
6.44
-10.78
-11.27
0.65
42.61
-10.58
-28.43
-123.02
-11.6
-11.32
3.09
-8.73
21.42
-12.64
-63.5
-5.21
-10.4
82.77
-42.17
19.3
-20.76
55.75
14.56
38.33
-61.2
-56.79
-60.49
-5.01
26.88
-1.5
-1.62
-51.68
-6.34
-9.79
-17.98
-38
36.91
-88.87
-8.22
30.69
-8.9
-7.41
30.5
46.82
-13.21
-8.27
42.59
22.53
122.74
-9.67
82.14
32.8
5.6
226.12
53.1
-16.48
12.07
11.72
30.97
-139.91
-20.02
-113.52
2.06
-24.31
-5.44
-28.02
-70.04
-6.28
11.54
-16.75
29.32
19.01
7.93
-7.17
42.44
-101.26
-16.04
9.36
-24.94
-5.85
-68.98
77.27
56.24
7.09
-64.47
-179.75
-4.22
17.2
7.55
-9.19
-49.22
-30.76
16.33
-10.33
67.49
150.41
-7.61
1.05
12.1
-60.54
11.39
117.65
25.25
10.84
7.13
3.47
-3.31
7.24
8.76
-41.75
-149.59
11.45
75.4
39.17
-2.65
10.83
2.66
3.78
38.43
-2.9
36.63
-1.53
14.95
-12.25
-7.31
10.67
37.32
1.07
14.26
90.54
11.48
-5.34
45.92
276.64
5.79
2.78
8.99
218.39
4.9
71.65
69.24
-5.86
-24.38
100.56
-160.38
29.68
-0.77
94.93
-6.67
135.58
9.07
-9.99
-5.8
64.53
5.1
50.67
9.15
1.79
-11.32
-59.07
-41.64
47.03
-15.93
-12.52
-0.27
54.4
15.97
-3.88
12.35
15.41
-27.08
4.72
-14.16
2.32
8.66
18.88
0.36
5.11
5.7
72.61
64.35
-22.72
10.8
25.4
-0.84
53.16
44.06
-7.2
87.9
-128.7
13.91
3.72
29.43
44.79
63.12
-23.14
-4.75
-7.21
-1.88
11.83
52.18
53.89
-61.65
-1.37
3.62
6.66
-130.64
7.69
7.04
-4.07
20.25
52.23
-1.42
64.35
-40.71
56.73
-56.49
-2.89
-27.54
14.8
0.38
-58
14.74
16.85
36.79
166.29
-3.81
34.56
132.21
-39.66
9.61
-190.96
0.06
-122.29
33.21
6.98
-39.19
-23.84
25.21
55.77
-2.28
16.33
-6.64
18.9
15.62
-16.97
104.18
-13.93
-3.23
25.71
-51.82
17.89
76.67
-6.36
-7.03
3.99
-64.96
-10.22
6.49
6.38
-24.44
-3.44
15.9
31.96
-5.05
1.17
-18.57
-87.25
-10.74
8.03
-0.99
-4.94
2.95
3.72
0.99
1.26
54.49
3.38
14.75
-44.93
39.79
-221.26
9.31
7.37
-5.28
-21.65
57.79
-2.56
1.2
14.28
6.62
97.61
-142.18
5.44
-5.81
7
10.67
-67.34
5.2
8.56
-26.13
4.42
-69.81
-187.23
3.16
-15.14
50.1
91.95
-3.86
-35.94
9.9
24.82
4.32
12.03
11.29
20.88
-18.68
-0.23
-1.46
-17.11
-36.74
-167.24
103.36
-142.73
-15.05
-30.32
77.87
42.87
-1.72
162.98
86.13
2.09
3.49
16.89
-4.95
-14.95
8.82
33.29
-7.73
12.68
-27.42
9.12
0.49
-87.06
8.81
53.81
6.78
-119
72.34
-369.1
-6.95
-95.25
25.91
-11.91
11.03
90.84
33.68
-67.99
-9.47
-6.17
-3.39
-8.49
8.11
10.72
29.81
19.71
4.05
35.51
75.59
-12.7
4.38
31.23
95.88
72.06
10.56
-3.08
13.95
2.54
-14.95
-6.7
2.89
-10.55
-57.71
-3.76
44.81
26.68
55.98
-26.05
-67.32
18.17
8.94
-0.16
-16.55
-101.12
-46.72
14.65
37.58
68.75
2.88
115.58
12.52
33.53
13.55
-0.5
-56.7
25.31
-11.82
-5.24
-46.05
-17.79
-9.94
10.29
17.9
-10.95
31.53
-4.76
-10.06
6.44
-3.18
149.01
1.05
-59.12
8.35
16.11
-14.04
-15.75
18.11
11.23
-9.97
34.29
-31.33
62.99
17.32
103.24
-34.52
78.28
34.34
115.74
8.28
2.66
70.46
4.5
8.48
-8.77
-12.18
98.62
32.89
-0.27
46.37
3.71
-36.92
4.67
-1.02
-63.04
-82
10.71
-73.06
-12.17
8.69
-15.21
-61.35
0.59
-17.94
-21.21
13.34
-13.49
-20.57
-24.19
-10.32
19.09
3.97
12.19
62.37
2.94
25.77
3.1
-65.44
-5.48
-9.18
-3.93
3.25
-3.44
60.65
-20.85
-6.52
10.55
-9.47
1.48
6.55
8.29
6.92
-9.9
-47.16
-13.83
-16.36
-12.56
76.59
6.14
54.56
6.24
96.41
-40.67
-19.29
2.36
8.33
69.73
5.08
73.47
78.13
45.18
-16.15
53.15
6.3
6.11
-15.87
0.21
-8.69
-8.64
2.73
38.77
-10.23
-40.51
-5.74
-55.85
-2.47
-17.89
-7.84
-23.28
-17.37
9.67
-160.41
-6.1
-7.94
-6.06
12.76
-50.8
33.2
-28.6
58.44
39.35
-11.43
31.14
-2.53
-9.54
0.63
-30.85
18.7
8.66
-2.57
56.86
3.03
6.12
-3.4
30.52
51.84
15.65
-50.7
7.32
13.1
-39.99
93.64
-87.82
-120.13
17.89
36.17
-42.94
0.14
1.52
21.96
61.91
-19.82
50.26
64.4
-1.21
-2.1
38.15
-93.75
-6.46
-1.67
-4.97
4.21
-11.48
23.91
-29.59
-40.92
4.98
-42.62
-24.63
2.71
26.74
-35.62
-20.22
-30.25
15.32
-1.51
78.17
-6.08
-9.2
-15.7
-17.22
