45.4
-7.1
-11.02
2.18
-178.61
18.02
-53.3
9.51
-1.53
-11.1
-4.15
-93.05
5.54
-41.05
-72.79
-40.93
8.66
68.62
-10.73
-66.86
-31.62
12.87
-9.7
-16.03
29.66
21.96
-45.08
-4.46
90.55
-26.65
-75.93
-43.7
20.61
58.6
72.77
-18.97
23.35
7.72
-7.83
-10.29
-21.06
8.59
-21.04
-4.16
-43.09
6.78
-32.69
-40.34
-20.42
-80.54
-14.97
21.14
-9.93
-16.3
55.56
-25.76
-5.32
31.5
38.68
-26.38
11.49
90.17
-10.68
8.5
-7.42
-48.94
38.57
5.81
2.55
74.56
-11.14
-24.8
-4.67
2.42
14.89
-2.05
31.21
84.41
-7.37
27.12
83.62
-15.97
29.33
-9.4
17.63
31.98
-18.23
1.48
-24.94
8.93
-32.03
16.48
40.51
109.17
7.96
33.75
7.74
-3.78
3.77
31.91
3.64
-8.81
-23.86
5.67
6.38
32.71
-32.12
-6.58
-4.91
-0.99
-89.02
2.69
-17.38
5.86
-11.35
-29.83
-12.07
4.86
3.78
163.38
-9.27
-54.05
-3.21
0.87
-142.66
-79.71
-2.85
-2.26
-2.36
6.96
28.96
0.67
9.88
-20.95
5.22
28.22
74.93
-61.21
5.88
-129.86
54.04
9.99
63.04
10.74
-14.83
5.87
15.66
-9.11
-43.01
41.1
-11.65
-11.55
-10.93
-4.69
88.5
-1.37
-19.79
-37.26
21.39
41.53
69.79
-68.24
-22.94
-9.56
53.15
32.41
-17.52
10.89
-146.23
22.56
-87.02
9.37
-14.93
-35.81
-4.06
-72.72
21.54
-1.58
19.64
17.77
-1.25
12.7
9.91
16.55
8.1
28.09
54.68
-66.52
-3.39
-6.47
21.55
43.62
12.39
2.52
-8.73
-0.98
-9.96
12.13
1.89
3.82
-24.23
8.71
16.01
91.16
121.68
-9.77
-46.84
-14.43
-7.26
-9.38
-0.22
23.81
28.07
16.29
61.82
31.11
-5.06
47.84
-1.65
-234.04
7.58
-2.63
-11.28
37.88
-2.12
-9.46
7.08
-26.94
-26.22
4.08
10.99
31.36
45.01
-22.2
-23.35
-54.36
-35.83
-0.48
1.38
-6.41
0.34
11.84
-18.65
34.09
22.33
-19.88
22.57
-19.87
3.29
41.87
97.86
-6.96
22.52
42.7
49.35
-100.91
-16.51
7.28
-36.41
-62.9
47.89
-5.57
-103.06
-6.26
-6.96
-100.44
6.28
9.28
-24.49
-16.91
10.69
29.63
40.12
10.35
3.62
-1.7
-5.93
99.49
-1.46
12.18
1.52
-3.86
-7.66
98.11
-12.39
2.55
8.48
2.26
5.07
2.02
-3.48
-10.06
32.59
6.81
41.34
103.74
93.44
56.85
14.52
-2.13
14.17
20.36
75.49
40.06
-20.76
1.66
64.08
-56.56
50.63
-77.57
-40.03
-215.81
8.49
-13.92
-56.87
65.72
-189.07
-1.99
-3.69
-2.52
17.55
-114.9
-54.96
74.42
-52.35
-18.8
56.28
15.29
-129.68
-58.3
60.33
2.81
-96.01
-9.54
123.06
-15.99
1.48
-5.65
49.61
9.75
3.8
73
-10.58
39.08
5.92
2.52
51.05
-1.68
31.25
10.21
-1.78
-8.6
-8.36
3.83
-114.5
1.27
45.49
-6.57
2.22
-33.32
-7.39
-11.31
68.4
-36.38
-34.56
4.52
-78.92
4.05
2.13
-0.64
12.04
12.06
-9.48
11.52
96.05
-196.77
54.67
-7.08
27.57
64.06
-5
1.17
-11.07
-134.19
9.47
15.08
51.43
48.94
4.33
-59.03
3.48
22.18
-31.87
44.97
-7.57
-35.33
-9.86
-2.76
9.83
13.24
61.26
-0.67
4.65
-9.45
7.16
-4.69
32.71
18.43
11.56
-7.98
31.03
65.34
22.38
-38.36
20.35
9.31
103.23
-7.97
24.18
-3.43
-3.67
0.71
28.76
1.66
15.77
5.06
24.16
-63.57
-7.7
28.5
-34.62
0.72
-12.08
-6.19
-79.27
-8.29
-108.83
-18.07
6.89
-139.58
-7.9
14.13
-21.14
14.56
40.45
-83.72
-35.81
-6.43
75.06
-15.15
59.06
-5.94
15.1
3.7
-59.42
-9.25
13.58
-2.61
-22.36
-2.02
-12.46
-3.92
2.06
28.1
-14.67
6.36
-72.67
43.37
20.2
-17.81
-70.11
47.27
3.9
5.04
-79.53
34.36
-80.58
-10.3
-5.11
-10.03
-48.42
54.86
-46.46
16.22
-6.58
0.36
-9.1
49.62
-1.66
2.7
2.66
75.14
-11.45
7.85
-0.6
-8.98
7.82
-9.22
-15.04
-62.84
8
-4.79
-9.93
127.29
2.88
-8.31
5.51
-44.52
13.03
-4.43
-0.41
-68.29
-65.35
8.11
50.4
-10.89
33.3
23.12
101.03
-4.66
-1
-6.07
3.9
-51.32
-5.23
-106.72
-1.28
-11.38
-8.77
11.42
37.57
2.25
-28.94
-7.05
16.33
4.29
-15.24
41.25
-0.61
108.68
-14.49
-14.8
20.09
-6.78
32.53
0.76
57.91
12.13
-8.9
48.93
-38.68
-129.78
-18.25
-26.74
-34.69
0.85
1.81
-57.71
18.42
-10.26
-13.04
-15.92
-45.43
-204.86
52.22
6.99
3.35
-7.51
-4.41
-1.71
48.61
16.37
-5.82
88.88
48.46
-16.65
-12.91
64.23
28.01
-29.27
-7.45
-41.13
-68.82
14.11
4.79
-10.81
42.47
0.99
-3.13
-5.25
-0.06
8.9
35.26
-20.41
-31.9
0.66
48.86
130.48
-1.11
-139.67
-10.94
11.38
-8.98
-15.28
-121.09
92.75
-0.95
-18.53
-25.68
6.1
-20.95
26.6
-58.21
46.91
13.19
7.78
-4.42
-3.29
-5.67
32.79
4.42
6.09
-3.79
27.15
-36.65
49.73
29.75
27.4
-11.84
6.93
-132.59
53.48
1.94
-7.76
-1.46
29.57
-54.78
21.14
66.38
-5.93
14.54
6.12
-86.84
-455.95
66.29
-55.27
-47.56
-9.21
-1.1
84.79
10.61
-8.47
185.64
36.08
-8.14
13.08
-42.75
50.17
-1.9
-32.44
2.74
-45.89
-122.9
-9.52
-9.71
-6.63
9.17
2.48
-137.64
6.82
-163.11
-7.43
-5.19
18.34
2.43
-94.47
8.94
-242.2
46.6
1.71
-9.02
54.09
17.89
62.42
10.97
54.93
-60.9
14.28
-5.16
12.53
9.06
10.91
-258.13
50.05
-19.9
11.12
13.75
10.15
-9.71
-76
-197.98
-16.88
42.5
42.46
-11.15
60.77
1.12
33.88
-21.41
-108.06
16.73
7.24
-5.88
-3.16
-5.82
0.76
44.41
-2.71
39.91
-28.71
-32.23
-3.85
12.11
-11.73
-80.34
11.25
81.97
23.5
14.08
-0.39
-73.17
-9.39
-17.19
27.49
10.46
-9.39
-6.03
-13.69
-21.55
-3.6
-5.37
-44.47
49.98
-6.54
33.83
74.55
18
-7.04
22.51
-13.9
13.96
-24.21
-3.76
14.97
15.35
-1.33
-29.93
32.21
78.17
11.05
-4.43
4.81
39.25
12.58
-30.71
40.15
-2.87
-6.37
41.87
13.91
20.01
84.94
10.08
16.35
13.83
101.56
-80.01
61.55
-7.77
-114.53
-16.6
7.17
-45.91
-4.48
2.58
-11.46
10.43
19.74
-8.46
-86.13
14.54
-2.14
66.37
54.69
-5.95
55.85
3.71
-69.4
10.81
26.56
-3.81
19.63
23.6
-20.18
77.93
113.77
56.65
-2.97
-5.02
8.89
-102.29
16.55
19.26
45.37
8.38
-2.75
35.94
-97.79
-2.15
54.65
-183.72
2.56
-11.35
-0.6
-9.7
6.65
-15.49
-99.5
-1.61
63.77
10.53
6.03
-102.41
64.31
8.56
19.71
49.57
-69.54
17.63
-25.46
-1.88
19.5
9.27
52.19
-64.03
-12.59
129.46
-11.05
-16.64
-3.87
-99.3
41.26
3.47
-1.8
-40.52
-34.19
-6.94
-199.56
22.76
63.44
-15.93
6.71
-14.02
7
10.47
16.32
-11.62
10.45
-40.05
10.6
12.26
15.54
9.51
100.72
4.66
-54.77
7.51
53.45
8.2
35.62
-52.13
-23.95
-75.88
-76.98
-26.1
73.32
-1.2
-20.11
-11.07
-27.1
45.14
6.9
54.34
46.32
-7.17
20.1
-16.5
-35.9
-26.35
-4.02
5.38
5.91
-33.59
39.72
-1.54
17.96
19.36
-29.37
-24.88
-8.86
-36.13
-18.64
-115.04
-96.29
22.83
-21.11
-78.54
0.65
0.74
-0.06
-8.79
47.92
26.83
-7.22
23.77
4.64
61
-1.93
9.84
-32.47
-20.39
-44.65
-2.43
17.84
-7.48
-3.06
-0.1
85.33
-5.57
33.48
22.05
-13.26
2.74
-7.35
-89.51
-16.42
-5.78
118.51
-86.54
-0.79
-77.66
41.66
-7.97
11.98
-4.91
40.51
7.56
-1.47
-93.8
2.25
64
47.42
37.48
0.35
-133.44
29.82
-1.15
314.02
8.43
21.88
-26.52
-16.9
-3.7
-7.36
-18.8
4.69
-101.38
-59.74
12.25
-4.93
11.85
-0.8
15.19
-13.75
-7.35
38.47
40.54
4.45
-19.96
-16.15
-24.55
12.36
94.39
-42.54
72.08
-6.17
-6.13
-2.87
5.44
-9.36
104.56
35.56
-11.42
-1.48
0.92
20.83
18.23
55.3
-45.21
-9.51
-63.73
-0.22
7.85
7.34
11.29
-19.79
8.34
2.74
7.91
-30.3
-25.06
91.4
8.76
-22.07
