70.23
-96.95
-9.68
-6.37
11.26
-9.76
-2.35
-16.34
1.99
-55.01
-6.26
113.71
-10.99
-16.38
-13.98
-12.6
39.26
55.01
-11.81
67.53
5.57
36.33
-1.27
-11.53
-5.72
-28.79
4.83
-42.71
3.54
-33.97
36.35
-20.49
-58.39
102.91
-5.01
16.73
-44.08
-19.81
12.26
-30.06
12.41
-129.26
-8.84
52.82
-15.16
-10.24
41.78
127.56
-1.99
0.47
8.4
-8.98
59.68
-57.93
-14.88
-11.03
53.19
-108.07
11.09
11.89
10.62
-1.85
67.33
33.76
-2.47
4.47
1.51
-4.38
69.76
8.64
55.07
64.6
-49.27
8.06
63.03
15.46
14.31
31.48
38.96
27.1
46.32
-20.41
2.61
-16.39
46.65
26.62
103.4
-10.41
8.98
5.45
-21.71
-10.81
-10.18
-3.89
-10.02
2.09
38.85
-31.77
14.43
0.41
-23.33
-3.04
-4.1
57.23
11.11
16.52
92.94
-38.85
49.45
11.75
5.74
28.73
89.39
-35.35
-4.97
12.08
-20.59
-2.47
-26.72
36.2
6.52
-9.94
44.63
4.84
-10.49
-19.21
5.13
74.14
92.99
-2.23
1.48
-24.81
-10.8
47.13
14.44
-3.87
-6.57
59.69
-4.05
10.16
-29.08
-30.67
10.57
16.62
-8.54
-11.11
71.47
-171.16
61.41
19.87
-17.96
5.41
82.02
-22.02
-40.46
-7.73
69.67
300.4
-35.71
11.43
3.23
22.4
12.3
-0.58
10.18
2.24
12.57
3.7
-0.85
-130.72
22.93
12.72
55.55
-7.91
-4.93
-34.46
-26.64
67.32
15.77
12.41
-3.94
-13.31
-62.8
-27.28
1.34
146.74
7.74
127.54
-26.42
11.34
14.33
-18.93
11.76
6.82
28.02
21.64
-10.55
-19.53
3.16
-22.22
13.3
3.96
19.07
-93.58
12.14
-9.26
-6.64
0.25
0.31
11.08
12.2
0.53
36.34
-3.56
105.13
-16.41
-115.78
-4.43
9.56
23.28
24.69
-8.99
-224.47
-5.27
9.37
28.69
-3.97
39.21
-98.9
-6.84
56.06
-41.19
-12.43
50.04
4.53
9.86
8.11
-20.62
15.12
45.97
-7.55
-1.32
-6.16
48.69
-24.41
83.34
31.54
-60.26
80.02
3.64
40.12
10.06
2.64
72.36
-10.92
31.55
-8.34
4.07
-59.13
-73.07
-6.47
-151.86
-5.27
115.43
-15.55
8.69
-8.69
-8.99
-9.61
5.3
30.94
0.7
81.34
-26.21
-11.63
-26.83
10.06
19.88
11.93
-41.63
-1.49
-4.6
-1.53
39.76
2.68
-3.95
-35.15
-0.16
124.32
6.45
47.21
-104.37
40.38
-2.65
-8.4
14.44
50.97
-145.97
-9.06
-14.01
-89.61
-51.86
51.69
-24.54
-70.96
6.28
15.12
-46.52
-66.61
29.85
46.52
-29.44
0.44
-14.47
56.74
24.18
2.93
-8.91
-12.65
-34.49
52.7
12.64
25.31
30.94
-116.13
-39.04
27.5
-87.37
-105.72
-3.31
72.17
-13.03
90.51
42.96
-14.43
3.4
1.64
41.09
4.83
-82.67
-32.9
85.21
113.74
-70.09
-11.61
156.9
-59.8
-7.94
27.79
4.12
-69.21
-15.85
-39.55
8.7
5.33
12.3
19.03
10.97
10.48
-14.45
-0.27
11
105.07
-4.92
-33.62
11.51
-12.48
-19.53
38.9
30.69
81.93
11.39
-12.02
-72.21
3.93
30.43
85.56
-15.13
-20.27
-49.07
-2.5
5.54
-3.13
-81.78
3.66
-45.65
-2.63
4.68
-70.78
-6.41
44.64
1.18
18.08
-59.65
-4.15
-32.32
-86.62
-2.99
-6.85
-11.24
-6.72
117.24
29.84
12.49
41.64
-7.09
-17.38
43.89
13.89
-40.47
-52.97
11.4
-103.81
8.07
5.94
7.99
-17.93
-38.5
5.18
-27.35
-24.56
-9.49
-41.91
-2.98
-11.44
34.64
-39.57
-45.87
23.61
9.24
-67.79
1.34
10.37
-30.46
-37.18
-3.15
2.29
2.74
11.66
-1.8
68.25
88.71
-7.18
41.56
-0.09
14.95
-31.15
11.73
3.91
-22.21
48.14
33.56
-96.18
-82.11
-41.64
32.64
7.27
5.84
-33.93
-32.94
11.19
-11.81
7.82
-20.08
12.17
-20.79
9.33
98.79
-17.01
-31.29
-15.95
39.5
18.05
1.73
15.47
-6.44
-7.18
-10.1
-49.45
5.15
-37.37
-1.67
9.65
0.78
-79.16
-5.52
66.57
-78.44
11.74
-5.36
-19.42
26.36
3.52
11.19
-272.01
-118.78
23.06
6.6
-31.84
26.17
5.78
20.96
-144.94
-68.1
15.54
58.42
-42.59
-24.48
8.75
-42.11
-1.56
-6.61
-24.75
-14.44
-35.45
8.35
5.15
57.22
0.74
2.54
3.03
13.82
-39.85
17.62
-22.35
-15.39
0.11
-66.98
2.56
10.65
11.41
4.57
-2.47
32.4
0.73
-146.07
-3.89
36.97
-74.6
-21.88
7.52
5.26
-76.75
-6.85
-14.46
-5.93
29.13
-20.83
-201.45
4.34
0.61
-19.51
-9.31
29.03
77.03
-38.97
-22.09
31.83
23.64
-8.28
-6.38
-20.19
18.63
56.44
7.3
38.41
-8.19
15.38
6.68
-178.49
10.58
128.61
-1.42
-1.43
-46.85
12.52
-2.47
19.43
-1.55
-12.07
67.99
-4.03
42.17
25.79
0.33
35.46
-4.76
6.95
4.96
87.94
-12.31
19.09
2.78
-14.1
10.83
20.13
11.54
-21.35
37.39
57.75
-1.13
-10.36
75.98
17.19
21.17
46.99
146.82
-91.3
-20.6
-3.7
8.09
-6.67
1.76
8.54
16.47
13.03
10.38
40.22
-16.55
9.45
11.29
3.37
34.33
9.33
-180.9
-4.61
-56.61
27.93
45.18
9.01
6.12
-10.94
-18.65
21.99
12.89
48.08
-65.52
-53.33
158.58
-143.02
-35.29
16.16
-0.52
60.93
9.2
4.29
-16.45
28.8
91.26
25.08
-4.44
59.61
-41.62
-9.5
-17.75
1.41
-15.84
33.52
10.5
-47.67
21.78
129.28
-41.1
-87.41
-23.31
31.26
2.91
-47.16
-4.26
2.32
23.56
12.62
-81.36
112.02
-20.9
-30.81
75.37
-135.6
-37.66
53.22
8.73
12.69
8.85
12.67
-28.58
29.66
-13.06
-81.32
-39.19
-2.21
-10.91
-8.92
5.05
9.2
88.53
7.64
9.36
65.12
12.62
46.45
-19.87
-72.19
-4.4
48.2
-29.88
19.94
-2.46
22.24
-0.78
25.15
58.07
4.23
-97.8
7.51
-17.17
-102.63
11.27
-60.1
11.3
-63.64
-129.37
-213.01
-30.45
-0.77
-2.33
42.19
34.73
12.98
-1.6
-4.48
-12.43
46.98
15.96
6.61
-11.57
-78.41
13.16
50.47
19.35
-2.32
52.98
74.09
-1.28
-14.7
52.57
-12.24
13.24
-6.11
-4.36
10.89
12.34
-11.33
-124.09
32.51
41.2
13.1
-70.56
-44.29
-51.28
1.34
-1.35
-2.33
7.83
-6.74
-72.57
89.03
13.96
28.54
2.33
-10.28
29.82
-6.84
-134.14
-10.64
19.89
1.15
13.11
9.97
7.92
71.76
3.14
-11.17
44.75
-41.09
-5.92
18.22
5.08
14.59
-2.79
-5.06
-5.24
5.58
7.61
42.74
-7.85
27.38
-13.9
-13.01
74.46
38.91
-76.62
31.99
0.72
4.41
61.56
-0.12
71.94
-12.7
13.1
10.47
11.67
-6.57
17.12
-89.26
-91.86
47.54
-81.73
10.24
20.79
1.27
6.75
7.72
-27.01
-56.62
-73.54
-29.93
108.79
19.76
0.9
-5.82
-3.37
-95.16
9.5
21.79
13.19
25.54
-0.25
50.19
1.17
21.35
45.16
18.2
24.7
-55.66
16.86
45.53
-36.26
-10.65
-69.36
94.26
-1.4
-34.89
-135.52
12.36
-193.14
-17.62
30.27
-4.69
-32.52
-20.01
10.47
31.61
-12.58
115.65
12.56
12.59
-31.5
-29.28
65.01
-123.05
6.05
-22.6
31.81
0.09
-35.35
-7.17
140.01
-2.76
8.52
13.08
-2.56
-33.5
50.37
4.28
39.18
8.04
11.17
17.97
-62.95
-20.61
7.64
-15.75
51.46
12.33
12.01
105.56
-124.23
9.11
-2.11
79.99
-11.64
29.35
-29.61
-53.85
19.7
-31.66
7.73
21.43
5.13
8.46
-11.3
23.05
4.97
17.18
-30.19
-9.38
9.67
-12.29
-8.06
-7.41
-31.26
10.07
99.38
8.88
-63.28
-42.98
7.98
8.84
10.24
-162.31
-49.15
0.27
16.68
38.44
106.87
-1.71
5.22
12.73
-38.78
6.88
-8
-157.33
44.58
0.15
3.58
7.63
77.76
138.37
-12.81
44.98
28.32
-9.25
7.88
-14.27
27.84
-52.55
-13.27
-27.82
-1.42
4.99
-10.29
11.6
7.11
9.55
-38.42
4.95
78.85
-3.45
0.13
-63.51
38.35
-34.88
17.92
9.46
-47.03
38.6
2.09
-4.64
31.46
104.5
48.36
-121.15
-54.07
-0.22
-5.75
-9.1
-22.65
-50.65
197.08
-14.82
-11.26
-8.28
33.93
-11.18
-2.57
-15.02
-3.04
28.96
30.1
61.66
7.7
10.45
-36.11
-32.86
91.24
33.62
-19.69
38.66
-49.43
1.44
46.31
0
70.28
-55.26
8.34
-9.34
2.87
0.75
14.3
-4.9
48.48
56.91
-11.28
-8.58
