-21.91
6.26
-26.8
16.56
20.71
124.89
-37.59
31.97
15.36
-34.4
23.36
-4.88
-44.43
-10.5
-17.63
94.98
1.75
-97.15
-6.76
-4.82
13.11
-30.51
99.46
3.96
-102.84
-2.9
122.87
-30.88
-52.73
-34.07
23.37
15.94
33.13
-5.04
11.09
25.97
-5.44
-10.41
8.28
-34.07
16.56
-74.31
-10.1
0.57
-6.51
17.92
-8.41
-14.51
5.25
-117.69
-8.25
-9.06
5.81
9.15
-51.47
116.55
-64.13
2.81
145.93
-5.21
22.51
1.59
-10.93
-24.06
28.54
30.89
26.99
-9.68
4.34
-14.51
40.93
38.29
51.96
-77.79
1.5
9.72
1.56
-105.34
14.15
-10.22
22.9
-9.96
116.51
16.02
-36.27
-71.89
-11.93
46.07
95.35
-23.5
54.56
-48.26
0.77
118.9
-9.44
-25.54
-82.75
-104.89
-9.34
-90.53
-13.38
-1.17
16.2
5.98
-4.19
3.89
1.8
10.35
-13.26
-9.52
-73.48
13.03
29.13
18.37
49.78
17.89
8.2
-37.75
6.69
25.44
19.54
68.97
21.39
-6.15
-11.64
-12.64
-0.2
22.99
47.11
-8.95
53.51
-29.85
1.15
-5.92
60.27
-0.23
6.15
14.61
-62.85
38.13
-131.96
19.18
32.08
17.91
-2.06
32.65
14.28
-110.29
10.41
223.09
-16.32
5.13
0.25
22.46
-11.13
1.92
-28.48
45.31
-13.52
8.61
-16.49
8.98
-0.46
-67.42
-6.15
-9.96
53.12
-73
-13.23
-0.6
-8.48
-95.53
-41.39
71.1
25.86
12.17
85.76
1.04
90.21
9.09
25.79
28.56
18.51
-1.55
86.91
53.95
-0.09
9.62
22.22
-98.69
21.74
-19.83
-44.15
-107.29
-52.86
-12.62
4.43
83.54
-19.07
9.53
4.69
2.62
99.05
-129.95
-10.34
-85.4
-138.89
16.14
-31.05
-15.9
-5.19
19.66
-11.49
-37.12
-8.78
-11.82
-37.5
8.07
280.98
1.36
4.75
4.74
24.23
-9.21
7.63
2.34
-1.18
9
-52.46
-9.93
9.92
28.5
2.79
6.78
-11.05
-7.76
45.78
41.09
13.07
-3.35
11.75
15.33
10.1
27.64
68.44
42.37
-2.41
12.86
-5.83
-8.29
-33.63
3.07
-15.23
-47.17
6.43
7.11
45.37
-25.98
5.93
-7.62
44.67
-3.37
-55.46
-4.03
1.72
146.62
54.4
26.41
167.66
16.59
-17.86
-26.02
-95.7
-12.68
9.1
-8.01
6.53
31.38
-73.18
-0.39
-41.88
-1.47
-38.62
13.79
12.39
-1.83
22.08
-284.33
-48.02
-34.39
25.9
12.37
5.58
8.91
49.69
-15.79
39.86
1.17
69.24
18.84
18.25
-36.22
-71.77
112.91
17.54
13.91
7.33
-17.4
-153.75
2.63
10.47
1.2
-32.14
-205.07
10.73
-55.8
77.32
27.62
21.05
-52.28
-0.55
-10.49
3.19
-69.16
-8.14
-45.92
31.83
-52.26
5.15
11.54
-2.52
-0.29
-116.29
48.49
-70.07
9.75
15.3
-8.42
9.51
156.19
-7.24
2.27
-16
-94.72
6.65
38.89
0.34
-69.41
-0.49
51.31
12.71
11.82
8.7
-81.74
-73.26
-5.51
40.18
-42.5
-14.69
71.29
26.51
-117.24
8.86
-9.69
9.22
81.28
181.84
-36.42
1.65
-49.46
6.65
-4.89
41.34
5.28
11.5
26.49
-44.67
-2.32
18.6
-3.48
-3.27
57.92
6.43
-15.66
5.23
48.24
72.18
-131.69
-9.22
-21.52
-11.11
6.73
0.81
6.12
2.61
101.21
-13.86
-95.97
30.18
-5.32
37.58
62.48
-10.02
31.08
-19.82
-10.39
5.86
0.95
-90.08
85.63
7.65
93.05
0.13
32.53
53
0.8
52.94
-4.1
50.8
-6.83
-20.19
-38.28
13.32
-3.83
-8.93
-10.92
-116.87
-7.73
3.05
102.16
-23.73
91.68
-6.01
55.57
9.8
76.04
-9.02
2.95
193.23
46.51
11.02
24.39
9.68
-34.79
55.6
-81.47
-7.52
82.38
-7.82
-38.14
-127.48
8.55
5.97
17.23
12.29
-6.06
-40.11
62.17
62.96
37.41
-35.36
-74.84
-313.51
7.75
-11.93
2.14
-46.51
54
43.09
-193.54
42.31
12.65
-13.19
-8.02
81.25
-24.81
-22.77
-2.79
-22.97
6.28
-2.89
58.68
-14.62
-95.99
-11.96
28.68
68.32
-9.23
36.63
9.96
-58.02
-6.8
-49.29
-0.34
-26.8
27.06
-3.19
11.16
-38.82
13.31
-37.74
-19.76
15.22
7.78
6.49
17.84
12.2
8.35
0.55
25.51
24.89
11.41
-6.31
-60.96
64.31
-6.29
-28.88
-3.92
-20.8
-20.87
57.5
-38.27
-30.63
-43.96
-41.84
-32.58
-108.02
-148.71
-53.17
-104.33
64.06
-8.91
-52.14
-8.34
84.52
-7.46
-55.45
-119
-21.77
-173.73
-85.49
84.3
-33.53
26.52
-32.42
-5.89
-143.24
-24.08
-15.67
7.79
-77.19
-26.64
-9.2
-9.04
-0.85
58.83
-103.63
-4.08
46
5.66
11.76
4.83
45.7
-14.33
35.14
-61.11
-37.97
-22.84
19.57
67.25
-105.56
81.84
151.72
2.05
10.42
69.15
-17.36
14.44
14.66
16.79
85.62
-34.83
-99.18
112.52
-26.5
1.93
15.46
73.92
-10.87
20.62
53.73
-18.26
-208.38
8.52
-11.97
19.16
95.61
26.43
-17.28
-16.75
26.47
15.4
-14.83
76.96
2.21
-13.25
18.92
0.09
9.54
62.27
68.62
70.33
10.76
80.87
15.84
7.8
119.21
-39.7
-35.14
23.72
-28.63
-19.53
-19.46
-118.72
10.68
-10.45
45.28
-4.71
85.85
38.01
3.97
-27.45
-39.74
1.53
-22.46
10.18
36.25
-61.46
-5.43
14.13
12.7
-84.84
-0.4
-81.62
4.58
3.86
74.26
4.15
-45.93
-5.46
-28.17
-1.65
-15.7
-50.7
-130.91
-22.18
74.54
10.24
47.05
81
-0.53
195.95
-60.54
-108.34
85.68
-13.04
-122.22
51.34
5.42
5.42
29.81
48.68
1.15
-3.75
26.49
-51.62
-4.89
-0.52
-22.29
13.81
-133.15
54.71
13.92
-36.17
-2.89
6.54
34.38
-7.83
98.97
-29.59
-6.12
-12.62
30.33
-96.26
108.41
1.19
-12.65
55.11
29.87
47.36
9.11
14.9
-20.93
-2.58
-108.39
10.93
-15.6
-0.03
18.85
21.42
42.87
73.17
-112.12
57.2
-145.36
29.56
-38.62
59.34
-10.75
-40.88
1.99
14.21
15.68
-32.84
-6.41
-13.24
-21.82
53.98
5.52
-55.42
32.51
-24.34
-6.55
-87.52
-28.78
5.44
50.38
111.15
-6.97
68.05
11.31
140.52
-2.01
6.41
0.87
-7
12.97
17.51
1.65
8.8
-6.97
-5.57
21.71
21.19
110.06
2.1
32.7
-47.11
86.86
88.69
25.31
-2.32
2.47
6.06
-57.18
-74.19
7.87
-4.47
85.63
84.99
-13.69
76.19
11.69
23.64
5.07
17.86
-5.66
-9.41
-44.9
-0.76
37.72
-70.2
48.94
6.22
52.09
-9.72
9.15
64.53
21.84
-45.31
6.18
77.7
10.37
-2.56
34.14
-35.1
7.82
-20.71
-39.72
73.63
8.2
86.64
-10.55
-57.01
108.38
-5.39
-180.78
22.57
-79.9
-83.42
13.88
-8.28
3.42
-60.29
8.5
-12.93
76.71
8.48
-2.99
8.06
-89.15
10.19
6.38
88.05
-6.97
19.31
-3.37
-0.23
8.03
-66.77
36.43
-6.8
-36.64
-9.26
11.25
-8.07
-3.2
12.08
14.38
1.37
86.37
10.78
27.93
-51.8
16.48
0.7
8.75
31.75
7.14
10.63
-24.93
-68.57
54.89
-1.38
3.91
48.2
17.24
-5.25
-101.68
-16.36
4.85
3.04
0.76
13.67
4.29
15.11
-7.13
31.92
8.36
18.3
-31.69
-6.1
-11.94
-80.28
-10.13
12.79
12.31
-37.36
80.07
20.19
54.21
-51.06
3.85
12.98
-6.61
14.07
22.63
-17.04
39.43
8.83
34.16
20.19
-40.95
96.36
-3.58
16.66
29.35
10.54
35.34
-7.54
13.73
58.26
-21.24
18.9
3.05
7.25
50.63
90.73
4.86
5.64
-54.61
-10.9
43.52
13.34
-107.36
-17.42
8.31
2.49
21.18
13.46
20.72
11.91
20.48
12.38
123.44
-28.87
1.04
-18.28
-5.31
96.02
-101.3
23.27
-14.64
77.42
6.66
-6.72
-9.65
2.96
45.91
-10.54
10.3
-14.31
0.72
-51.21
15.49
-29.82
2.33
-3.99
0.67
9.3
75.11
-5.04
6.38
35.54
32.62
-30.85
-4.65
-28.99
-54.14
43.83
-11.56
2.57
-9.5
34.57
12.91
4.97
-161.54
97.68
15.16
43.21
-32.47
0.12
-22.16
-13.92
-135.58
11.23
-12.63
-9.14
-7.41
-121.8
-8.17
6.64
-67.55
38.61
23.02
23.98
-136.28
76.59
11.91
5.76
-0.66
-37.69
22.75
26.29
-3.25
4.28
-0.35
-34.17
-11.31
-44.25
-105.76
-6.85
-9.5
94.76
-12.54
18.01
-9.45
-4.87
11.92
37.29
91.13
2.63
2.85
-0.73
-54.55
66.54
55.35
-37.35
-26.01
-0.32
-27.9
-10.94
-4.47
-11.97
