41.36
86.97
-5.82
35.57
85.56
34.66
18.72
-42.57
19.63
0.2
-8.31
-29.71
8.21
-0.52
9.35
4.26
4.58
-7.6
5.98
-5.78
-9
-9.63
4.05
-1.52
-139.7
1.42
-21.7
38.93
43.84
48.75
-53.48
8.56
-3.13
-54.11
7.98
9.25
-50.2
34.4
-3.12
1.54
-25.64
-14.11
-9.77
-110.48
-5.21
7.85
-10.72
-31.18
-18.56
125.81
67.73
-10.62
-18.27
-11.4
33.95
-25.67
1.86
-10.33
25.01
9.49
2.2
-0.9
-5.55
31
6.6
-21.02
-13.71
1.77
26.13
-99.33
48.87
12.81
-7.63
11.68
-43.68
-53.26
2.61
-60.27
-50.53
90.51
2.18
-10.17
-31.73
-0.98
69.33
6.13
-14.22
7.32
-213.3
-128.86
17.38
-14.03
-128.46
2.89
4.24
2.93
-5.32
-11.45
79.96
-5.46
-7.21
-103.14
-10.09
3.09
2.27
-32.49
-65.63
-45.94
9.08
-11.76
-2.98
23.63
-6.86
50.58
-6.63
-1.32
-5.48
-19.98
-14.61
-30.52
2.71
13.9
-10.18
-3.01
17.88
20.15
-20.69
-140.13
-10.94
-18.77
15.77
-5.62
17.03
10.21
-7.53
3.19
-4.84
-58.7
-13.59
-9.16
9.83
78.09
-75.52
-2.71
5.28
48.61
82.79
55.75
12.57
37.16
-115.79
-21.51
-119.79
-57.48
46.88
18.72
36.14
-20.2
32.37
-5.23
65.82
4.59
-5.54
58.11
9.65
36.33
-53.23
-4.54
-2.18
48.57
9.37
4.51
1.86
13.63
-5.58
212.2
6.69
-29.7
-6.44
36.93
-160.47
-53.91
-28.91
-7.7
80.99
-8.47
-56.59
10.16
-63.12
42.1
-21.6
8.43
12.09
-152.85
-86.2
-104.57
-63.56
55.65
-102.31
70.32
60.05
32
-13.26
-8.79
-1.44
1.11
-69.81
38.2
42.45
16.18
8.66
-49.79
5.67
-8.88
-4.29
-10.31
76.51
-9.44
-11.83
-8.47
-55.58
-143.01
3.29
39.42
61.77
51.08
38.27
9.11
-79.54
-13.4
4.64
97.48
12.49
-25.88
-9.56
4.95
-31.48
32.22
-93.13
83.98
-1.81
-17.83
-2.38
-8.4
-93.08
-1.59
48.39
61.58
-6.7
1.39
-100.54
-2.31
9.8
10.7
93.14
11.44
-61.39
-37.77
-0.25
44.01
3.64
50.83
11.69
28.82
-33.37
-4.37
27.16
-13.38
5.77
15.26
6.26
-7.63
-3.25
3.46
-176.04
10.73
-0.47
-43.82
-7.84
60.09
137.35
-71.68
-33.11
142.07
-6.73
-5.91
-10.79
-51.63
-9.68
-39.05
-4.12
28.03
-29.11
-9.1
21.36
54.11
5.36
-7.89
-10.42
-64.57
30.85
6.92
10.16
-1.28
-39.45
-6.62
0.67
123.29
-24.8
-58.27
-203.79
-71.44
7.31
9.13
-5.3
-21.38
1.77
12.96
-33.95
-26.7
-92.83
-75.26
-19.92
-70.54
-11.4
10.26
18.41
-6.45
-1.64
-90.65
4.44
-61.97
75.37
-6.1
1.17
-54.28
19.45
-15.48
39.6
12.73
-22.35
0.86
6.81
61.92
-62.32
-2.77
-5.24
36
81.39
-111.72
-44.71
16.73
-7.71
-0.25
-72.31
34.01
0.57
10.02
-30.57
-137.1
-0.3
-88.1
23.04
-41.09
12.6
-39.81
-46.75
114.87
6.93
36.32
-11.67
-49.13
4.98
69.94
-48.89
-40.35
-27.94
12.82
28.31
-0.86
0.77
7.27
47.41
97.33
-2.94
88.4
-15.31
-34.38
5.98
50.1
22.95
14.43
-41.03
9.52
39.18
96.44
-16.38
-8.51
1.32
-11.3
-24.38
34.75
-6.79
14.26
-39.34
3.84
6.53
5.93
-12.75
-31.36
19.28
-19.17
-19.51
6.83
-8.73
-25.39
118.1
0.42
11
-5.3
-45.94
2.28
17.7
4.8
-73.42
149.26
-114.42
37.16
203.97
-156.38
62.95
14.35
-16.6
-21.86
103.11
-29.87
9.56
-9.26
-6.44
77.94
34.43
-162.56
4.23
9.29
23.98
-1.12
2.37
-80.28
-16.65
4.5
-11.73
-0.07
21.05
4.26
-14.34
31.3
-14.04
-2.74
32
10.73
-14.51
-98.03
-11.46
-7.45
-3.79
-2.8
15.31
-16.43
-0.89
13.86
16.36
9.27
16.57
39.37
-140.05
-27.09
-13.76
7.8
-17.27
12.42
30.2
-7.9
11.6
47.84
-5.41
7.94
-77.1
-19.59
8.59
-12.35
0.63
7.56
-81.33
7.22
45.08
28.76
-9.23
-5.46
1.28
-3.27
-32.91
2.43
-12.72
-30.53
66.7
63.73
20.29
7.41
-7.8
-1.11
3.96
59.01
5.5
-11.73
3.86
50.24
-60.38
30.32
37.02
4.47
34.96
33.58
-5.11
-23.5
-16.24
52.4
21.44
10.19
-8.05
4.86
-38.54
45.06
-25.6
40.22
10.88
7.06
0.04
36.78
-4.26
52.68
-12.17
-16.19
45.65
43.97
71.05
-6.63
-11.82
-24.7
-1.68
1.65
-117.36
9.06
-6.89
-76.02
-52.11
7.96
27.46
8.99
-13.27
8.74
-6.18
4.14
11.75
6.42
-34.89
-26.08
-59.75
1.25
-11.22
-4.93
49.85
3.91
8.88
-2.17
12.48
93.11
-47.15
101.56
3.37
-9.4
1.67
39.19
-2.17
14.21
13.6
-80.71
8.86
26.53
15.71
4.79
26.83
1.89
0.32
5.12
-12.67
-72.29
-11.01
0.2
-3.7
12.99
-6.91
-22.16
-12.27
-8.79
2.06
44.92
65.54
-7.58
-4.58
-43.37
-3.65
26.3
8.11
2.49
-11.68
28.05
156.39
4.98
2.65
50.83
-96.55
-61.67
5.93
1.12
-13.13
8.37
-2.07
13.45
114.78
34.27
4.68
58.92
2.77
67.72
330.08
0.42
89.36
-165.85
-27.61
1.66
-40.11
10.06
111.51
-9.71
36.95
82.08
-10.49
-20.24
-10.92
96.35
-7.44
30.8
10.97
-11.69
-74.8
29.02
9.09
18.72
1.27
-8.74
70.87
97.28
-8.14
-164.2
-31.28
-58.37
39.84
9.27
-17.89
-8.91
22.74
68.94
5.8
12.72
14.06
4.78
17.75
-82.86
9
4.3
106.23
-6.47
-91.2
0.91
23.94
-2.4
11.98
9.28
7.29
72.64
123.67
-6.22
-3.49
105.99
121.79
-8.41
52.32
-43.2
-37.23
2.62
164.28
5.98
26.22
-17.25
-7.5
42.06
-116.87
-90.19
11.01
3.54
-10.49
40.9
-20.16
-152.73
26.47
9.33
22.01
67.51
23.45
-14.05
-7.96
-55.97
-120.41
-6.7
2.27
-18.57
-11.98
53.58
-30.57
15.04
6.6
-17.11
-213.36
-8.47
-55.12
-18.67
-38.39
-32.18
-148.1
7.72
-54.76
-79.81
-6.65
16.32
-63.16
12.4
93.95
3.87
-10.48
-13.65
-3.71
-69.92
33.97
7.63
2.29
-3.94
70.35
37.12
-3.35
-100.94
-0.03
9.08
-90.76
-71.8
18.68
37.35
-12.73
-10.89
2.27
19.07
-109.04
-28.82
74.73
-48.6
-7.55
-34.14
38.63
43.15
-33.66
-8.97
36.89
-76.65
-77.79
1.07
-2.76
-3.42
-130.58
12.32
9.31
-10.42
8.94
20.32
71.24
18.67
-46.79
0.35
70.63
-13.65
-6.58
-5.93
5.62
9.04
-83.64
-10.36
8.16
-75.73
3.5
0.7
-10.75
-5.94
34.12
14.13
64.29
-57.82
-2.49
2.09
19.82
11.5
-4.72
5.37
70.4
17.5
-2.35
-11.01
-99.67
94.65
18.95
20.71
-4.93
104.04
-32.91
-70.65
74.84
-49.28
-118.85
-67.02
26.43
21.83
2.62
1.68
-3.66
-55.42
4.35
-17.98
24.79
43.91
29.49
41.96
-47.3
7.24
53.65
-10.89
0.97
-8.34
-7.91
-8.08
-24.21
14.09
-11.26
3.7
37.49
-53.71
-130.34
-7.94
62.92
-27.3
-13.84
7
-10.48
-53.19
-17.88
-65.73
-15.52
-31.01
10.05
94.09
-43.16
14.67
11.19
-64.82
31.82
-2.45
6.79
-37.99
-0.72
-18.34
-66.69
-4.37
9.98
21.85
7.44
16.62
-7.02
-7.88
37.1
11.72
5.64
-62.45
0.51
19.01
-4.75
-154.3
34.59
34.57
-27.24
-25.98
-0.71
-17.9
24.69
-11.57
43.34
-90.87
79.17
-14.57
-7.28
105.08
9.46
171.49
30.87
20.87
-10.12
6.24
-6.78
-21.12
-114.92
11.11
79.89
-33.49
46.07
14.57
-37.27
23.4
7.2
-40.21
10.33
-33.42
-44.35
64.54
-13.86
-10.44
-88.75
-17.27
-12.18
19.83
-53.46
79.75
-10.27
-238.64
-8.58
52.38
1.94
-34.48
4.98
-6.41
8.99
16.24
-5.8
2.49
-15.3
-154.13
-32.35
-26.71
19.5
0.87
6.03
3.97
-44.5
131.35
-1.13
3.6
8.92
79
32.02
-33.83
-4.18
-33.28
10.51
69.02
-157.14
98.85
32.05
-71.99
-4.58
-13.65
-53.67
7.74
-0.89
11.76
0.5
11.72
-31.3
-49.62
26.67
6.76
68.89
7.9
21.48
18.46
89.04
4.48
11.68
-6.24
102.62
134.76
1.83
9.96
-19.31
12.02
5.92
3.38
-39.19
-111.76
-18.59
-136.92
64.3
-56.51
7.69
-33.99
105.55
-45.88
-7.5
29.34
26.84
-20.3
