37.17
17.46
0.45
-12.76
5.08
-20.78
-32.07
-4.15
4.56
-67.06
10.77
-6.76
1.17
5.75
8.09
10.84
11.91
-8.05
-32.25
-3.4
6.52
7.79
-3.99
-54.31
94.49
-9.91
5.54
19.6
-64.93
-13.71
-19.01
72.9
10.1
206.14
-151.19
-4.75
71.93
-65.99
118.85
-2.41
4.23
-50.46
-4.76
75.11
10.47
-139.71
8.32
-51.43
-2.42
16.23
15.81
-14.39
-14.08
17.09
-3.38
38.04
87.46
-8.86
10.3
-4.96
25.82
41.05
46.08
-3.47
30.92
2.79
160.89
-25.38
66.89
18.85
-14.67
-6.93
-0.28
0.71
-44.87
-1.64
9.54
-59.07
-67.13
17.45
60.09
3.57
41.79
-1.92
-6.35
-5.8
-8.59
-50.37
4.81
-8.32
-24.12
13.63
1.77
-6.77
-78.01
-21.9
-3.26
22.94
41.25
-7.9
7.92
-19.17
54.2
32.31
-3.94
42.31
-176.9
-33.79
-47.86
15.69
-41.75
6.89
162.62
-13.16
-230.73
-25.01
112.14
23.67
11.91
-5.83
86.37
-43.61
-29.63
103.87
101.21
-6.86
-10.74
-3.7
11.33
4.12
0.77
-16.19
-120.61
7.9
0.99
6.32
-63.08
29.47
12.8
15.69
-23.93
-13.18
-10.88
-5.19
24.17
-77.12
5.36
65.51
4.11
-32.75
-54.96
26.67
-6.51
12.53
5.51
2.86
-13.42
-46.59
2.05
-72.74
131.67
-3.05
-6.5
0.39
-104.89
10.94
99.51
135.83
-8.9
0.26
-11.15
-4.22
3.11
-3.71
35.95
-17.58
25.95
4.73
107.1
6.22
-26.45
48.57
-18.62
75.12
-4.5
-5.35
-24.23
-12.7
12.48
10.53
6.61
96.62
10.56
-3.63
17.67
8.32
-38.94
-16.19
25.48
19.08
4.05
-58.4
-3.52
53.89
-58.67
11.81
61.19
-10.45
103.39
-17.02
-73.3
-91.57
-5.74
-86.74
-5
12.83
-4.11
-46.48
24.57
0.75
-0.52
17.14
-64.47
-38.84
-33.18
3.01
-5.79
25.74
-170.45
-12.97
-10.87
2.19
6.21
-56.45
79.94
2.26
0.81
-62
62.97
1.91
49.09
116.31
7.7
-22.12
2.81
-1.03
-82.42
-4.53
-2.76
-6.42
-14.88
-4.52
42.36
-71.46
-16.1
38.93
61.86
-1.57
36.51
-44.44
-0.09
-27.43
-171.86
-17.11
-12.95
0.1
-31.32
-5.56
20.84
27.75
10.36
5.48
42.73
11.7
18.25
1.52
-20.58
151.91
41.11
-12.59
14.91
-9.71
12.93
31.7
-85.7
-8.18
-54.63
4.74
217.52
45.33
-114.34
82.24
-22.99
-7.86
5.59
48.77
-6.89
4.68
-14.27
66.76
7.61
0.1
33.78
-9.51
-2.51
-8.38
1.79
31.67
-13.03
20.77
-16.39
-5.13
39.91
9.72
45.09
-13.03
97.6
-15.1
60.43
-9.04
-192.68
11.86
-42.02
-153.21
-0.78
-132.15
38.65
-10.1
-12.96
-186.98
0.95
48.43
-82.37
-0.86
23.41
13.05
-40.29
1.3
0.94
14.03
-9.41
-3.98
-12.89
6.33
32.03
48.21
40.04
-8.22
-65.05
10.37
-2.9
62.7
82.8
-10.43
0.58
-1.18
-33.35
70.02
-12.08
8.59
-188.76
45.7
45.3
47.73
-8.55
-11.01
-82.29
-112.23
-14.26
-14.52
73.88
-8.79
63.59
42.78
52.15
13.22
-108.56
6.74
-4.48
10.88
9.18
47.01
-27.19
4.81
40.17
22.16
-15.5
-40.65
15.46
-16.13
-67.08
1.97
31.65
-5.47
15.08
1.56
-1.66
-17.31
-2.42
-18.97
-64.93
-66.1
-5.7
14.67
-65.57
-4.35
-124.93
-6.56
-16.04
62.09
26.08
-20.8
-86.73
5.55
6.04
112.7
33.85
106.59
4.3
52.91
5.62
9.34
12.73
0.74
34.06
66.9
0.58
-1.63
1.83
11.18
-1.77
5.99
18.76
-17.07
-8.15
-10.85
-32.4
2.85
-14.89
-14.42
8.58
-4.68
-16.88
83.97
116.4
-10.19
-7.97
-131.48
45.19
76.97
-16.48
-21.07
-32.27
-12.99
-18.24
6.4
10.32
-4.68
-9
58.93
84.33
3.35
187.71
9
2.22
-30.83
10.86
4.48
1.07
9.72
11.06
-50.05
38.52
-80.37
91.21
-234.63
-9.02
-11.67
7.54
14.74
15.92
-25.5
33.88
3.72
-53.23
-89.37
9.12
-10.85
-6.91
-65.84
10.67
3.59
153.49
4.36
48.05
8.66
10.43
63.59
1.3
-8.25
9.85
9.55
30.14
61.54
-70.08
5.49
-48.96
27.7
-14.6
11
-79.67
-8.54
-36.95
46.77
-100.84
-5.85
-7.69
47.97
-34.63
3.48
58.91
-34.85
-46.3
4.13
-7.7
1.5
9.08
12.78
-4.08
1.66
12.49
28.15
5.37
4.6
-57.11
5.17
128.26
86.51
-10.84
-45.34
-18.62
4.62
75.37
-3.09
45.09
16.47
166.06
10.21
24.72
2.79
-5.62
1.26
-9.9
11.72
122.66
-4.69
49.66
28.88
178.21
15.92
-8.43
-37.8
6.58
123.24
9.88
-5.85
-56.54
-10.36
-36.9
-17.78
177
2.37
12.55
-0.28
-12.29
49.02
42.42
8.4
43.27
15.71
54.85
137.87
-31.42
12.04
6.73
58.83
-14.01
4.82
-3.61
-18.41
-139.3
-19.38
-21.16
-26.62
-39.87
125.79
4.65
1.81
-18.85
148.36
16.61
10.31
-8.3
36.23
-7.17
52.7
-6.25
11.4
80.89
5.52
13.09
-11.61
1.25
60.11
-107.18
15.49
21.38
120.4
-40.26
-4.64
-76
-18.31
-27.88
-144.4
81.2
26
-70.41
-20.6
-12.38
-1.12
-11.94
-18.15
6.44
43.51
-12.24
25.18
50.44
6.38
5.03
-6.75
-10.25
27.23
-8.91
13.1
39.85
-7.6
5.66
-4.21
-91.27
46.82
6.5
-16.73
39.83
22.9
25.06
-12.36
5.85
38.74
7.94
-19.18
-20.15
-9.28
-10.96
33.89
-0.08
-7.91
-18.45
-32.64
1.37
3.74
26.08
17.01
1.81
20.03
65.96
114.25
-58.77
73.55
-2.15
-7.1
36.35
-4.55
39.54
-12.31
8
41.64
-28.18
1.18
107.13
-10.16
-7.03
52.27
9.9
59.26
-37.76
-81.8
9.61
-146.93
7.88
14.06
-16.88
9.74
45.35
31.49
9.32
22.78
-2.02
-7.38
-5.19
35.34
2.19
13.75
-25.98
-74.01
67.71
-5.12
11.82
-8.36
-64.37
31.63
-49.29
108.45
80.11
-8.92
5.76
96.29
2.69
11.1
-81.42
-8.54
-15.93
8.98
66.22
-27.42
82.57
-7.72
31.14
-14.17
-1.69
36.99
14.44
4.59
-13.83
-21.48
-56.78
-3.84
2.25
10.63
-5.04
8.36
-34.77
83.35
-6.26
-16.99
-159.73
5.66
101.42
78.01
-106.81
-2.07
25.98
2.88
3.22
-1.99
26.38
33.33
-22.04
-14.28
2.44
7.25
-11.01
-2.4
-17.59
-6.09
-61.18
5.01
-3.03
19.05
0.62
78.88
-10.39
18.63
14.11
25.1
-66.8
-56.48
72.83
-13.92
-0.54
-23.9
30.78
6.51
-6.9
76.96
-10.76
22.95
12.74
-56.6
-13.47
-11.35
1.18
66.84
34.64
16.99
92.38
27.65
-106.7
23.69
-32.6
3.47
8.13
-9.92
-31.16
9.83
-14.85
3.76
-12.94
45.52
-3.06
4.85
-44.33
-18.94
-14.38
-6.09
4.7
8.04
-10.66
6.22
-31.71
68.18
-0.68
-17.22
-23.69
4.03
-51.7
46.48
-12.55
67.69
18.43
-26.54
-10.51
39.57
-2.59
15.28
-8.94
4.13
-2.97
-15.13
8.98
31.85
31.9
39
16.33
-9.68
72.92
13.04
-18.33
11.72
15.21
-7.29
-12.42
22.56
14.5
12.51
62.89
-10.39
70.86
-2.34
38.42
-2.03
74.29
81.69
-8.16
-9.27
-2.9
8.67
-0.95
36.64
46.14
0.63
9.91
55.68
19.49
-24.49
-52.37
7.66
26.52
10.32
-120.95
73.45
-4.04
4.73
-13.53
52.43
-43.34
-4.28
49.8
18.4
15.25
-14.77
38.49
74.5
-19.68
67.23
17.76
-69.63
-3.95
-27.65
-89.31
-164.34
-9.83
-19.75
21.24
38.55
-36.96
-12.43
5.82
-145.34
4.41
35.93
16.03
-14.81
-24.33
-11.08
-4.66
25.25
63.04
13.51
-2.88
-3.2
0.77
51
36.46
-8.31
16.88
0.97
-65.1
38.98
-8.19
-14.4
3.14
73.36
16.12
3.95
9.31
38.86
43.56
-16.76
-3.43
33.49
28.64
7.58
-8.2
61.99
9.88
11.47
28.76
5.11
2.72
-81.72
28.58
10.84
-2.34
7.18
11.61
-4.71
4.69
-126.61
-13.02
5.77
-2.17
-65.86
-0.18
33.47
14
11.31
13.44
0.88
-0.94
106.7
-12
-40.59
-7.53
55.51
-48.32
-9.82
-57.24
79.6
107.01
-13.8
-4.55
-7.34
-49.31
-2.71
18.92
-18.96
8.94
-4.49
7.84
72.19
131.83
1.1
-90.33
14.55
25.98
79.23
14.69
-10.26
32.05
15.93
8.46
-66.36
42.96
-16.22
71.31
7.87
-5.79
-8.43
1.33
-1.16
11.62
21.06
-35.41
-45.88
