-9.7
-8.86
1.92
8.89
4.32
11.78
8.36
-27.5
30.44
-89.57
35.67
4.19
-33.36
13.25
20.51
-8.51
22.74
-9.46
26.06
36.08
-13.68
-85.49
4.13
-29.95
-11.99
4.24
49.8
23.27
-26.86
49.23
8.25
-11.95
129.34
7.03
84.2
15.71
6.22
-49.24
59.91
44.91
42.49
5.65
-5.31
-14.98
8.05
4.15
-12.91
-3.29
-25.43
-15.19
9.03
-31.27
20.28
-29.07
64.68
6.39
-3.38
-138.54
-151.38
29.56
5.84
35.4
10.04
14.84
-15.21
-42.3
9.9
7.95
8.51
9.6
47.09
-120.31
-261.06
-13.91
60.42
3.01
-7.1
-53.5
65.75
20.22
-12.3
0.83
44.3
-55.01
-11.47
-0.36
15.57
30.8
89.52
59.19
57.98
15.62
4.6
69.39
-143.62
10.88
24.18
42.07
-6.46
-0.81
-58.25
-117.77
4.51
4.21
45.14
-44.58
-10.84
2.55
17.95
-7.05
-102.48
10.87
-2.61
40.86
25.45
23.48
-24.11
17.02
-9.8
54.74
10.25
81.91
16.24
0.67
-3.34
16.76
-5.03
0.04
-34.43
-253.47
13.62
-208.67
-21.14
-19.81
-104.46
-27.12
17.65
14.53
-7.43
11.36
-12.2
2.42
-61.56
1.91
18.58
6.79
-13.39
-287.76
-10.54
-19.04
-12.01
-45.8
8.03
-26.17
22.69
-6.55
100.04
-13.37
-45.35
-8.03
3.73
-5.76
-7.27
-30.32
4.85
128.92
-23.99
-51.07
-6.62
41.81
-126.75
-6.85
-231.98
-3.45
6.13
-13.81
74.84
10.48
-14.33
81.64
-2.8
-7.57
5.4
24.04
-90.62
41.18
88.4
48.48
15.1
-7.37
-26.18
-0.12
-29.18
36.66
-8.86
25.28
-10.43
-74.41
1.91
-73.87
-13.46
5.38
37.15
0.92
49.16
-43.73
70.59
-5.07
5
10.24
74.11
10.84
-24.13
-2.65
63.85
-8.84
-1.64
4.38
8.01
-3.97
-9.5
45.27
56.77
11.6
9.59
5.99
-1.22
-28.92
-11.1
-49.29
-65.22
-69.8
-7.74
10.16
-22.34
-40.7
-23.53
1.32
-12.4
-7.67
88.12
14.14
-96.7
-14.38
62.11
-5.69
-2.67
-74.65
-4.45
21.53
-18.65
3.76
-9.27
41.72
-60.38
-7.01
-11.83
12.94
47.72
-1.85
-15.58
176.71
-2.81
-45.31
19.9
-55.25
53.05
4.8
19.19
9.77
-8.82
3.74
18.6
-2.93
63.59
-0.9
17.5
30.55
-6.18
40.59
-11.23
-0.3
9.27
11.53
-7.43
40.9
-16.44
75.04
-6.79
5.09
-7.62
-121.57
32.31
-5.02
-14.07
-6.98
-22.84
25.66
-0.44
-13.3
-4.43
-10.38
-17.46
34.85
-40.39
51.88
16.17
-54.34
-0.9
36.59
0.09
-2.69
27.68
-8.01
5.01
3.31
40.93
32.65
-2.16
29.94
-13.74
19.1
-65.08
20.45
0.33
71.1
-2.01
-12.95
-11.6
-34.33
22.23
-318.18
30.94
11.82
-2.45
-17.44
71.9
-6.97
-7.41
-82.38
-192.06
7.88
-2.14
8.42
101.99
-54.35
-5.44
-11.79
-2.86
60.85
10.7
0.64
-107.16
117.72
-8.97
-7.69
26.32
65.57
85.05
-35.72
19.05
-9.09
-58.46
-96.78
3.81
-7.13
-42.18
-82.23
-47.02
-6.84
14.14
-118.86
43.31
-21.43
-8.45
44.93
-20.31
-39.47
-9.99
-20.96
11.82
4.88
-0.33
-165.58
21.41
-2.18
-5.78
-40.31
227.67
-80.44
19.53
-12.73
28.78
4.42
42.47
62.3
15.63
-10.78
-5.13
1.5
-17.39
-8.94
78.24
165.05
24
42.45
-15.66
5.57
24.91
46.01
-7.93
18.45
-12.79
-39.03
61.21
-28.75
-80.3
11.33
-24.35
2.31
-18.28
14.64
13.95
4.69
-1.76
15.01
-6.06
-3.3
10.48
-71.19
19.76
-1.7
15.06
-4.96
5.83
-9.35
-24
4.98
-8.81
-10.4
-33.84
7.03
64.1
-6.86
10.17
-9.12
-11.84
-35.91
-10.78
8.19
-7.12
-60.81
12.76
14.49
-64.2
-5.36
95
18.39
-12.57
-3.35
32.7
55.67
-9.9
24.08
-10.87
6.6
-3.19
-9.09
-40.16
-25.29
3.87
-17.65
4.96
-107.86
-64.61
-6.09
-59.45
5.59
2.74
14
-1.74
69.49
-6.6
-26.43
-9.66
2.17
-4.79
-15.09
70.03
-33.61
6.12
-10.31
70.27
-4.56
-47.35
113.17
-20.54
-9.88
10
14.02
108.95
-45.33
-33.34
93.03
-92.8
40.32
36
8.67
32.75
28.96
35.34
-10.35
24.32
-4.92
3.48
24.23
-21.06
-8.44
-22.74
1.41
96.33
-67.5
-20.27
13.62
1.76
37.57
-70.33
68.71
-34.64
-42.93
-9.24
-0.37
-0.84
12.89
-16.62
-77.59
80.57
-54.81
6.27
6.2
9.43
-1.51
-17.7
1.23
-36.87
12.83
96.83
102.26
8.95
6.48
-12.69
6.05
-59.75
-148.89
16.83
-13.04
99.87
8.73
-33.56
-71.98
30.45
11.6
0.7
-8.31
4.66
8.85
14.14
-19.53
48.62
-12.03
-71.2
-31.1
-16.58
-60.16
8.42
21.8
43.82
-0.62
19.91
8.46
-6.83
-119.84
-1.48
101.91
-67.79
-14.96
48.53
55.73
-4.92
1.92
-129.15
21.04
10.02
9.3
52.82
-5.77
16.69
-17.24
-7.55
-3.87
69.71
47.23
-28.53
-14.51
108.29
-7.5
2.55
-33.81
-9.07
15.12
-21.36
45.66
-10.77
-67.47
48.27
68.51
-4.41
-44.99
19.24
0.06
56.85
41.7
0.96
12.32
43.09
15.11
6.26
-98.97
-0.07
22.28
5.38
-29.33
-2.11
-6.74
59.18
3.54
-2.19
-12.99
7.08
-0.58
-25.27
-2.72
-245.98
1.85
-13.4
-13.03
-33.55
-32.65
8.84
-9.21
5.39
-47.12
189.59
0.21
-33.71
22.04
97.16
13.66
-11.33
10.99
-14.4
101.33
-9.83
-85.25
-58.32
-24.62
67.75
21.84
69.73
59.82
99.04
20.72
24.67
-7.56
-24.01
-6.42
0.22
3.97
-9.89
0.93
-11.48
5.73
12.68
81.68
-5.56
-7.82
-17.47
0.4
-8.84
6.54
10.87
50.36
10.03
-18.72
5.27
81.05
7.75
55.33
13.27
20.38
109.43
32.39
13.76
-47.07
128.73
81.4
-5.52
-21.47
5.18
90.12
-21.41
-1.6
135.62
-8.37
23.71
-71.76
-9.39
2.79
38.71
2.35
17.93
15.51
0.29
-85.47
10.85
39.03
21.46
11.61
-12.47
-6.82
-25.8
-3.17
-11.52
124.62
-26.86
-49.32
33.64
-34.66
-49.28
3.15
-6.88
23.11
-111.02
-16.73
63.22
7.5
1.37
46.03
31.08
-61.25
0.69
2.8
6.15
34.62
-22.19
-16.38
-12.49
7.79
-3.27
-149.59
-4.29
130.17
4.15
-38.44
-0.11
12.54
33.59
-4.04
1.36
132.6
-7.37
47.95
-33.06
-81.52
78.03
0.68
-33.49
-12.34
-1.91
-67.57
10.29
-132.69
-60.98
49.72
-7.78
-5.71
-5.3
12.06
11.05
33.4
1.27
1.55
-3.38
15.26
-34.4
56.86
46.99
24.15
-28.12
85.42
-7.12
87.41
-22.98
62.44
-4.82
10.62
-62.55
7.39
18.41
-9.28
9.96
30.53
39.56
35.29
-297.34
72.78
21.35
-32.18
-15.81
-116.99
-8.64
6.15
16.32
2.71
93.49
36.01
-27.29
-23.13
11.6
2.81
-17.91
14.39
10.45
-11.95
-4.72
55.12
-7.69
4.36
76.53
72.87
-106.94
-54.82
-7.11
2.82
11.97
86.22
-2.9
13.06
-0.95
-22.61
16.77
68.38
2.88
90.61
23.02
64.54
10.53
1.21
-10.36
-7.03
-59.62
-7.79
5.52
-36.79
14.35
95.03
2.48
-15.25
51.87
3.71
-20.76
-102.41
-16.3
16.76
-13.34
45.81
20.37
-4.72
10.17
65.87
-5.59
-57.05
0.89
-87.21
0.79
18.26
-6.67
50
4.92
-5.66
-226.69
2.56
24.94
-5.21
6.33
-7.65
17.33
-7.37
9.22
13.98
37.69
-16.2
19.64
105.04
35.44
-34.37
-10.35
48.5
120.02
14.47
0.52
20.93
-25.77
8.21
75.4
7.89
80.65
3.41
-3.61
58.46
165.42
11.61
-2.5
62.71
65.29
-41.48
-41.82
5.98
-1.84
-6.32
1.5
-43.78
-53.9
-5.23
5.28
-22.91
-17.79
40.04
-0.66
-71.85
-15.54
72.81
-3.35
73.47
31.96
88.45
-33.15
-3.93
13.92
19.94
-13.45
9.66
2.19
43.71
20.34
78.7
14.31
30.94
-5.89
38.39
79.65
22.91
31.79
40.28
9.76
-1.76
-10.99
-5.24
15.1
-136.98
3.19
-33.32
7.24
11.68
-11.08
-6.1
45.61
5.08
16.17
-18.08
-48.12
-45.69
-42.75
-31.72
68.18
93.74
-8.25
8.6
21
-1.63
7.53
23.34
80.47
7.78
-295.94
22.81
9.41
9.01
79.25
35.01
-14.23
50.4
-21.38
-64.35
-38.4
-18.57
-16.37
13.57
0.82
-54.26
-125.08
9.25
-2.49
44.37
-13.88
-24.57
-67.3
52.48
-66.04
223.66
-8.19
-53.75
124.45
10.26
