-47.87
176.33
-48.74
53.6
-290.49
-2
7.23
66.91
-9.19
-1.66
-38.12
7.99
-51.64
-51.67
-22.69
6.62
-7.17
-15.55
-19.18
3.17
-17.47
-8.13
1.62
17.99
-38.71
75.03
28.51
-7.97
2.11
65.7
-31.86
46.89
7.9
17.99
21.15
-59.99
73.97
52.83
27.6
66.91
10.51
-3.03
3.19
-3.19
-20.89
16.38
-24.85
-104.19
17.55
1.37
8.46
-11.18
-35.45
-9.66
-14.74
-5.45
64.15
16.56
12.18
3.93
16.81
21.45
4.53
9.74
13.23
55.53
2.27
-43.3
-4.45
53.06
-11.33
4.87
37.72
2.77
33.59
0.37
62.17
6.46
-11.88
2.27
-3.19
-2.38
7.27
-25.18
-0.88
37.95
-6.95
1.88
10.8
-3.69
-17.25
31.93
-2.69
12.83
-8.19
-9.98
112.81
7.17
26.14
11.61
-8.23
15.69
68.7
-1.76
107.01
-13.23
12.28
39.24
-8.61
13.5
31.86
55.33
6.26
33.88
-5.13
-89.5
2.95
-12.46
-79.56
67.51
-35.46
71.15
-67.11
14.68
33.16
14.48
19.19
-16.82
17.55
-69.39
-6.96
-27.59
11.91
120.64
72.48
1.12
-116.48
3.01
-162.88
36.25
28.79
1.43
15.64
-16.27
-4.04
4.27
67.56
-3.61
30.6
36.25
-21.74
-48.92
3.76
46.2
2.53
-10.47
10.14
-61.3
-2.44
10.29
-13.38
-0.82
-20.06
3.62
-10.87
25.97
-9.74
27.24
4.88
-1.73
7.07
7.06
5.71
6.9
-16.3
7.55
12.36
45.8
-45.45
-7.52
10.73
17.51
0.57
-170.22
-8.76
-20.16
37.5
36.09
26.2
24.44
-11.15
127.93
-28.16
-30.21
10.68
-15.75
-0
-1.59
22.11
11.87
56.39
7.58
89.69
50.69
-10.17
41
-4.79
-88.46
45.21
-13.05
-7.67
42.26
87.06
-3.25
-17.48
9.96
-24.54
-51.8
16.83
-62.84
20.54
30.42
98.5
11.82
-6.39
-6.14
7.42
8.15
-8.98
10.64
14.74
-40.69
-90.35
-5.82
48.5
-8.07
-53.01
12.83
-49.01
-29
9.42
90.93
-1.11
-20.47
-8.79
-7.79
5.85
-23.52
-33
13.61
12.93
9.12
83.55
65.73
-18.11
-19.52
-3
-71.54
16.02
-42.63
-46.19
-8.42
-7.21
7.53
6.43
-53.06
7.35
3.04
-23.2
-13.57
12.06
13.46
76.11
-5.49
49.69
51.11
-106.22
143.5
38.08
2.48
-4.48
0.93
-39.21
3.48
-27.5
26.93
-5.42
-9.65
0.3
4.14
-33.58
53.51
37.74
-93.48
105.9
1.84
8.38
-64.53
-9.21
-11.58
53.18
6.31
-46.27
3.61
-20.37
64.46
31.15
17.05
-47.23
-4.47
12.57
-4.33
68.76
59.14
-1.79
-92.89
35.85
-57
3.9
-82.2
4.96
14.84
-2.82
54.59
-65.88
3.98
-63.98
-6.84
-6.15
29.87
-8.95
0.79
-26.12
16.11
-4.68
27.96
64.32
49.18
-3.87
9.06
-0.7
-2.39
92.57
19.79
47.43
7.28
32.56
-28.21
116.72
29.93
-0.07
-27.36
51.82
46.47
29.99
-76.52
-43.39
-27.68
-65.6
13.01
-4.04
2.3
-19.54
-2.59
-203.48
-4.04
-8.17
-50.93
2.12
-10.13
-17.33
-9.13
1.93
-5.08
121.69
47.89
82.88
-5.27
-29.1
-0.42
-23.6
7.24
-0.58
17.53
37.81
-7.29
-34.25
-1.58
75.68
-4.35
120.17
1.41
65.95
9.68
31.67
-12.74
62.22
2.02
54.36
-55.65
20.98
9.18
-50.81
-9.5
-36.43
-8.48
-75.63
-21.82
50.85
7.72
-36.67
28.63
-8.43
-46.35
-51.69
17.88
-23.63
90.66
-4.05
42.11
-0.58
-0.22
-28.41
2.28
31.89
2.21
11.96
-24.34
-12.72
-0.34
23.3
32.3
84.64
-56.38
-18.26
2.99
41.11
26.25
-0.97
5.85
5.26
-123.71
65.87
-9.78
-33.95
-35.12
-14.12
10.41
-9.69
54.52
-17.26
-33.82
13.46
-0.85
20.92
11.79
0.29
12.51
-49.26
-15.35
-10.74
-2.37
5.86
-0.77
-1.58
4.52
-72.98
10.51
-40.62
-75.25
38.09
-105.6
-226.73
-12.58
-82.99
-72.1
-133.9
3.6
-7.35
10.32
-8.6
-0.85
12.56
-10.57
15.86
-45.51
-4.69
-128.96
129.58
35.82
-7.43
5.91
-12.79
-7.54
-5.96
59.26
16.92
7.79
6.81
68.32
-0.5
63.01
-44.39
-31.57
40.36
55.79
3.88
29.68
12.51
-20.26
-9.64
-193.25
20.76
0.78
253.49
18.73
-1.76
-78.28
1.76
-8.81
129.03
-1.46
12.36
1.5
-8.51
-10.48
12.01
1.72
-80.12
-4.43
12.44
10.31
83.35
33.48
-24.37
-2.29
-89.45
72.92
-91.73
-0.92
-59.34
-11.89
-46.94
79.07
16.15
10.24
85.13
17.47
-133.67
48.6
0.8
-69.03
-78.9
21.37
-28.24
37.28
-24.04
-8.49
54.24
-36.57
-5.95
52.17
-28.21
-59.6
-58.77
21.49
-5.91
5.22
-0.1
1.61
-43.24
-19.73
-4.03
3.73
44.95
-11.43
1.2
-4.3
-7.21
-96.04
-34.02
27.81
4.31
39.42
-8.08
-0.15
-10.8
7.35
28.69
1.21
2.12
-30.87
4.39
-86.48
23.41
-11.35
-14.86
-26.04
21.8
-7.33
11.27
-64.42
9.22
23.47
21.27
-8.69
-11
-49.39
51.52
-392.48
0.66
33.49
-67.96
-24.13
-7.16
-6.17
40.17
40.95
-10.88
-76.61
68.01
11.07
-7.25
-4.15
-2.19
-49.46
50.12
39.63
-37.31
67.46
-66.01
-31.02
79.03
4.34
-66.44
-61
9.21
-20.57
3.22
-6.25
-6.54
31.65
10.68
21
-10.42
-17.33
-36.89
-7.17
-41.48
-17.04
-65.13
20.8
-5.7
-47.36
-23.97
130.74
24.26
10.58
-6.25
13.53
28.67
-7.8
-17.16
-2.77
-112.91
10.59
63.42
33.81
10.94
-4.49
-244.27
-8.09
86.02
-4.45
6.93
92.32
8.24
42.67
-3.34
-28.57
-16.1
82.56
1.67
-25.12
10.56
4.83
-38.45
23.62
-68.98
24.52
44.35
9.11
-8.38
-72.83
-47.04
24.78
-3.87
-1.06
26.81
-2.42
28.31
-1.74
77.19
-3.83
142.51
-12.53
-2.94
0.91
-28.47
-6.66
-15.9
-22.1
9.02
0.22
63.62
84.68
42.27
-11.96
-8.51
-0.22
-96.65
-8.63
-50.06
178.49
12.43
4.68
5.97
102.04
-59.46
11.55
-58.31
-10.56
-8.54
7.43
1.68
-4.58
49.86
14.13
-53.4
-7.82
106.2
-16.81
-77.54
34
-2.47
-6.25
41.17
-41.57
7
52.24
8.32
-59.37
10.47
7.82
52.68
0.02
-12.23
-34.95
-5.37
19.65
7.17
22.78
18.16
10.3
46.1
-113.94
51.47
10.26
10.04
90.61
25.35
19.38
6.67
-12.8
-149.63
-38.19
6.66
55.2
42.23
-2.39
-8.58
-10.98
16.67
85.53
-13.81
13.76
72.72
-20.5
130.96
-11.77
-62.52
-9.89
6.36
-3.56
-33.61
9.75
-6.19
-6.98
44.71
29.15
126.03
-56.82
1.97
39.67
63.85
59.75
6.64
-1.12
-126.15
-2.92
-8.69
-10.49
150.86
38.22
-6.04
30.17
11.64
-4.77
3.86
-10.07
-73.5
6.88
89.09
-135.5
-8.83
-6.62
-16.79
31.11
-10.89
44.98
17.29
-39.09
3.16
11.91
8.8
41.34
10.4
10.79
5.38
-10.88
-0.33
13
-5.38
-18.88
10.08
31.55
-32.95
-86.59
9.93
71.89
-39.47
52.02
14.08
17.21
48.04
10.61
-30.49
-159.64
-0.45
-64.01
12.46
9.91
-8.68
4.75
6.52
147.57
11.63
10.08
-7.53
20.94
45.26
-7.91
4.37
34.18
108.85
-5.98
-39.06
-146.12
-9.03
37.18
39.84
-92.2
5.81
7.45
13.21
-123.89
-47.87
6.39
177.23
136.77
3.82
-183.84
-158.97
11.46
-44.66
40.74
44.12
7.63
9.49
5.27
-26.18
-5.58
42.93
-22.7
29.42
-23.18
-98.54
27.18
-1.2
-19.98
-24.2
18.95
11.5
-58.16
2.45
-3.27
36.41
12.27
26.11
8.7
-34.8
-46.71
-55.52
4.59
30.07
-158.87
-25.41
-2.93
-139.03
26.86
-2.21
-0.65
-0.08
18.75
85.98
8.86
-18.63
-3.12
12.66
43.27
-1.55
-80.48
25.74
21.4
-0.35
39.97
-5.43
7.23
-2.6
55.11
0.24
0.02
-108.98
12.95
-58.61
14.09
-13.5
-122.23
20.19
-5.97
-20.04
61.09
48.05
40.21
-1.92
-3.1
104.75
-10.31
-14.47
70.33
-1.98
157.85
87.98
-3.42
15.98
-7.19
-17.08
10.42
87.72
-261.6
-120.8
-16.38
58.55
-28.24
59.9
-31.44
90.01
17.07
-40.08
8.19
31.3
-449.22
-33.05
-11.68
3.34
-68.32
33.84
-22.25
48.7
-43.06
80.51
7.49
-210.39
-12.66
-58.81
-13.35
23.8
-1.55
4.19
18.9
34.5
0.95
22.79
95.23
-25.06
0.8
6.8
-9.38
12.62
-26.98
8.24
-67.95
-169.45
-3.12
