33.94
30.04
11.08
-10.6
9.47
-5.42
-8.84
-176.17
-69.64
1.73
-81.21
3.46
-69.99
-11.69
8.29
9.1
12.76
-58.5
0.9
-13.39
51.96
39.58
-35.2
34.85
2.4
2.23
15.74
-10
-85.7
-37.51
12
19.93
-3.05
-51.66
-19.88
9.9
-20.36
5.9
-9.82
31.86
-4.14
-6.82
46.94
-1.5
-0.81
11.78
-4.35
36.38
87.73
-26.27
28.85
46.69
-50.62
37.92
70.18
8.06
-16.51
-10.82
14.4
6.79
-19.5
-1.18
-5.42
-0.19
-8.09
35.08
57.29
33.57
-142.64
10.07
66.87
-56.54
-17.07
-165.99
13.15
-38.1
1.63
8.7
47.66
8.81
-176.31
110.59
1.83
-10.23
-127.56
14.77
62.63
8.87
17.98
31.03
-25.33
-52.7
-8.55
26.39
-12.44
-19.37
-43.82
2.99
-43.71
-146.97
86
3.69
-5.23
6.85
7.12
-1.47
41.61
75.59
-7.35
-11.79
-9.17
-244.08
-55.48
93.26
27.01
-24.68
75.45
29.2
-10.73
-11.99
29.43
-7.81
18.58
147.66
5.68
50.28
-13.1
-11.83
22.4
-12.36
-10.63
61.95
-0.24
4.5
-21.84
-4.37
19.5
-3.93
-2.89
11.86
-24.23
18.5
-0.8
9.56
34.87
19.6
1.07
11.71
-9.37
102.85
-11.71
53.39
-115.07
-2.93
-5.22
8.35
36
31.62
-44.06
-3.52
50.32
-16.98
21.64
12.7
-8.7
8.61
-102.02
63.77
-0.38
-15.14
-1.68
10.66
34.19
-91.7
18.41
-12.02
11.73
-13.22
-9.66
0.09
12.91
-3.1
20.76
-27.05
39.91
-29.59
-114.54
47.59
-54.35
11.62
0.54
-17.41
-172.21
-13.18
54.12
10.43
44.12
3.01
184.07
-22.11
28.1
-72.36
8.22
-4.21
46.84
17.29
2.9
-32.05
-3.31
-40.35
35.18
6.64
-8.99
-14.27
-2.4
-8.33
-0.88
45.86
7.99
-8.39
23.25
-55.32
-23.6
-4.1
-2.25
5.32
5.43
5.62
52.01
-21.39
147.57
12.28
-130.86
-41.95
13
-36.1
-0.78
-103.02
45.4
-9.5
25.64
-6.13
35.62
38.96
-88.13
3.04
-38.04
-8.59
25.89
14.28
59.73
9.25
-41.39
-21.74
122.59
73.72
-69.31
49.35
-1.1
12.63
-69.31
81.7
-111.75
-11.13
12.99
-339.8
70.71
136.01
12.91
5.5
19.88
-69.15
-50.08
-22.35
15.37
1.6
2.4
-13.94
20.97
4.06
-157.9
-5.88
23.84
-6.67
-111.63
23.2
6.81
-9.35
8.21
36.66
-10.5
45.92
-2.36
1.48
31.19
-15.31
6.62
10.64
14.84
-114.22
9.64
3.81
9.87
8.71
-11.01
3.3
26.07
36.5
3.94
-1.35
-15.43
38.16
53.25
-36.1
-34.78
-193.94
-58
-8.78
-1.98
30.67
9.02
31.86
7.08
1.89
43
32.1
24.71
-56.31
41.01
280.85
6.64
4.64
-9.04
15.66
67.93
1
-87.72
60.99
-3.85
-18.34
-5.55
57.82
-76.54
-6.52
27.78
14.14
-10.3
27.46
1.37
-4.87
-10.07
-34.18
-32.29
-8.96
-6.64
-1.63
-36.66
50.31
-2.64
52.19
17.65
-15.63
39.6
5.48
-35.11
30.5
15.68
4.12
5.98
31.94
0.07
32.86
-1.68
9.12
45.48
33.31
-59.01
-185.11
-11.16
-57.26
47.45
9.2
-5.62
-13.12
-8.48
-1.56
-9.92
13.27
211.84
38.83
-3.67
-29.37
15.84
-90.33
1.14
-10.53
-157.03
72.85
21.3
-7.91
17.09
-2.25
5.98
-8.16
-7.14
13.78
-10.6
-11.55
9.98
8.58
-1.64
3.95
164.3
11.48
-12.79
6.06
-7.62
4.08
-26.82
-3.69
11.44
-18.43
2.61
49.66
-14.46
-58.88
7.14
-13.57
9.19
60.29
62.86
8.9
-88.18
12.42
2.01
-17.57
2.53
18.61
39.24
-16.33
-28.71
-1.02
-11.23
4.07
-41.44
-71.91
48.86
7.19
7.35
2.01
-0.28
-69.22
-7.3
-10.32
-45.97
-53.91
1.44
-1.45
18.08
-0.96
-52.89
-27.17
81.97
-77.76
-10.68
62.17
-11.79
33.22
-46.51
-13.55
-5.24
-79.81
-22.09
9.88
28.42
-23.86
2.22
87.11
-13.73
-34.67
-9.19
8.81
-32.84
-4.8
-4.27
-137.78
-6.51
-29.39
-19.33
-63.1
9.98
-4.65
-11.18
-24.63
-7.83
2.87
89.21
-29.36
-0.38
14.14
9.92
86.09
86.2
45.45
-11.06
-27.68
-58.33
-12.41
-18.55
19.25
-2.44
-4
16.67
-7.21
2.19
5.44
-5.6
5.01
-57.13
-24.74
-19.35
39.28
-9.78
-150.66
44.05
59.07
-15.5
-12.49
29.12
33.91
103.13
9.01
7.29
15.31
-6.75
-3.44
99.38
-31.87
9.09
-16.63
31.41
-6.84
-468.36
39.39
24.77
-4.49
39.53
43.09
17.97
-5.58
-3.33
-114.73
14.95
-62.41
10.33
-9.79
3.75
11.46
-171.42
2.76
-19.27
4.88
48.68
37.57
-8.09
-128.39
3.7
-13.23
38.96
19.91
-140.75
-37.53
-52.11
58.75
3.24
43.15
-4.43
69.77
-4.33
-46.55
45.76
4.67
60.73
-10.15
9.51
5.75
3.73
6.06
17.51
3.26
-5.73
7.04
15.66
32.04
32.09
35.93
-9.27
10.97
-61.34
-58.32
12.35
73.41
-6.5
2.95
1.26
9.77
12.39
-4.8
-90.31
19.5
-8.41
41.34
-95.16
-0.82
-53.87
-27.7
-8.3
-5.94
11.88
35
38.12
-17.99
28.95
-8.75
-16.27
-9.15
-49.37
15.8
-10.3
-27.81
-8.45
-3.75
-4.97
11.43
7.81
10.29
147.88
85.71
73.38
-31.23
-11.04
9.98
9.35
85.47
2.01
20.19
105.96
12.76
-16.28
23.2
27.34
34.11
79.42
-19.19
-65.57
3.63
-14.87
-12.79
139.39
7.28
37.41
-12.89
-16.51
-45.76
44.27
-72.56
-30.59
-8.1
-63.75
6.7
-29.21
49.21
-8.86
-62.91
35.3
-15.04
-10.73
45.92
-58.5
32.5
-4.13
4.85
1.34
100.57
26.15
6.4
-12.31
-495.49
-28.65
3.47
-3.49
-64.43
-34.8
-17.2
-73.34
57.44
-2.6
21.25
8.43
47.86
18.76
-28.26
-38.85
57.14
6.9
6.38
11.6
0.46
-49.88
-78.76
-79.32
57.4
12.75
13.59
-18.52
18.83
39.65
20.81
3.28
-142.04
-1.66
-15.21
40.39
-2.45
12.71
-8.34
-11.43
74.42
9.96
-0.42
9.53
20.47
-13.33
-46.69
27.97
-8.48
8.72
28.39
-130.19
8.86
-1.02
19.56
0.4
-11.52
39.2
-0.93
11.66
28.04
45.85
38.15
-161.26
-23.1
-6.86
-38.63
42.04
7.92
-12.9
-24.67
-0.7
6.71
-41.9
4.36
28.04
-20.18
-65.93
-6.77
14.01
80.75
-6.4
8.65
12.57
-7.85
15.73
-9.2
-1.85
4.53
33.88
-108.98
-33.33
67.22
-65.45
108.14
-3.77
-115.22
90.53
-28.97
-1.88
-30.78
-54.31
43.95
21.58
11.97
-8.37
5.42
-65.45
-8.58
9.99
-32.12
36.89
-8.26
22.23
49.52
-53.1
-13.33
38.66
-5.95
98.73
14.96
110.74
93.63
-9.76
-29.37
-201.14
12.09
-9.96
8.69
21.46
-62.21
-32.9
14.91
-4.68
-12.08
56.43
20.59
-8.54
-32.72
68.69
-9.11
-6.32
66.5
4.88
-6.57
-3.75
-14.8
-7.18
6.61
-2.83
19.95
39.09
-68.76
67.81
8.86
2.36
-10.01
0.11
-11.14
-16.17
-17.91
29.45
16.39
5.58
-23.05
-26.58
-18.34
7.9
-9.34
-72.95
-16.16
29.57
41.26
9.02
8.25
12.91
-24.1
-18.66
-2.72
-26.69
7.89
0.72
1.67
-21.08
-57.57
-38.56
11.26
-32.96
16.41
11.78
-53.73
15.69
-36.15
-3.97
80.86
-18.88
214.24
-10.9
-2.21
44.5
6.6
5.77
48.3
-40.42
-14.26
20.87
10.18
38.82
-9.28
10.42
42.79
78.61
-2.43
-18.31
-29.37
5.15
-17.55
-8.95
41.51
16.81
5.87
11.03
-7.95
-1.88
93.61
36.62
12.89
-7.02
-39.39
29.06
35.55
-60.69
15.41
124.45
26.08
2.3
9.17
11.87
13.28
-4.28
-96.56
51.4
4.32
10.89
75.49
23.47
8.19
13.18
-9.52
-11.5
15.86
28.64
-0.49
-164.72
-17.86
-13.35
18.58
-43.52
39.79
-9.5
-10.36
63.3
16.53
-66.57
-6.81
-18.72
46.35
5.68
11.12
-17.64
-3.66
-4.25
-8.33
-70.33
-10.47
-0.49
17.65
44.26
-0.71
-147.67
-13.31
32.75
90.48
-5.95
8.07
-94
20
10.33
-6.26
4.79
-25.24
115.74
35.89
-1.84
9.82
-24.59
-2.96
4.29
5.76
11.05
34.2
-2.44
7.48
-1.96
16
-4.09
-133.66
0.98
53.16
-25.2
22.91
-79.18
-29.76
2.89
-6.32
-88.56
9.59
-33.36
-31.09
9.68
13.95
28.6
-6.6
-68.67
-32.17
-3.15
51.64
-65.36
61.54
6.24
101.86
-19
60.01
-14.6
2.13
3.32
7.87
