11.97
-4.69
76.51
10.07
-81.1
-6.23
18.77
-46.16
-33.71
-7.02
-18.23
54.34
6.92
-47.34
-2.47
-9.16
-54.08
-85.88
6.7
-2.31
6.12
12.22
50.56
-1.69
-70.18
-1.62
19.38
192.3
-24.19
3.24
9.98
69.53
4.99
-42.83
1.02
-16.58
-20.04
11.87
29.89
-13.48
-3.22
2.08
7.87
14.45
5.46
-13.4
-58.17
82.87
30.16
-8.47
-3.42
-90.8
6.53
34.28
8.57
-30.35
-30.67
-4.25
52.16
38.52
4.59
108.29
-23.51
-10.37
-42.13
-2.18
19.83
-5.28
16.63
-28.15
5.72
-33.71
-19.82
14.41
8.6
-49.15
-3.41
-11.15
3.53
-13.57
-5.54
74.11
14.67
-42.6
-36.47
-29.99
-3.92
0.64
22.52
-5.79
10.23
11.94
-10.83
48.67
21.99
-61.34
1.36
-76.53
-5.17
58.96
74.1
58.39
-100.6
10.55
54.89
104.8
12.61
-22.53
19.47
43.68
-101.73
2.17
23.97
12.38
-26.21
-18.89
14.58
27.71
-1
84.52
27.82
-4.93
-74.72
-142.54
-1.39
44.22
-23.62
-8.63
104.05
-24.25
5.81
-7.99
-76.5
2.1
-77.05
2.59
-8.31
15.66
11.76
-201.63
-30.47
-5.39
8.57
41.69
-45.18
16.63
30.54
12.1
-79.92
34.81
-3.23
-50.75
103.5
36.35
3.15
-11.13
-8.48
13.39
30.88
-8.45
-71.25
131.48
-0.77
-2.1
26.21
-17.38
79
-9.51
33.43
24.72
-123.16
123.36
-7.44
-24.43
-69.4
-4.27
-82.81
1.04
7.62
-29.89
16.42
31.65
-49.4
-23.72
-178.83
-51.11
9.93
67.01
5.4
5.24
1.39
-40.4
41.34
-4.82
237.34
-3.13
11.36
14.39
-8.94
-24.74
-2.01
39.47
30.18
17.25
43.73
10.85
26.88
-32.15
-21.92
-43.96
16.48
83.83
9.15
-4.16
-18.16
-93.73
-10.89
4.51
-18.63
3.42
-1.51
80.17
8.59
-54.09
50.94
7.16
-10.68
11.45
97.07
-19.77
1.61
43.14
4.67
-53.24
-7.85
-13.97
2.55
-1.23
0.58
235.16
-1.02
-11.41
-9.94
2.39
-83.31
-9.74
-58.34
-69.36
-10.47
4.85
54.49
14.19
43.03
3.83
-11.37
7.5
-102.65
0.72
34.97
-3.86
32.41
-60.09
13.75
-11.4
-23.21
-19.38
-3.27
68.28
43.04
6
-14.03
34.41
-60.46
21.07
18.32
-12.27
21.13
-20.83
10.25
-1.22
11.17
9.36
1.51
4.62
-15.41
7.59
37.8
43.08
-5.84
82.99
-0.04
28.74
9.41
20.86
64.08
-2.2
-8.64
21.4
36.99
118.9
44.53
-5.89
-37.33
-65.77
-23.08
41.4
-12.53
42.18
-1.15
5.47
-9.13
16.36
-2.47
-5.75
-10.36
-2.12
3.17
-33.13
5.47
-55.99
-158.62
-12.45
-11.74
-15.18
66.96
79.82
54.73
39.87
102.29
7.53
31.4
-6.31
13.46
27.04
48.94
9.9
-3.48
7.27
77.89
-27.56
1.49
-13.23
8.21
-18.79
-6.09
6.33
-1.13
-5.89
42.38
18.44
-70.28
83.64
0.87
199.89
118.08
0.93
12.83
46.71
33.5
-9.15
75.86
-8.43
-76.51
-78.48
48.31
-68.97
-19.17
27.56
40.34
6.39
21.86
51.67
86.61
-30.89
11.27
27.7
-26.59
33.41
22.17
-8.38
25.07
114.79
-6.51
-9.09
-127.18
4.22
16.68
-85.84
-4.53
-17.74
-18.6
5.47
3.7
16.88
10.58
17.12
-8.44
9.61
-27.64
4.54
42.22
-10.16
26.81
-75.53
14.58
-4.73
48.56
-3.86
110.03
-3.34
-35.84
-25.16
-106.25
14.52
-62.59
8.93
5.89
-27
-10.7
-37.74
-15.92
-111.46
-8.15
-92.55
-5.52
-101.47
-9.15
182.9
8.61
11.06
-8.92
-7.05
-31.92
-25.91
-30.46
-33.51
-2.09
6.02
10.05
-12.73
83.37
-179.1
39.42
-40.15
23.08
-47.66
-23.63
-42.17
5.99
21.06
-11.94
-6.15
-110.51
72.46
3.2
19.13
-9.46
6.15
62.74
-17.11
-63.06
-67.69
-6.18
-7.01
-73.91
13.91
19.42
-62.1
-85.32
11.29
-34.17
15.48
-58.32
114.59
11.96
-17.51
17.19
15.72
-34.66
4.3
42.75
-12.08
-9.12
-0.01
-10.36
-11.13
7.62
9.1
-29.7
-197.09
-3.4
-73.76
-17.69
-35.05
-41.54
-39.7
6.98
9.67
12.52
14.68
54.15
5.58
11.81
-9.96
5.02
49.78
42.31
-4.11
15.41
-13.97
26.7
73.11
5.28
1.7
-9.05
71.18
1.93
-106.07
-7.75
-94.05
-35.82
-10.64
-0.38
48.72
130.91
51.07
45.1
-7.02
-3.24
1.4
32.51
-39.03
-11.28
44.84
15.24
-17.97
-53.01
-10.84
11.99
2.59
-6.02
-203.64
64.51
32.8
-25.52
-8.66
12.34
-264.84
-12.02
33.09
67.5
-22.53
-10.01
-135.22
-2.98
-24.35
25.73
-66.17
15.3
-9.63
-9.21
-7.28
-11.6
-1.58
36.17
63.15
110.95
-19.62
1.67
-8.25
-25.6
7.52
18.33
16.1
-8.86
8.23
-36.78
2.91
51.81
34.66
-2.01
-5.1
18.16
-54.74
21.38
-11.21
0.05
13.99
15.59
16.31
-2.03
11.94
-13.39
7.32
70.95
12.37
-10.8
41.16
-123.87
-12.44
-39.57
-7.11
20.54
88.39
27.08
-6.31
10.15
9.22
1.42
-9.74
4.41
1.55
11.53
-19.69
176.19
39.45
5.91
-16.87
-0.54
-52.31
-10.69
-8.74
-12.96
9.5
8.9
-6.7
-12.51
94.81
20.27
-6.89
24.97
-198.16
57.18
-10.6
-26.22
-18.64
7.4
-34.23
1.51
-40.83
3.38
-53.98
-115.18
-21.11
15.35
9.02
11.54
19.29
10.16
-11.92
60.67
-52.03
18.56
-2.81
27.71
46.31
-3.89
19.84
-4.71
-18.54
-6.28
-14.75
-19.61
-53.56
1.99
-2.85
64.85
93.49
-29.91
49.98
3.07
20.82
-237.4
60.79
-4.82
-1.46
-6.38
-5.21
32.81
1.12
4.61
-51.12
9.17
-21.73
43.37
-35.97
-11.13
-46.9
-3.79
12.19
-0.42
-6.77
19.95
21.15
-0.25
10.57
36.62
-2.64
7.71
8.39
15.55
-38.07
-62.85
-3.12
17.22
-34.25
14.13
-7.93
7.88
-69.89
21.72
-4.19
-113.75
-84.58
3.84
144.61
-2.53
-65.18
-58.29
-6.94
127.73
0.72
13.5
15.43
-14.78
-8.78
42.81
-1.95
2.3
21.12
-1.03
-11.95
-12.02
-7.56
86.91
-6.34
-15.5
-3.41
-2.23
-1.72
5.05
29.75
104.77
70.52
-11.6
46.27
-4.84
1.43
-1.99
-129.35
38.3
5.56
13.86
-5.54
-2.69
68.98
-9.61
-0.65
61.11
42.68
-48.11
97.17
1.49
19.02
28.27
-0.99
33.9
-8.92
-6.64
5.78
8.35
-62.47
-9.61
-3.82
-69.42
23.19
-14.07
-36.96
-85.33
-11
-18.33
-10.21
-61
8.64
10.06
-41.12
72.83
-70.02
-128.98
5.77
-17.52
57.69
-3.6
-29.65
16.73
9.28
-0.68
88.62
136.1
12.4
0.01
30.16
-9.72
56.85
-58.68
12.62
15
23.79
6.89
6.8
-9.5
-72.66
-10.92
-0.17
-3.22
5.99
-8.55
-9.17
15.26
31.08
-12.91
16.94
14.32
-44.36
-104.27
-8.17
6.26
-25.12
36.36
-29.64
-19.58
-7.58
157.91
56.22
82.56
98.78
59.91
-79.89
-47.65
5.77
0.77
-9.75
-3.97
14.8
-28.78
3
-9.93
-49.53
21.71
-0.23
-3.68
3.99
7.13
-79.91
9.38
1.92
8.42
-29.28
-15.31
-83.29
29.19
14.93
-8.15
-109.58
61.56
142.96
-3.89
13.5
-8.27
167.83
-0.31
9.29
2.64
15.17
-0.05
-4.51
13.5
38.27
4.5
50.51
38.21
-8.15
2.24
8.94
-1.09
-17.35
-27.72
1.68
-3.75
-15.13
-194.31
41.28
-1.43
4.15
-24.29
12.02
-3.93
35.1
15.58
-81.45
51.38
-60.41
130.98
-6.01
7.67
3.18
-27.26
-28.45
-76.86
16.96
58.95
-23.49
-192.3
19.04
12
75.08
-70.02
9.68
-9.49
13.04
-24.54
6.54
15.41
-3.1
10.54
-17.41
-45.44
15.35
-57.93
-60.28
75.1
-131.19
41.05
5.32
23.93
7.05
-23.48
-9.77
42.86
-4.37
-6.79
5.32
-1.8
-9.41
7.66
4.3
318.36
104.93
-1.45
-44.34
-9.6
-0.24
27.71
-30.03
5.65
5.66
-65.54
-7.08
-57.81
11.78
83.87
-24.75
17.16
-51.49
24.7
-14.58
7.55
21.3
-9.04
49.32
11.18
81.96
-114.52
-6.32
4.84
9.55
-5.78
-69.92
16.12
-33.15
-1.92
8.69
7.37
6.77
-127.03
23.89
6.66
7.27
7.07
2.48
-12.79
48.67
11.79
10.16
39.01
90.19
98.39
-72.76
24.27
56.57
-24.51
-9.69
-2.77
10.73
-23.42
56.41
64.19
5.06
-6.98
-5.86
-38.63
-12.16
-2.14
32.63
-15.75
8.48
12.93
-10.29
2.04
-45.87
-84.56
31.59
-16.63
30.3
