10.77
7.03
4.22
-14.7
20.48
7
-25.63
-8.07
18.5
8.68
6.85
25.44
17.42
22.56
-11.8
-7.05
-57.57
11.06
51.83
62.72
8.85
108.57
3.79
-11.81
1.26
13.34
71.97
57.33
-43.18
-5.43
7.24
10.36
-79.93
0.71
-111.47
4.27
2.43
-1.52
-4.78
-48.95
-0.13
16.25
6.39
21.13
-45.39
54.61
-23.02
21.97
-11.23
-24.63
76.54
-17.46
54.42
8.49
-9.99
-145.14
-12.4
-143.72
-39.98
8.74
-36.91
-7.94
-90.23
-55.16
-38.64
-77.23
-9.87
-49.13
168.92
57.5
3.72
-3.55
39.49
-24.53
-61.12
5.84
-24.17
-27.46
-110.75
-6.74
-6.63
8.11
61.11
137.4
-18.34
7.47
56.09
-33.32
94.72
14.75
-103.56
13.55
-63.46
2.29
32.65
19.95
19.19
-43
-21.8
12.07
-58.32
69.98
-3.33
4.62
52.41
9.59
-221.09
113.97
-9.98
6.07
75.41
-172.59
38.74
-38.31
14.44
-6.77
-22.2
2.65
6.64
-24.72
-1.89
28.21
1.07
-13.03
-8.7
28.56
29.86
127.8
4.96
-6.2
-31.78
12.35
39.29
74.29
-128.61
-17.43
4.75
-1.17
-10.97
4.17
-36.34
-35.46
73.45
57.01
-6.4
-10.12
-73.42
59.53
108.21
41.74
-45.34
-110.75
24.13
34.65
44.95
10.01
19.12
76.91
-67.37
79.02
-0.62
-14.09
20.07
52.64
-37.02
83.69
5.34
17.63
-88.88
-46.11
-2.46
-40.74
12.13
0.16
14.03
164.54
73.89
-43.53
-3.66
34.53
-20.12
-6.97
-11.23
-1.1
20.89
-8.09
-48.5
50.65
-12.15
-24.32
-4.02
7.13
-13.6
-5.65
-44.1
14.06
-30.23
-10.41
-3.54
-38.02
-14.4
-17.87
7.28
-0
-23.99
-90.1
14.41
-9.7
39.67
11.4
-10.94
92
-2.46
-0.66
-4.46
0.47
-18.26
35.18
-2.85
-13.56
5.38
11.78
-5.11
-16.18
50.09
1.68
-36.91
149.69
-43.94
131.56
-102.01
67.06
90.79
12.12
-6.63
9.98
-32.53
-46.64
13.86
38.07
12.43
-31.13
7.04
9.51
-14.13
-29.44
48.56
-7.36
-74.06
7.9
1.14
-3.63
30.49
43.57
-40.46
44.59
-75.82
48.55
-4.3
29.81
-2.64
13.94
-5.76
-1.68
-107.51
-4.88
5.4
-16
93.69
-42.28
93.09
-18.17
-6.25
94.37
-1.13
6.66
9.97
172.16
-22.34
31.28
32.67
53.04
-8.08
-175.18
-4.77
31.64
-2.05
98.09
3.62
3.78
6.26
10.69
-12.29
71.09
-5.8
23.07
9.4
36.45
-28.93
-75.83
43.91
-80.2
92.13
30.64
8.22
8.14
-19.18
143.62
30.47
-24.44
-10.08
5.3
-4.03
-17.72
-50.95
134.47
12.06
-0.36
9.11
7.83
12.56
7.66
5.87
-29.87
-129.12
1.12
-5.27
5.79
0.63
28.69
-34.26
-2.74
0.37
-173.02
124.86
-75.24
-9.04
-25.46
-3.2
9.08
-0.4
-10.41
-29.39
-19.17
1.77
107.59
57.57
-2.51
3.63
-5.56
-0.05
8.6
-37.03
3.78
70.34
-79.02
-9.5
0.62
-44.4
11.17
-12.17
-3.84
6.64
-2.89
-74.46
93.11
4.03
-11.29
-24.83
28.24
7.72
7.34
122.52
13.28
45.68
-32.47
-58.12
75.97
11.74
-5.37
12.22
-164.48
-38.1
1.16
-8.31
130.83
-171.46
-8.44
6.94
31.46
35.25
6.92
65.88
43.58
12
-67.9
-31.57
-12.45
-30.81
-0.71
-175.12
32.36
7.25
45.51
15.41
95.78
-11.61
-13.14
-13.43
6.64
5.85
-110.4
-4.07
-4
-5.21
34.75
71.78
-68.64
17.59
36.01
-101.63
-11.88
-12.01
-48.91
-8.07
-86.52
7.82
-3.01
-12.05
10.27
13.13
176.35
-68.84
-1.06
8.34
8.98
-79.96
108.54
18.56
89.49
-7.74
-13.85
-12.96
13.16
56.05
62
-13.3
-217.89
-187.97
6.77
-20.03
-10.16
-15.59
3.86
-6.1
-74.47
-2.57
13.46
-5.81
-59.99
0.69
9.17
-25.85
-166.21
141.17
3.93
42.51
-0.52
-22.02
22.47
26.86
-60.2
56.61
0.81
88.87
6.74
-61.7
23.95
0.3
9.52
10.71
-12.69
13.49
10.09
93.32
74.26
-7.86
5.72
53.93
84.95
3.13
-7.48
4.74
-66.02
70.07
-86.57
51.86
14.84
47.35
-6.33
-1.06
129.34
32.59
-47.88
-36.37
-42.19
-16.04
-19.94
-6.86
-14.21
21.77
2.59
63.88
63.09
-10.09
-8.11
-18.25
-8.05
-86.34
-57.98
10.43
7.08
-15.83
67.64
-33.08
6.52
-128.51
5.33
5.11
24.29
30.63
-231.03
-10.06
43.52
103.71
-1.58
-23.47
80.59
-29.72
71.17
-50.24
-60.25
-12.64
43.01
-56.38
59.55
4.38
6.43
90.7
3.14
94.65
42.18
3.9
-63.83
3.36
-9.54
11.96
6.29
3.9
-0.39
42.08
19.93
19.22
-8.15
7.62
-2.46
-5.17
28.84
14.08
6.25
-17.42
-42.4
116.1
13.65
24.67
-5.38
5.84
-81.02
25.14
34.03
-5.69
-10.16
-0.24
-30.25
17.23
-10.44
-1.6
6.28
68.15
5.54
11.84
54.62
-27.55
-37.5
-13.74
-3.76
-53.55
38.07
16.35
14.14
2.87
128.5
5.92
-3.36
14.87
-40.74
7.18
12.61
10.89
87.36
-57.94
186.66
6.43
45.23
-33.56
-25.64
-42.39
-5.99
1
-19.99
-114.26
54.13
8.83
10.21
0.67
-18.71
12.74
20.43
-1.17
18
45.82
-10.15
30.77
6.17
3.33
-8.8
-26.56
-33.86
10.61
-10.54
41.38
92.74
-174.82
-5.01
-22.48
-110.24
26.31
-2.25
-72.18
1.52
0.07
10.69
11.7
16.78
8.1
2.71
33.8
101.34
119
-6.87
-114.58
-6.14
8.74
-8.73
-19.4
13.31
-40.98
-6.79
38.5
-3.41
12.3
29.65
88.54
-13.4
-11.48
83.59
155.04
1.39
-9.34
-8.93
-9.94
59.45
-7.23
-6.06
94.38
47.36
-120.25
-13.64
-78.21
-5.54
-8.25
-5.95
-36.49
-38.79
27.79
-52.41
28.71
-6.21
-20.11
32.61
11.5
16.74
-5.41
-3.25
20.65
55.91
82.76
-71.32
50.71
13.28
83.76
3.1
-8.01
-8.94
-25.93
94.62
23.7
3.03
11.48
38.85
12.61
-26.84
-11.32
10.23
-0.36
153.51
-8.42
-53.91
-12.34
-112.62
154.69
-8.12
28.37
26.41
-5.05
-35.02
-14.55
46.75
-10.09
47.47
28.55
10.56
-24.56
31.82
-87.45
10.71
34.61
-8.3
18.72
-1.94
36.65
-27.85
-14.4
60.32
-35.22
-17.97
-13.23
19.08
56.51
-5.45
-5.52
8.43
-145.53
37.29
2.69
-12.05
2.51
-7.73
24.96
3.02
-106.51
-38.5
31.86
14.05
-71.59
-11.91
-7.48
-58.16
33.35
22.66
14.52
1.88
-15.58
-5.64
13.5
-56.96
14.46
12.3
-15.39
-20.21
-27.29
5.46
-57.78
-190.8
-35.02
3.69
50.85
-1.19
-12.08
-45.59
-42.86
-38.13
99.61
12.86
11.82
-9.38
-27.49
0.65
-20.2
5.42
0.29
78.28
-17.75
17.19
-2.75
-9.36
3.25
9.3
-0.48
18.08
-51.04
25.12
10.51
19.44
-83.55
13.33
-0.34
-5.59
-197.33
-67.33
-284.55
-104.17
-4.96
82.01
15.39
-2.48
12.36
-45.83
-5.17
2.25
-7.3
22.22
0.85
16.04
-2.38
43.61
26.44
4.35
-10.45
78.06
-22.13
20.81
56.05
-122.54
-13.69
-8.42
-32.1
-39.68
10.03
64.55
5.69
38.84
-27.37
-10.9
-34.58
21.04
7.82
78.36
-2
-8.97
3.79
99.8
-42.46
147.57
-11.09
12.61
-8.35
-4.56
12.9
-49.75
14.33
-0.06
2.46
8.33
10.99
26.45
-3.37
-29.08
26.72
13.18
-50.36
-34.88
0.15
30.46
-6.53
-25.54
8.78
-22.9
-10.31
-8.92
-80.88
7.18
10.9
51.58
2.55
2.94
-13.05
-16.56
4.06
-2.99
-27.54
6.68
-13.79
-7.19
-64.08
229.48
7.81
-7.67
26.73
-8.89
30.47
10.42
2.64
34.42
-1.97
9.6
-1.49
-13.24
-35.37
64.93
5.17
-9.79
-2.65
-17.43
-0.29
-81.55
20.8
-84.78
112.95
51.56
82.6
9.9
-9
-72.03
24.93
-20.23
-30.4
-14.62
121.6
25.47
81.84
7.93
3.32
-21.09
2.25
2.22
-10.18
13.46
53.14
-6.67
-19.39
73.22
62.98
-14.4
-10.96
14.27
-11.33
121.94
18.86
-9.5
2.31
6.94
-1.61
-29.08
13.98
11.3
-9.1
-46.92
6.99
-54.91
1.58
12.18
107.52
36.52
69.11
9.73
-10.47
-3.06
47.1
29.93
72.9
-12.32
4.13
-33.25
-8.19
-9.41
-13.51
57.49
-18.44
-64.34
58.57
26.72
-53.55
-9.05
-46.3
14.44
5.05
2.04
2.12
9.84
10.18
21.7
42.37
33.92
11.96
-7.01
10.94
-80.28
3.12
54.23
-177.57
-6.2
-37.8
11.11
