26.64
12.52
-24.38
-1.53
1.29
57.41
1.89
-178.83
-27.92
-25.48
28.91
9.15
13.24
-29.88
19.98
11.83
44.32
13.54
-41.7
-22.18
-43.69
81.25
-121.72
-124.37
79.46
7.4
-9.28
8.75
-5.43
10.86
7.59
16.43
-0.63
-36.61
-6.53
47.6
-2.49
10.1
9.53
-10.28
14.68
30.22
11.08
4.13
-66.46
30.64
30.9
9.02
49.77
33.15
-24.39
-28.81
72.03
-120.73
-105.46
-7.57
-7.73
7.05
4.44
-12.86
-8.26
-56.62
-10.25
14.55
-8.46
4.14
-235.94
89.19
2.74
-14.23
-33.4
7.81
12.81
-10.99
-51.58
2.79
21.81
-32.88
74.01
7.89
6.4
5.8
-197.42
-5.73
-5.73
27.24
-12.04
15.96
38.78
10.42
-16.37
-21.1
-33.94
41.56
-14.63
-22.13
-132.23
9.38
-8.73
8.27
32.58
12.52
43.24
-4.12
148.57
-89.56
-110.29
67
-31.01
-17.72
40.27
4.45
2.82
-9.54
31.12
15.37
-7.08
39.95
-57.93
96.34
-38.95
4
4
11.54
-4.47
11.62
11.24
-10.91
-25.44
-2.51
-5.78
-0.06
-11.27
6.76
-11.86
-31.25
-10.6
6.61
-15.16
-57.36
74.54
-35.39
-51.88
-0.44
3.51
-3.2
-106.85
65.02
-36.79
-21.54
49.11
-12.8
40.58
4.37
-162.26
3.5
3.76
-15.9
2.67
-9.75
78.42
1.87
9.46
3.79
-16.46
-31.87
15.19
-6.08
46.26
58.7
27.73
9.25
-67.33
32.27
-4.01
26.12
13.91
-15.37
-1.64
2.78
49.02
23.3
6.88
-6.63
81.97
9.95
-94.43
9.98
-82.2
22.82
89.91
1.28
66.45
31.54
50.47
-7.06
-95.78
-71.88
5.66
39.09
2.95
122.64
9.1
16.02
12.57
18.39
-4.3
0
-147.42
9.48
0.05
-35.98
119.69
2.99
5.64
28.99
-45.04
13.18
0.23
10.35
-3.54
-6.5
10.53
-3.56
-12.06
-7.73
82.34
-138.56
11.81
41.78
-8.26
7.33
14.88
-58.56
8.89
-14.04
28.73
14.72
142.33
0.08
53.62
-21.95
101.78
-35.05
-0.02
14.99
-65.5
-19.98
-11.06
8.17
1.22
12.95
12.56
61.93
-30.37
12.66
10.8
-6.98
44.6
-24.84
32.69
60.84
-54.68
-3.62
40.74
181.19
-36.58
-10.35
12.61
9.73
10.58
-17.58
-11.03
-10.42
93.35
40.5
-91.08
70.38
21.59
-26.01
-22.2
-15.28
81.02
-2.57
15.13
75.12
-18.04
-41.04
-6.35
-10.06
451.72
-11.04
5.28
-33.08
-24.45
-7.09
32
-99.55
2.73
-4.41
-15.72
36.46
106.03
-2.04
-63.71
-1.96
8.73
24.51
6.11
23.25
37.32
-5.23
4.77
-192.31
-43.95
-80.3
6.16
-12.46
-54.69
4.41
-19.31
1.48
-1.61
-101
38.32
4.33
46.42
-7.83
-1.83
-107.29
15.42
-29.32
-6.16
-156.45
-71.62
8.14
13.94
-39.43
-19.23
0.37
-8.37
-6.16
-27.92
-17.98
-41.53
11.11
8.62
-0.1
75.96
-18
-5.66
9.74
-12.9
3.01
-28.18
67.16
54.15
94.28
10.99
14.81
19.28
10.86
-28.53
30.11
-6.56
-2.77
5.84
91.77
10.3
-5.77
9
-29.85
18.75
46.54
4.49
9.61
26.24
-12.2
-28.47
89.69
-37.03
-9.99
-23.35
-5.34
3.6
-7.69
-7.43
-3.85
-23.98
8.29
12.04
57.65
-224.18
7.37
27.44
3.26
-10.54
-7.62
-11.92
2.74
15.74
1.45
42.3
27.77
-6.24
4
118.21
-20.52
-54.84
10.35
34.99
10.37
-107.68
32.13
56.07
5.66
-22.51
11.05
-99.22
27.35
4.43
12.51
11.57
31.48
3.56
22.91
12.23
-0.5
-87.58
12.62
1.46
-9.32
12.08
16.53
-9.83
9.76
-20.3
-9.12
0.49
-2.86
-64.1
27.22
-2.49
-18.24
14.56
11.82
13.47
101.46
19.06
13.4
-55.24
-33.14
-23.8
59.54
9.05
64.05
-4.27
37.36
4.68
-50.68
-70.06
61.75
-7.6
-75.41
-4.8
62.25
22.99
-51.91
-4.87
116.89
-6.97
-9.74
6.82
-7.73
53.68
18.84
42.06
32.69
-1.56
-10.58
78.68
10.13
3.67
2.05
5.87
7.48
-1.89
-97.6
59.64
0.36
0.94
190.88
-263.41
-0.31
-110.17
32.94
15.68
17.9
-10.94
-40.44
3.94
45.88
-57.74
42.04
142.89
-75.31
-3.26
86.26
4.39
11.6
-13.35
-3.93
38.94
-6.99
-1.05
114.14
4.37
93.98
-10.54
-8.06
-10.18
30.43
-18.98
17.56
9.32
-109.14
20.53
8.86
-15.05
161.2
49.09
24.02
21.56
-20.3
28.41
105.01
12.21
66.06
-0.2
-5.5
-1.2
27.2
-37.23
37.54
31.4
-148.95
41.23
82.47
53.35
8.4
-49.93
-154.58
-8.6
-16.19
31.14
-0.26
-0.72
15.61
57.06
12.38
23.38
-44.78
83.23
21.97
-20.65
-17.56
26.8
8.8
90.44
5.59
-3.88
11.87
21.37
-2.84
-8.43
-0.62
4.48
-12.34
16.01
2.01
41.01
19.54
-2.57
4.59
0.8
1.92
-16.84
-78.29
6.14
-36.82
28.05
2.85
72.92
-5.53
54.39
-40.61
64.4
-8.98
22.97
-6.26
7.78
-11.56
3.23
7.9
-9.37
-10.74
8.92
-27.11
-48.3
-70.68
-1.11
-24.87
-65.8
118.66
-53.22
63.41
36.87
-4.04
24.23
129.23
-15.7
-2.11
-43.19
2.82
-9.93
-8.14
-6.39
-9.48
46.06
32.2
1.55
-7.96
-49
3.91
-2.02
-13.63
-11
13.28
67.05
40.5
7.77
5.19
-87.14
-65.59
1.39
38.87
-9.56
-42.72
19.42
16.86
-46.11
13.48
-4.27
-11.8
37.53
27.39
-9.95
14.56
4.08
-116.09
86
16.98
-105.26
-17.31
56.05
-52.45
-5.97
3.94
4.29
-11.29
1.9
50.84
2.82
-3.41
28.38
-55.96
16.85
7.78
12.29
1.65
-13.03
49.17
2.23
0.14
5.25
1.24
-107.12
-60.69
0.86
-46.07
-7.1
62.98
-8.37
-48.91
-21.54
45.59
26.52
-11.13
44.16
-3.17
54.48
53.28
6.09
17.49
-5.43
-14.76
10.14
59.77
-51.58
-1.42
7.75
11.17
130.66
2.99
8.63
19.48
-0.7
47.82
-61.07
-35.39
-124.69
5.76
-9.54
-22.09
-24.68
-0.68
-3.13
17.03
-11.49
-20.63
10.86
81.53
57.23
127.82
-5.93
121.62
-6.89
41.74
-6.39
-94.42
62.31
-68.91
-48.42
-4.2
41.1
1.98
-52.28
-52.94
14.19
-109.71
81.91
-6.84
-15.81
20.15
-37.01
7.17
0.59
-43.12
63.29
0.91
21.98
-61.52
7.58
1.03
8.37
-45.14
47.68
-25.58
-0.06
-82.66
-17.46
5.98
10.74
60.1
-30.52
10.86
-5.17
0.14
87.28
-7.68
15
40.53
31.53
-35.53
-18.13
18.42
3
-73.31
-9.94
-10.75
17.39
73.46
149.69
-8.85
22.58
19.41
10.65
9.32
7.78
-11.88
22.2
-50.99
42.76
-29.81
-36.13
58.79
22.68
9.66
-5.1
2.4
-10.9
-14.22
-19.81
-52.56
13.5
48.84
14.64
12.09
6.79
21.55
-40.75
-3.84
-2.69
-69.86
-11.78
-1.8
45.22
-12.36
-4.01
-14.83
-100.05
-13.07
-105.12
-63.91
-11.7
17.24
15.99
-3.03
-5.28
6.58
-12.19
-3.67
-136.3
4.46
-103.13
15.1
73.47
39.6
-11.02
-2.55
36.93
20.29
37.72
-15.27
-7.15
12.78
81.54
-38.82
8.34
7.27
-82.36
-95.41
38.64
-5.7
6.97
78.5
24.84
30.79
4.75
82.22
39.28
31.05
75.63
-9.26
0.54
206.33
10.34
-9.14
1.63
10.45
-13.37
-0.31
5.18
14.62
28.83
-3.32
96.18
77.15
96.83
-5.55
76.28
-23.75
-48.69
36.28
-63.18
-9.18
-3.7
-5.87
-147.91
167.25
43.97
-10.15
0.96
41.01
-7.56
21.22
77.4
140.72
-6.75
-64.62
-6.19
-76.08
33.04
6
11.64
25.78
-9.63
16.05
13.63
-22.4
13.22
-2.24
-6.98
7.86
19.47
-7.12
-114.54
3.88
-4.79
43.1
-63.63
-13.46
114.95
56.58
9.02
3.03
39.69
59.64
11.93
-23.88
-1.45
41.35
-7.12
-44.56
10.01
81.87
-6.91
17.16
36.7
24.29
7.27
52.33
3.96
44.19
-68.41
93.47
-13.23
-24.22
-67.46
21.35
6.56
24.43
-9.47
3.92
11.62
-21.82
-13.86
37.92
39.4
-4.35
65.31
-25.19
30.99
-9.08
-23.66
78.11
-45.24
13.52
-86.52
24.74
-27
6.71
-15.91
-38.16
54.84
17.44
10.27
-25.07
0.72
-12.14
-18.91
125.89
11.78
9.61
60.56
-4.13
6.78
-0.93
17.22
-14.58
23.65
-114.17
14.96
-43
-2.37
31.73
-1.26
81.97
52.04
10.53
-7.34
22.51
80.2
1.66
-1.17
76.88
-5.53
-5.33
-45.03
69.98
-8.04
-1.55
19.11
1.97
