-7.36
26.5
-1.17
54.51
-15.94
-16.3
100
-3.54
-6.31
11.75
14.04
47.38
-9.88
39.4
44.4
-1.27
-3.33
-15.43
4.04
14.2
-5.84
-2.2
31.63
29.27
-1.02
5.87
-6.56
14.53
-9.41
10.47
-84
40.33
-6.89
11.81
3.26
10.89
-19.06
104.52
31.77
-106.58
-29.94
152.56
0.8
-4.68
54.9
-16.14
2.49
-17.78
55.51
-7.28
7.33
1.64
7.46
-27.59
-10.49
155.95
-6.62
-40.84
-6.5
3.21
2.92
-6.01
13.86
-65.79
33.74
-64.29
12.84
1.7
75.28
-10.82
31.11
0.9
5.58
5.18
-7.4
-14.3
-60.08
14.68
70.33
99.27
35.92
51.47
128.05
89.59
-4.77
8.38
-4.04
7.42
18.8
24.69
6.84
39.22
-9.64
-63.9
-6.13
-4.43
-2.02
19.17
14.52
13.8
-12.48
131.61
-2.2
30.68
-27.18
6.95
1.58
-2.18
9.65
60.01
-13.52
13.05
79.74
-27.37
4.4
-4.92
43.64
-13.35
-14.35
-40.5
-9.54
6.22
-19.9
82.91
5.71
11.47
2.25
-33.89
16.34
-10.46
2.89
-58.43
-33.53
-1.5
-18.39
40.73
8.95
52.57
120.42
-5.8
-77.79
24.37
-2.93
6.89
5.87
-10.15
-60.47
43.88
-3.71
10.51
98.78
-11.23
-47.68
74.51
-293.7
-10.88
-6.28
-57.34
1.27
-115.59
55.11
17.4
33.81
40.43
15.9
78.33
-15.37
42.01
-4.73
11.47
59.67
-40.18
-5.13
88.3
43.52
-19.19
-78.16
-89.85
-21.14
-8.33
-4.08
21.32
89.77
20.28
47.33
45.09
11.76
36.25
-3.16
94.51
9.01
5.93
-17.1
-12.05
-26.91
-8.3
-8.19
26.81
-5.42
15.74
11.94
-138.51
11.23
1
4.83
-14.19
-136.36
7.07
-6.34
-14.57
83.25
-66.14
56.74
12.07
-41.82
11.63
-9.53
48.81
8.4
9.09
143.94
58.07
-13.69
45.7
-81.22
125.61
5.1
-19.88
9.39
-7.45
-6.72
47.62
2.81
45.59
-10.68
-56.02
-72.95
-9.39
7.67
54.56
218.76
19.29
23.22
110.19
12.8
-12.7
15.61
-30.44
-0.45
-61.45
14.69
-322.79
9.72
-1.35
7.01
20.33
11.33
7.92
-14.92
12
11.78
-31.13
30.1
-55.45
-26.63
-10.85
-5.99
-4.73
3.18
-22.29
7.39
-93.5
3.84
-3.84
11.77
-10.64
14.58
0.79
-10.41
45.68
18.36
-10.58
-3.69
51.84
-4.57
101.2
41.49
23.49
10.66
33.1
-7.64
-12.35
1.86
-7.71
18.64
10.95
2.64
255.45
-16.62
13.78
-107.44
-11.77
14.09
-3.3
7.57
7.25
15.84
56.43
-49.4
33.5
-7.95
-38.18
10.69
45.36
12.76
-107.47
-19.33
-26.84
40.2
18.79
-155.65
-54.44
40.41
17.11
7.66
17.1
-0.71
-10.73
2.65
5.34
26.84
-1.95
-76.09
1.91
11.39
72.66
-90.16
2.74
77.35
-4.79
-24.42
-20.03
-114.19
-9.07
15.64
-8.05
-20.97
-5.12
-168.47
23.05
-63.53
29.91
4.22
2.19
73.54
-10.81
-62.19
-70.09
51.43
-20.36
66.81
92.97
-16.53
39.55
5.5
-12.03
7.75
22.84
-97.78
-40.75
-55.1
13.65
129.01
-10.28
-23.87
-11.4
78.97
10.69
-7.98
2.19
-12.16
8.65
9.42
4.4
46.87
-18.77
-90.69
-101.47
-6.01
37.86
-16.62
-50.86
16.96
-8.5
-3.3
-1.05
-20.03
123.6
-2.51
-6.65
19.18
-3.91
52.66
52.03
-8.51
-5.59
-18.11
-63.85
3.73
113.57
-55.46
-1.84
-91.98
68.15
21.29
-45.25
0.86
6.64
-27.06
-26.21
25.87
3.48
-82.27
31.49
-8.16
67.9
-3.29
-87.78
64.15
-9.55
12.07
21.32
96.21
-12.55
-101.41
-13.44
-15.81
-66.42
-7.44
-58.31
61.11
-9.76
2.68
48.57
9.26
85.98
2.19
-3.74
-21.64
-5.12
-26.22
-42.47
5.7
-0.22
-0.48
-21.79
3.68
9.83
28.07
-7.09
14.31
0.47
-39.45
93.25
24.6
-9.36
-8.57
9.18
-13.91
4.67
-58.89
5.24
-6.08
19.95
14.67
27.62
28.32
-7.28
4.27
1.13
8.44
26.79
16.48
16.87
6.18
-16.04
7.73
-69.27
7.6
-2.59
36.65
-8.77
34.87
-3.33
-5.75
105.69
1.62
3.25
5.88
-3.67
-8.25
27.04
17.44
18.61
-3.4
5.55
7.54
7.1
22.52
55.96
3.8
-20.78
6.43
-10.63
-11.74
-41.27
2.41
-72.55
-11.24
7.93
68.55
8.28
32.26
52.58
-4.12
64.37
4.86
71.41
-13.3
5.05
-5.67
-70.56
-20.91
-3.62
3.56
2.49
57.2
-26.48
-8.58
2.59
-5.93
90.45
8.18
-24.34
31.45
-15.5
42.26
65.68
-24.82
17.08
12.59
71.55
50.37
-19.63
-35.67
8.87
-60.75
-7.53
5.49
-4.47
28.49
20.16
6.78
-16.27
-1.03
-1.55
-34.75
39.62
57.55
7.41
0.18
-6.25
-86.22
5.84
-98.63
19.51
-42.75
-39.56
-11.96
-95.08
7.13
27.36
47.39
-0.85
88.46
112.37
-43.19
12.41
-2.26
78.59
-89.39
-1.29
-20.46
15.35
76.72
2.1
5.89
59.87
180.14
-189.27
-36.59
102.47
23.24
-5.1
48.72
-6.65
-68.18
-3.95
-2.33
-6.9
-9.07
-12.95
-3.29
-16.16
-51.1
-6.53
-0.19
5.14
43.86
30.52
-0.04
-120.68
-6.17
15.77
6.31
-55.95
-68.88
-62.13
20.88
11.09
-10.2
7.38
-12.05
-10.6
-8.1
16.83
-45.31
-24.61
65.22
-11.15
52.6
-15.25
-2.63
-5.78
-28.46
6.59
-59.09
-33.79
52.84
-2.59
-7.72
9.73
12.01
-48.76
5.19
-13.34
8.9
-0.62
61.47
20.04
-12.5
-49.41
-3.07
-7.58
-0.95
-3.06
63.21
0.04
0.42
-65.27
-14.35
-0.17
-57.18
17.91
-20.15
-28.91
-118.43
30.64
-19.74
-20.69
-90.86
-5.38
-4.96
-85.18
39.41
-6.08
-13.46
-5.93
82.49
-26.75
47
35.17
16.7
-7.37
-28.5
14.93
-5.42
-142.12
-3
1
9.58
-36.96
-13.1
37.05
-25.39
17.22
-65.1
45.79
5.62
36.3
4.65
18.56
34.13
-71.36
11.72
0.25
2.44
10.19
13.67
-8.02
126.08
-13.96
-6.36
34.45
4.21
-100.95
4.23
-7.66
43.76
-34.45
-12.91
-21.45
-11.6
-10.77
-161.52
2.36
45.99
51.72
-20.77
25.77
0.34
-2.07
9.63
8
-45.43
-32.01
-24.83
6.93
-20.08
-6.79
-1.7
11.2
8.67
18.2
8.08
-16.87
-1.53
0.13
0.21
3.22
-15.7
-5.62
-9.55
-2.02
46.21
-8.25
101.39
10.4
-41.62
6.27
-18.88
-13.7
1.34
-9.14
-16.47
-11.42
-8.69
10.93
13.13
-7.74
-5.62
14.81
103.08
-83
-17.97
-133.95
-26.58
9.38
11.91
-21.2
-0.17
16.7
17.91
-110.09
-35.49
-36.39
1.51
-71.78
0.69
-30.86
4.04
-63.66
3.24
29.29
56.72
24.85
19.67
-8.39
-11.21
-35.57
-6.45
42.26
80.88
-120.06
73.15
-8.99
-3.43
-4.05
6.66
-41.8
25.73
14.77
4.95
-21.33
6.12
15.87
11.63
-25.75
-5.9
-3.74
53.31
-1.17
0.63
9.37
2.46
47.28
12.13
9.56
-11.49
-6.24
10
-31.76
8.24
-83.9
71.69
-10.81
-23.67
-15.84
1.06
38.75
17.77
54.41
52.81
-11.38
-11.4
-90.31
17.15
19.22
-125.84
-27.09
-33.5
-5.17
-12.36
1.37
29.29
-6.76
25.38
4.31
17.97
-1.38
-8.8
-3.5
-68.24
101.2
7.74
6.35
-6.25
-40.43
-13.78
74.38
-60.63
8.65
-25.73
-1.96
-15.31
6.78
-9.14
6.16
49.17
33.1
58.48
-56.49
2.38
-124.17
-9.71
7.33
-18.32
-16.63
15.93
-59.97
3.83
-9.22
-171.16
3.4
-6.87
85.17
177.99
-40.52
2.14
1.66
-15.31
23.54
6.99
66.77
-1.19
31.6
6.47
35.28
11.36
11.39
-9.44
8.58
-17.02
9.18
16.78
-11.7
-17.22
47.04
3.61
11.24
3.58
106.73
60.32
8.76
23.34
-2.18
53.49
-11.1
0.9
-43.69
-8.93
-12.39
-5.9
31.58
-2.3
-19.75
-36.72
-213.72
39.36
31.27
-6.69
66.56
36.82
17.4
-0.48
-35.09
24.18
73.48
22.47
-150.64
-94.11
-60.49
-10.3
2.24
-8.51
10.05
88.78
-12.71
9.36
1.64
31.33
-83.1
-2.52
-7.99
75.96
-0.29
8.38
70.68
-19.4
-29.53
12.64
-33.94
-45.43
-17.18
-91.64
-5.68
49.67
47.49
6.95
48.2
-43.12
-118.84
-34
26.84
-196.67
-22.3
7.93
88.21
-13.6
0.91
-18.84
2.12
-59.54
59.94
4.71
11.37
31.46
132.15
-32.8
-20.32
2.36
22.51
11.16
79.35
24.68
-17.03
13.8
3.69
5.69
-9.72
21.69
-9.18
51.21
-19.25
