-5.78
-8.64
84.85
-151.74
-5.45
-14.61
-19.6
-9.98
36.87
101.17
55.47
-13.42
-127.25
274.59
59.58
3.98
98.26
-15.11
22.75
15.03
11.2
-7.78
40.04
4.74
33.12
-56.68
-67.72
12.99
-0.76
106.48
-2.63
6.35
-12.01
-6.72
-11.89
37.39
-9.06
-10.4
-15.78
12.47
30.05
0.13
-48.73
3.43
9.19
-5.92
40.51
-8.88
101.58
-60.39
31.1
8.93
11.39
55.65
28.53
27.06
9.73
26.89
5.94
9.7
90.5
-0.54
87.33
-3.5
39.21
-25.34
63.09
-11.83
13.38
-39.31
-13.27
-30.11
-54.34
-17.3
127.79
7.77
7.78
85.09
-5.09
42.31
8.69
45.29
-6.6
-17.5
-5.22
-12.63
4.06
14.45
-8.69
-10.81
30.51
-7.9
-70.22
19.27
6.54
-8.81
52.28
-47.56
-9.9
-8.92
-10.5
-8.32
2.52
-0.92
7.39
-32.2
-9.15
26.94
58.71
100.41
-6.27
-30.7
49.29
-5.63
-7.44
43.12
30.09
11.81
52.64
11.25
84.83
0.21
1.6
-20.42
-24.83
19.67
-7.81
11.3
9.36
54.71
-87.26
-7.82
-3.36
5.68
21.9
-12.13
-15.3
-38.96
-18.66
79.1
-58.74
-78.84
-41.99
3.48
1.45
-17.86
-4.67
10.43
6.54
-17.43
93.78
29.49
8.23
-8.89
68.44
-32.11
-11.02
32.52
23.13
96.55
5.08
34.63
5.33
-4.23
-100.21
-114.89
-9.31
4.64
-9.88
9.44
-1.09
-3.25
-1.13
-9.75
3.26
54.11
-7.67
18.17
6.59
-11.61
-37.47
9.06
142.1
64.49
62.34
-13.17
-13.7
-24.99
1.9
248.24
11.69
-49.28
27.94
-7.53
49.32
-7.32
-10.53
6.33
19.56
38.97
-10.4
-10.04
-18.92
94.57
11.76
8.09
129.45
7.05
-9.1
21.55
10.23
-9.32
28.31
2.1
13.48
9.11
-35.26
-48.53
-15.65
-8.32
103.01
45.79
14.66
6.6
3.76
19.65
-22.35
113.65
-14.42
-9.9
-3.18
13.25
-3.79
7.3
9.04
4.15
-16.12
17.1
7.61
-57.94
73.91
79.99
-33.09
96.84
25.69
7.1
84.01
-7.1
-0.17
9.08
-5.65
-102.59
-14.14
-15.32
11.85
-76.37
9.88
11.12
-115.6
-37.83
-43.97
-53.83
-2.31
62.23
-16.79
-33.81
-8.84
3.72
-9.69
-3.45
-5.56
-13.84
3.43
-15.92
34.62
-4.82
24.6
-10.76
-9.13
47.22
-85.1
-3.11
-0.78
-9.14
4.17
-27.63
-67.88
-123.5
12.48
-17.79
5.44
3.99
-58.99
78.63
-11.8
-0.96
18.34
2.53
301.44
-3.6
-4.07
-18.67
-5.18
-5.43
50.49
-4.68
-9.48
5.19
162.35
6.24
28.98
-15.47
32.53
-9.6
-97.11
-9.03
24.88
6.37
-81.39
4.59
-14.91
-1.83
-3.99
-9.45
10.01
40.99
-9.56
7.73
2.53
5.92
8.1
-7.17
-40.01
23.32
-14.24
-142.36
49.67
117.51
-13.48
22.65
-71.1
-35.59
64.29
-32.37
-2.22
-8.04
0.67
-82.72
-9.03
-8.74
-10.38
-52.83
-89.38
7.45
-28.08
4.79
-10.58
52.24
-14.97
-21.27
-38.6
-83.15
-69.44
11.97
17.57
-4.95
-73.81
-14.73
-10.51
74.87
49.19
-2.91
-31.63
-13.77
-7.88
-78.61
-15.47
-6.9
10.34
-9.92
6.13
177.11
31.37
-40.51
34.16
-19.03
-16.33
67.69
74.58
40.62
-1.37
-4.03
-21.31
44.45
60.32
-29.59
-41.52
-31.37
-54.72
-8.13
47.89
-7.61
1.56
5.42
-9.22
-44.33
-189.66
4.75
-24.98
19.34
-8.81
95.84
15.28
-23.18
19.14
-28.47
7.9
29.66
8.59
-91.92
4.89
-30.06
71.26
24.52
12.45
-11.14
-5.35
11.37
2.18
-132.45
-124.73
5
-10.7
-11.38
-2.65
15.16
6.53
94.04
99.25
-6.3
5.03
6.72
-36.45
-53.16
106.74
-0.16
-9.53
0.81
26.3
-4.15
2.83
-35.56
1.63
-61.5
12.78
75.34
18.1
6.81
22.5
35.65
-7.94
-9.08
15.7
-8.4
12.94
10.2
62.79
83.37
46.29
11.12
-6.3
93.91
-2.01
-21.22
-11.95
13.05
-35.6
-3.19
13.37
-36.14
-76.51
-26.5
5.82
23.62
-41.03
93.25
3.5
-70.09
3.25
-2.92
-4.96
-10.04
0.22
-181.04
-14.16
-124.4
-12.31
8.56
-10.19
-58.6
5.37
5.13
24.66
-0.75
39.74
51.56
-20.31
-34.34
2.19
5.07
-63.39
-30.29
-203.67
59.98
-13.2
39.49
4.85
-1.71
-119.93
-25.3
50.82
-30.12
-38.3
113.1
40.15
21.98
-66.98
-10.42
10.16
12.09
16.38
-7.78
-43.87
24.81
-105.94
-14.22
-0.76
42.62
-48.49
12.59
19.46
6.98
-59.37
10.62
36
-7.1
-101.66
59.76
-56.22
33.12
-34.93
-64.41
-66.15
-14.63
-20.88
-60.2
-40.84
-4.56
175.89
31.11
65.37
3.53
6.39
-10.03
-73.12
6.55
4.93
4.45
3.24
29.82
1.43
-5.6
17.29
45.55
-11.64
-46.91
25.2
-5.7
-95.86
41.84
-0.88
4.39
16.64
18.25
22.07
4.25
-22.09
106.26
24.53
8.02
18.67
-124.63
214.9
-34.61
26.41
22.05
102.71
2.57
-8.96
-52.33
5.07
68.54
-23.32
-146.85
6.95
20.88
-10.49
-50.54
-26.02
-40.08
10.98
53.68
-77.12
4.48
-6.46
-0.03
-17.61
38.91
-12.24
-9.73
4.03
-112.31
10.6
110.01
37.09
-18.02
19.88
-1.43
6.8
-129.08
66.92
32.77
30.51
-92.85
5.35
12.49
6.78
-2.73
-7.56
117.5
-2.51
31.2
-13.2
8.93
37.08
-15.26
-4.93
-61.98
-65
18.52
-27.64
-7.09
8.98
-17.61
-147.83
-12.19
-27.36
-2.03
-10.5
-7.59
86.81
-7.69
3.14
-27.64
77.58
-48.17
-18.1
16.35
-15.07
-10.18
9.55
73.52
43.8
-14.97
34.32
-8.53
22.88
-49.47
-244.01
-11.48
23.3
32
-34.85
-7.69
-24.03
1.29
17.66
-7.25
-3.26
-9.46
31.11
-37.58
-72.56
9.63
4.12
34.21
-3.83
-10.16
94.09
4.04
-19.32
28.87
89.32
-46.34
-7.76
96.59
-19.27
-13.82
-37.19
6.81
72.02
-24.82
61.27
7.57
9.86
-177.15
-6.8
-28.31
16.96
-45.64
-13.82
-9.76
55.71
110.86
46.14
48.31
9.95
21.27
-15.94
3.04
-0.15
-7.46
-9
-53.85
-12.6
-13.79
25.48
-11.3
5.62
32.64
-16.18
8.15
-7.47
70
38.44
2.69
14.46
-31.14
-20.03
4.29
52.15
5.06
-16.21
-10.85
23.12
55.85
3.4
-67.55
13
-32.44
-1.52
-29.61
-10.72
1.91
-0.94
-46.28
-51.97
16.68
4.47
8.73
-7.47
-17.44
-96.26
-17.33
44.65
37.6
3.18
-8.34
-55.5
-12.09
-11.07
2.83
-1.75
79.27
5.92
-4.42
19.97
-7.48
67.41
-4.08
-5.82
-24.11
5.82
4.33
4.65
-26.43
12.18
5.48
-2.93
10.4
-9.89
-9.5
-57.19
12.59
-31.85
-206.75
14.32
18.56
33.43
-54.08
7.85
19.12
-6.16
56.69
-14.59
-28.08
5.66
-6.6
-67.36
-4.26
36.01
14.96
19.62
80.27
-17.06
24.95
-27.88
-11.39
-39.09
5.7
-5.8
-9.82
8.09
-16.24
-18.17
3.24
-5.69
1.88
58.59
-1.25
-33.31
11.19
14.47
1.02
24.3
56.73
10.07
-6.37
-80.84
-0.57
10.92
17.86
14.57
-28.18
-104.04
43.6
-9.86
-166.04
-3.06
-4.08
11.09
-2.38
17.79
12.99
0.96
-74.58
-25.03
-45.1
-6.87
33.04
12.32
1.18
11.18
-11.53
-11.92
-7.12
5.46
3.91
60.03
-58.17
7.2
10.68
-1.3
5.97
42.53
-14.84
-6.91
-97.86
-7.72
-8.8
-11.67
-4.45
-2.4
-5.63
75.82
6.78
-9.38
7.6
6.06
59.2
-88.82
-6.18
-28.04
-5.6
4.35
7.75
-79.58
-14.45
-7.92
-2.24
-19.65
68.55
56.45
4.66
-10.3
-2.57
44.97
4.79
-7.4
104.2
10.77
4.3
22.12
-97
28.03
-49.51
-14.03
-17.75
34.57
-83.35
55.6
-0.1
9.14
-89.75
-11.46
17.7
13.73
58.28
0.79
-15.73
41.09
6.03
29.5
9.64
0.06
-8.3
-6.28
-14.11
31.45
-8.73
-18.08
-1.82
-3.96
-16.71
-14.97
2.47
-11.86
28.92
27.49
-94.2
-0.19
89.05
-12.6
216.83
57.77
-9.36
31.01
-4.24
26.03
-80.82
-0.24
-0.62
-10.3
-9.24
-12.1
150.55
15.24
6.5
2.11
1.57
-28.53
5.23
81.76
-30.32
-21.8
12.71
5.77
-15.26
2.73
-4.33
46.64
-52.15
3.75
85.58
-81.89
-4.15
-42.31
-8.76
23.65
84.05
0.46
-5.84
-35.53
-232.13
-8.74
8.78
2.28
57.97
5.13
32.44
12.09
12.75
-30.91
26.34
32.14
-12.91
-62.34
-97.46
-63.9
12.34
41.03
-65.35
8.6
40.1
