-44.03
0.22
-1.75
-11.91
-25.41
11.16
9.07
-73.29
-126.73
-0.06
103.25
13.43
12.15
-6.17
14.68
-5.72
45.3
-33.06
80.41
-2.44
-5.96
-53.39
-6.05
33.81
-53.88
8.03
-9.87
1.77
29.73
3.4
-12.43
130.01
-2.83
65.68
-1.12
24.61
-34.93
21.83
-3.34
-5.16
-3.42
39.77
16.75
-4.48
3.87
-12.62
-20.01
5.97
-0.83
206.05
22.05
-92.86
10.79
-4.47
11.85
7.42
-87.86
-45.84
20.81
-16.44
43.91
9.57
1.34
-198.47
26.11
7.98
-1.44
14.01
-113.99
-3.16
8.39
-1.06
-2.04
3.38
-6.32
15.64
-54.58
-104.53
-63.08
10.55
21.24
-7.73
-3.52
-8.31
9.93
-21.6
15.62
68.41
37.51
57.59
76.46
-51.02
-64.06
24.13
60.84
-4.8
22.66
0.7
-30.92
9.16
14.57
4.85
50.62
-92.21
30.75
-22.21
-8.9
-28.04
4.12
30.07
85.96
110.11
-8.44
-8.85
46.92
-10.02
-286.99
2.5
-118.55
-6.59
-144.47
7.13
-73.59
0.55
-3.79
18.7
-1.58
-11.76
24.99
-5.02
-35.3
9.94
-11.71
-37.62
69.16
-80.21
7.6
49.59
1.55
-3.77
-11.04
-41.88
12.29
-35.46
-1.71
11.02
-11.27
-41.3
23.3
-43.63
0.31
17.57
-25.07
-16.89
28.67
53.61
-19.77
-13.68
-8.23
3.56
-42.28
-6.37
-14.94
0.49
14.17
-237.42
31.12
-1.63
75.28
-11.88
13.41
-3
-22.62
27.94
58.5
-26.27
54.26
-28.84
-0.75
-7.71
-58.84
-50.32
85.79
-39.56
-3.32
-90.13
-44.73
-41.39
8.98
-68.52
9.4
8.57
-124.41
8.21
-19.46
78.13
7.92
-10.85
38.03
31.35
-22.8
4.7
-4.15
-39.4
27.51
124.76
-4.27
-0.73
177.24
44.72
-5.53
-4.38
0.66
12.68
-8.27
-61.78
40.53
15.74
6.91
48.01
-113.02
-21.72
8.38
2.29
-108.55
-1.2
-9.46
-21.77
24.66
-33.18
6.95
-27.69
9.84
8.73
-5.53
65.38
-106.29
103.63
8
-5.58
-4.03
-13.82
-8.93
17.86
-25.3
-7.5
13.35
30.53
3.15
18.06
26.77
22.33
58.68
12.48
-4.88
2.57
-5.28
-73.11
29.51
-2.52
27.61
8.23
-6.67
-15.22
-13.47
-67.21
58.45
-76.42
53.2
13.31
0.15
7.45
8.14
16.37
-52.92
-9.97
7.78
27.88
-13.17
-42.37
3.85
-96.88
4.34
-6.8
-26.24
14.13
-11.36
21.86
-12.45
69.86
224.85
18.64
15.42
38.49
37.61
-11.59
-0.62
10.35
13.87
30.75
-1.03
31.69
5.03
17.07
-10.77
1.56
-17.01
23.9
26.16
12.53
7.53
9.07
13.72
4.87
110.96
37.72
-0.83
3.78
12.48
3.65
-0.43
12.61
-9.09
19.32
-28
20.66
9.82
30.61
24.29
-4.63
2.44
-126.14
-66.05
-22.9
11.54
1.52
-10.68
-14.13
14.57
45.22
45.78
18.4
-13.32
67.19
-92.74
52.88
-16.21
7.32
-28.49
43.49
38.13
-0.23
-10.31
5.56
-5.97
50.85
17.16
-7.12
-100.69
18.54
-43.04
-12.41
-42.76
-21.68
244.47
-11.46
25.45
6.33
-9.83
-0.19
28.82
-3.7
33.26
-45.58
-15.79
21.33
-8.5
-8.86
-0.12
-13.2
7.32
0.02
-4.62
24.85
2.42
-1.33
19.8
6.95
-39.98
-13.64
-216.79
13.12
-37.6
8.66
74.59
2.95
5.52
8.03
1.28
-5.8
-9.28
20.19
-73.44
62.14
-20.38
49.74
-7.42
-39.17
6.02
6.53
0.79
9.61
29.6
2.5
-263.16
55.73
7.76
-6.79
101.93
5.15
3.31
2.94
-42.41
9.13
10.43
-8.16
3.07
15.82
-110.52
-0.15
-0.94
6.69
212.46
-25.25
-10.33
-98.74
-29.52
-178.17
-2
49.54
2.25
6.4
19.82
3.22
36.12
-47.93
-42.3
0.52
-27.21
-20.19
-5.49
12.8
-22.3
34.67
53.25
16.38
-11.83
-1.4
4.67
-93.64
30.3
142.25
16.69
112.96
-38.68
9.07
14.82
45.74
68.9
-10.54
-0.6
44.79
0.17
-10.88
78.28
18.59
-0.82
-45.82
-16.83
104.74
5.23
-6.42
-81.23
135.6
-7.78
25.32
-88.44
5.55
-4.22
-0.85
-11.96
-12.47
-3.66
14.96
112.36
14.04
-1.05
-6.66
-144.5
-18.24
0.59
8.12
4.31
-115.27
19.43
-8.62
66.65
-2.16
78.13
12.52
49.69
50.96
-70.93
-58.61
-35.98
48.33
-26.56
-12.47
18.52
45.26
-10.76
-75.05
-9.07
-19.77
1.98
-97.09
-4.81
20.65
5.94
69.81
2.96
-39.49
-91
-11.22
-27.32
50.8
80.65
68.55
1.28
2.08
11.32
12.15
20.81
-72.38
-9.35
-199.11
7.96
104.53
-64.06
-0.68
-13.42
11.84
26.66
-13.49
-24.31
105.03
-8.18
-76.45
30.35
33.44
39.46
73.66
-20.57
-45.63
-2.53
42.96
14.32
0.89
137.63
44.51
57.28
-4.87
-32.34
13.64
7.42
-11.37
-6.79
-106.32
-37.76
-29.78
-5.05
10.12
-5.25
-23.69
-2.79
-69.24
8.22
2.34
12.92
10.03
5.74
-29.55
-9.86
-12.64
-3.72
-37.6
28.07
111.78
48.51
-7.98
-50.13
-59.38
4.29
-6.71
-12.04
-30.23
-84.56
-7.51
17
-11.5
7.56
-3.88
-71.57
-97.35
42.18
-87.24
-208.45
-32.33
-24.54
-9.12
-9.52
9.42
8.59
13.15
45.68
7.4
-26.55
8.34
121.01
7.09
55.06
-77.59
20.22
-12.29
37.49
3.31
-6.73
30.4
-7.16
74.04
-168.73
42.64
-8.68
-35.72
-17.57
6.69
8.67
-39.17
-4.18
-24.78
74.07
68.07
9.55
-129.01
2.97
-6.14
1.64
9.38
23.5
-5.25
74.39
-45.86
75.81
6.03
46.74
-62.49
14.45
14.35
-20.63
5.35
-14.03
7
-44.35
62.54
59.66
-127.92
2.48
-106.14
2.91
-34.49
-11.88
-9.6
54.81
-4.81
-23.26
1.53
33.98
12.19
4.04
15.95
-5.68
3.25
7.85
-66.58
30.75
1.51
-70.6
110.42
10.23
61.15
-10.4
-15.67
-8.29
62.21
-5.68
22.49
-1.1
-39.45
-1.86
-0.27
-32.27
50.39
70.04
-9.76
-105.96
-12.3
-27.4
20.31
-19.85
9.96
-0.82
-80.73
-11.39
-13.91
8.94
-40.25
-9.63
-15.23
-3.89
-70.36
41.99
-37.68
-44.6
-88.9
-7.77
-2.58
7.72
11.95
-4.1
-12.81
9.99
43.02
-2.79
-89.63
198.92
-5.27
-3.35
-5.27
-41.36
-11.01
12.16
41.64
33.89
132.97
-23.1
-105.61
7.95
2.71
-2.69
27.77
8.59
-9.2
77.47
-46.21
3.94
-36.1
89.42
23.07
-27.26
15.3
-15.67
-10.6
6.48
38.81
-42.09
-16.25
-1.51
178.2
51.6
0.67
60.99
26.08
16.82
24.23
0.51
-5.28
2.2
31.04
-9.68
7.09
55.27
-9.57
-25.64
12.92
14.62
-10.54
31.73
14.18
9.85
-9.12
46.03
-6.55
68.7
-7.25
25.87
14.81
137.98
-5.42
16.23
-43.92
-0.08
-44.1
-18.84
69.57
25.4
132.5
11.53
2.72
-12.3
7.25
0.65
10.8
38.13
21.87
14.39
36.85
8
-2.96
-7.42
-50.17
6.64
67.88
-7.54
19.55
5.33
10.8
-46.91
-23.49
14.74
25.34
9.32
-4.11
-7.58
92.45
34.18
65.8
14.43
-30.39
50.25
105.69
0.82
-4.6
35.06
39.37
-64.87
-166.3
-5.13
1.24
-73.14
-4.79
3.26
-55.87
-6.09
16.3
-9.53
39.02
-36.79
14.16
-4.95
11.26
0.74
9.25
-13.24
32.21
30.34
45.05
-49.38
-110.32
-16.38
1.6
5.76
3.92
2.26
10.41
-5.31
65.65
-3.18
29.04
11.6
-5.57
-9.97
30.2
0.13
28.37
-12.28
27.8
-3.13
1.49
-0.06
-24.06
45.39
44.54
15.04
52.48
-162.64
13.92
-22.55
3.09
-4.6
-101.11
-107.15
-64.94
11.96
-10.61
6.52
-9.11
62.28
-5.06
16.18
-10.12
-105.91
29.48
-0.34
-4.15
38.71
39.33
1.52
-57.06
-6.89
52.48
73.98
17.66
-18.91
3.7
-55.5
-6.37
142.83
-10.77
-3.16
52.45
-25.82
-26.61
18.96
78.34
-27.22
53.02
-17.82
12.95
1.61
-0.68
-52.53
2.12
-16.39
27.25
-204.91
49.01
7.82
13.24
-120.56
7.74
2.52
22.26
-84.63
-6.21
7.54
-59.66
-0.2
-18.32
8.45
3.47
-4.75
37.25
-38.47
-11.71
-0.88
-57.13
-4.89
-82.26
-12.24
-37.83
17.71
51.69
11.2
121.4
-13.13
14.08
13.99
-37.38
34.38
19.9
9.16
3.31
39.34
-3.62
-2.1
-45.25
17.91
-62.57
6.65
-2.42
1.64
-4.8
-7.49
-124.19
-87.38
-6.97
56.01
13.9
-6.77
-117.59
10.46
10.84
-29.89
-14.37
117.93
6.85
-5.15
-1.94
-32.47
-95.28
7.65
-4.15
29.71
43.2
