2.51
-184.64
5.3
75.96
73.23
31.09
-107.77
-3.24
19.95
44.63
124.36
14.15
-67.37
30.74
-13.65
-162.36
-2.54
-0.22
-14.03
24.35
-0.92
67.84
20.96
11.03
56.66
83.49
-3.86
-27.51
-50
-2.47
-23.05
-174.06
46.1
-10.92
-2.89
-10.31
-24.57
-7.11
70.66
38.37
-13.98
-4.74
-76.99
-64.59
62
-1.25
47.9
48.03
79.14
35.8
-8.74
7.05
-107.81
12.73
-4.98
-19.93
-3.43
43.68
-141.01
-20.51
-3.85
-4.64
14.57
39.71
-36.9
-25.58
-7.38
-94.3
-0.1
-6.19
-5.43
25.11
7.7
-8.5
-3.9
-30.05
-45.7
136.28
71.36
7.45
-0.12
10.49
-91.26
-9.76
54.22
43.47
5.49
3.09
12.86
11.98
-2.63
54.8
-56.46
-5.55
3.9
16.61
3.33
-13.52
11.57
72.6
50.05
5.8
55.39
-3.84
182.11
-46.18
64
1.2
-10.34
12.21
-16.54
-117.28
-25.29
-27.89
-36.53
10.44
-11.34
8.91
13.92
9.28
59.83
1.98
24.32
68
-15.58
-2.35
-39.18
5.72
14.17
-62.33
34.45
3.56
47.56
16.05
7.36
-52.07
-17.52
0.97
-10.58
21.01
26.01
61.79
2.18
25.56
94.5
-35.15
61.9
-15.76
37.08
-13.14
-81.06
-36.99
-87.72
-13.77
-8.22
-8.3
7.72
9.27
19.62
1.33
-51.69
17.51
10.65
-2.02
0.12
-78.41
-4.22
-61.61
4.23
1.11
11.53
17.1
14.92
7.47
12.68
-55.82
-3.33
36.47
-31
54.73
13.31
-9.87
118.56
18.19
-12.11
-52.93
-14.58
1.8
-27.6
63.99
-0.36
60.21
83.96
5.25
-22.04
-0.96
0.86
-44.35
-2.99
12.97
12.81
-10.34
11.56
6.2
116.1
11.91
44.53
13.82
2.69
-0.71
147.04
35.74
12.52
-56.92
12.06
-8.33
8.41
39.05
-8.16
35.88
-29.29
13.1
-133.97
-4.17
-5.38
34.7
26.25
-1.95
-14.71
3.9
32.56
1.78
1.68
-117.09
60.9
-8.4
11.27
-8.36
36.02
45.62
14.78
71.21
-29.03
-3.81
12.55
5.03
-2.58
1.09
-16.33
19.78
4.11
65.13
14.75
-109.74
-3.37
8.76
-21.32
0.17
26.5
20.71
-17.79
-51.94
-1.19
-9.7
-42.48
23.04
-13.31
-5.89
-0.78
0.44
-4.93
11.47
0.47
8.63
-37.94
-7.66
1.3
83.63
-47.86
11.39
-8.19
-58.93
-26.49
-6.54
56.44
29.55
19.07
9.89
-1.94
-18.4
-7.29
35.55
7.4
4.66
5.85
20.12
-40.62
10.66
13.14
67.75
-1.43
-6.94
10.23
4.14
10.92
31.18
12.13
118.84
-31.64
-39.91
41.54
33.87
-29.15
14.36
-11.52
177.36
8.91
-8.25
-6.86
24.95
6.86
-54.49
-3.35
-0.4
-4.15
34.39
-4.93
-0.1
-33.19
8.82
86.1
0.42
-10.2
16.25
34.76
-12.13
11.34
-33.43
-68.29
107.82
120.47
-158.27
17.19
51.44
10.25
22.33
-19.81
47.84
58.07
-2.84
9.5
-54.29
-31.66
-47.92
-6.43
-113.94
-5.45
43.77
-57.47
40.33
86.38
13.44
17.09
-5.79
-13.75
-10.18
-0.76
63.06
11.04
-46.36
88.94
3.4
3.23
3.74
-0.93
-17.6
3.23
37.43
-163.01
-0.57
34.77
-9.56
4.58
-65.96
14.34
-48.3
4.34
63.48
-12.45
3.9
-60.58
11.98
9.33
14.49
4.18
1.78
59.71
46.73
-16.76
-8.91
7.51
-1.55
-42.68
-11.68
56.73
8.2
9.8
140.78
-10.86
-136.05
-107.7
-8.11
-10.25
7.51
116.77
4.33
-39.97
-19.74
10.41
28.42
-18.77
-80.87
43.64
-8.51
57.84
-30.56
-15.18
3.32
-3.43
47.62
11.33
28.24
-3.52
-13.55
6.28
82.41
-11.32
43.8
-123.2
-10.64
-12
1.99
17.32
83.12
1.87
21.3
80.94
0.1
3.28
-65.69
58.42
0.25
5.54
-31.29
51.39
-31.23
73.95
42.77
19.42
31.15
-6
-8.25
54.88
6.2
-50.97
0.13
-4.82
6.12
7.16
-24.58
8.35
43.55
-0.73
6.78
23.32
-18.34
-0.06
-96.21
41.59
-6.21
13.97
27.27
-159.82
19.65
-1.66
9.19
-7.78
-2.29
-268.81
6.4
171.42
18.21
-5.04
16.62
8.16
10.19
9.75
-4.94
-11.98
-43.23
-59.45
-1.44
-185.08
64.73
-171.28
20.77
-15.32
-32.26
91.4
6.75
128.68
38.53
-74.34
-88.45
4.23
-11.92
-20.07
-4.02
76.68
-6.07
-59.58
-10.52
16.87
4.25
-2.18
-8.42
10.04
-11.45
-10.01
20.34
16.24
-9.01
20.08
-55.69
-9.72
-12.83
95.39
16.67
3.41
28.15
11.52
-13.82
19.9
35.15
-5.54
-64.49
4.06
26.24
57.02
99.67
-4.2
-59.64
20.48
-11.8
-6.85
-12.76
9.29
-10.42
-26.66
-75.57
-9.39
5.68
63.13
111.7
3.83
94.55
112.12
-3.31
-3.39
116.22
25.1
9.01
36.1
-4.2
2.62
-5.29
-34.31
-3.06
-7.89
-23.67
52.68
24.01
-21.11
-61.57
-11.85
76.52
16.85
-0.4
-31.53
-3.14
113.1
-4.12
-169.05
5.34
-8.36
8.38
-9.78
4.49
35.46
-8.37
62.27
-11.6
2.82
118.33
82.03
-62.43
26.06
-10.74
9.02
-14.27
50.9
-29.48
12.54
162.06
-9.27
-28.42
54.83
-7.15
53.19
6.38
-0.79
85.38
-2.69
-57.34
-2.16
20.76
74.06
-76.79
-51.08
-9.43
-180.12
-11.14
-1.89
37.88
29.03
-20.34
8.66
16.13
-2.27
-89.04
-3.73
-13.9
38.83
-24.15
-7.49
36.06
144.78
15.73
35.71
46.5
14.22
-20.75
40.99
0.22
2.46
94.08
30.6
32.33
-13.05
24.15
-6.3
-262.41
22.54
-10.31
-4.85
52.73
-59.66
-82
77.37
-33.73
155.69
55.85
9.13
1.39
103.71
16.86
-14.26
-219.9
29.31
0.38
-14.72
9.87
-4.41
6.91
-8.98
2.1
-3.25
-31.5
50.27
8.99
10.3
42.84
49.4
-13.55
56.7
32.43
57.9
-6.19
5.66
-9.65
44.98
26.01
-19.69
-2.9
173.45
6.06
-2.55
-71.02
64.54
-8.57
-14.54
6.57
17.05
11.23
-8.25
1.72
20.41
0.52
16.67
-106.39
40.73
-61.83
-22.53
22.01
3.55
55.56
-47.23
14.98
-4.4
16.31
17.14
-3.04
20.69
25.02
68.75
-61.18
-69.37
-13.58
10.08
-8.45
116.34
18.99
12.41
0.59
-78.13
-6.11
9.26
-7.31
11.32
-7.69
6.61
53.96
7.83
32.77
-76.31
24.76
23.88
-55.33
-3.22
6.45
56.46
-8.42
-48.61
-5.04
-0.02
-25.97
-11.41
23.55
177.34
67.63
-11.19
-1.98
5.23
-10.6
-16.94
-60.75
2.78
-8.82
23.5
-1.82
-82.63
-3.11
-34.25
9.31
-75.99
-32.06
46.63
-54.84
7.97
-0.92
-20.94
-47.98
33.93
4.83
-21.69
-11.53
6.59
-10.84
-62.11
7.84
12.61
-9.82
45.11
108.48
19.95
-13.94
2.3
2.37
21.95
-121.53
10.01
89.19
54.64
35.13
15.62
-8.64
7.67
-14.99
-13.98
-7.83
54.78
1.09
-61.11
-46.68
15.32
30.37
-2.71
-2.1
61.8
3.32
-46.69
-6.53
6.9
106.92
-3.82
-55.57
17.58
-7.52
-13.94
29.21
2.54
-4.72
-7.16
69.32
-76.28
6.97
-15.02
22.26
28.42
81.72
-76.93
4.41
32.14
-36.69
-34.74
-49.83
-222.11
45.95
9.12
20.29
9.94
12.31
8.82
8.16
-4.82
-6.41
-39.81
0.75
-10.57
17.52
5.63
-36.11
-1.63
-12.32
-1.81
60.32
75.28
-7.61
-5.13
-52.39
-17.33
61.74
0.75
2.02
120.63
22.24
-43.29
10.35
-141.39
-32.85
19.65
-7.34
-14.93
5.29
3.32
-5.97
-89.9
-57.48
5.64
-82.47
-3.42
59.27
6.99
47.49
-10.19
6.98
-1.93
-106.89
25.38
52.3
-1.74
1.7
-69.05
54.28
-14.16
32.36
25.57
-5.95
9.86
-54.41
-8.89
-5.51
27.61
-56.9
-119.79
2
-56.76
-37.99
1.67
-30.69
-73.29
-1.59
-17.65
-14.96
1.47
-58.61
28.93
-34.1
-3.69
-2.7
102.37
-8.66
67.23
-4.03
-19.11
8.84
0.93
9.58
90.74
-14.01
39.63
-5
-16.3
-8.99
14.03
-4.46
-12.66
-25.7
8.2
-14.17
45.99
-13.45
-0.6
39.09
-41.76
-138.74
-9.3
-37.89
2.83
-60.33
96.47
-1.63
-29.44
13.57
8.36
3.42
-8.85
20.57
119.1
-57.64
9.53
-11.88
-83
-7.08
-180.06
38.57
41.11
-7.86
135.5
55.31
3.98
-1.28
-111.8
31.09
-10.33
-46.11
9.81
59.36
14.06
19.04
25.67
-119.44
-4.01
-10.45
-30.11
10.38
-13.41
-13.83
12.33
5.97
3.76
-3.54
3.99
49.65
49.61
61.41
34.68
15.96
7.22
-31
-63.5
-34.94
1.32
10.29
