13.88
18.22
13.2
12.36
-3.85
-4.13
6.89
-20.79
-11.23
-3.73
-11.4
13.36
23.18
1.59
19.2
-16.5
82.49
0.19
-38.52
7.52
-10.32
-35.25
21.33
-15.03
0.21
18.07
16.81
7.4
-88.15
-13.83
0.97
-5.35
-29.57
8.73
20.35
-3.39
18.78
-18.67
7.36
-18.79
-32.28
14.76
30.96
-6.52
-39.53
-37.66
97.26
-17.32
-2.48
29.99
27.69
2.26
34.93
-65.58
253.1
-58.24
14.24
5.22
2.83
-18.29
-76.93
-9.95
11.7
59.54
3.82
-14.03
-6.55
-4.54
7.72
12.37
25.75
-47.92
104.39
4.53
-9.72
-83.44
-14.23
10.83
4.81
-86.61
12.8
6.48
-0.22
-6.19
36.16
-28.88
4.05
-79.99
6
12.15
-9.68
61.87
-10.55
-137.26
6.42
-15.26
-29.21
-2.42
-8.8
-8.39
0.09
32.4
4.05
1.85
-28.37
4.11
2.63
24.73
100.02
4.86
1.69
11.92
-75.17
7.62
-49.62
-26.36
63.75
-3.25
44.46
10.97
7.97
137.44
-10.89
4.37
-17.7
-7.52
-60.33
-33.47
7.52
-4.8
-13.87
59.17
27.62
-5.16
-387.41
19.83
-39.26
53.77
-0.7
31.54
20.17
-11.41
-77.28
-9.71
27.33
-72.9
-182.45
2.82
115.57
-9.44
-10.22
32.19
136.94
-2.99
-9.31
27.55
-18.13
3.56
0.36
5.53
-11.21
13.79
14.03
2.65
-63.71
18.37
102.92
-11.06
-12.21
9.05
11.84
21.93
-111.06
14.5
-5.87
0.01
-89.05
-38.53
4.3
60.15
9.09
-0.37
20.09
-8.27
16.33
-2.82
89.77
40.08
48.11
64.72
79.36
-8.12
-38.58
-14.21
20.1
4.7
-0.82
4.69
-8.07
35.7
-0.14
6.71
-4.41
4.58
7.63
-10.57
-41.19
68.01
-82.8
-200.26
-71.72
-6.75
12.62
-57.42
103.13
12.83
-2.97
98.56
106.61
9.6
-10.83
7.61
37.24
-0.74
-14.79
79.08
-10.93
43.76
0.15
45.06
-33.51
-86.53
-32.63
-15.18
23.18
-8.59
-25.34
6.11
57.53
12.9
-52.97
109.05
3.01
-4.22
12.02
-10.01
-103.48
-8.3
32.9
-69.22
-48.34
-9.2
-9.38
-3.34
48.37
0.4
-2.33
-66
-17.77
34.56
21.19
-21.04
-4.77
-7.36
6.83
19.51
-32.07
-35.04
-86.25
33.19
62.72
-9.78
13.58
-4.27
-0.69
-4.63
31.99
24.33
-0.26
34.79
71.11
-16.88
2.84
42.14
2.21
-160.96
-16.23
1.95
104.61
34.25
-31.85
-4.54
-145.83
14.53
-4.99
19.24
10.07
-49.93
13.78
-70.44
13.75
-36.18
17.54
-11.81
7.52
75.78
-0.19
12.85
-36.05
3.16
-4.49
50.37
-5.59
-177.6
0.41
18.82
-1.05
5.89
2.65
-18.48
5.13
-66.36
2.01
-12.22
86.04
-72.35
43.41
-14.79
-9.51
35.74
-3.03
128.24
67.58
69.29
5.9
38.78
23.85
4.77
10.29
11.15
67.25
-4.66
-6.99
6.45
-20.43
-11.6
-6.93
-9.84
-19.59
12.33
3.83
1.84
-9.63
-4.18
-20.66
8.5
12.6
73.66
10.01
5.96
54.73
62.36
6.42
-19.69
-25.91
-17.29
64.48
-15.27
9.79
-11.53
16.94
7.29
6.77
-82.73
5.96
1.2
12.05
-3.09
6.01
7.83
-44.11
8.09
-8.47
42.78
25.13
8.82
70.01
21.39
49.51
9.58
31.95
12.11
-9.52
13.18
-8.21
86.24
50.62
-7.13
44.88
-7.45
-8.8
11.77
6.25
22.6
59.4
-12.37
-6.3
2.31
40.06
61.33
1.77
-82.09
13.73
-6.22
11.06
-54.64
48.58
12.11
55.44
11.88
15.89
-18.95
-12.5
-16.27
-2.78
-20.23
-38.02
-45.84
-7.63
-2.81
10.1
-23.12
15.94
-15.61
-8.08
-1.01
4.39
35.56
46.8
-1.09
-30.84
-68.95
-9.63
20.04
41.73
8.78
-12.54
-7.97
15.56
-5.28
21.66
-12.1
-12.3
41.3
66.46
-126.03
-14.43
-13.14
11.75
-7.6
-139.02
-79.51
-3.42
74.15
124.69
52.59
-13.97
11.29
5.25
11.58
-118.27
-10.6
58.68
-9.94
-2.6
-3.23
-0.32
0.93
11.23
32.81
-1.81
38.17
3.19
10.95
-5.44
2.37
-28.45
-4.99
20.76
23.38
12.14
-5.93
-8.17
-5.73
15.12
-10.11
-3.91
21.56
12.6
-94.07
4.63
3.68
-9.1
4.34
-31.24
120.45
-7.12
24.12
-8.02
4.32
-444.88
-79.34
-49.85
15.11
91.95
-3.27
11.65
4.45
8.32
66.53
-12.29
-14.03
84.67
-5.77
21.82
34.66
9.45
16.18
-4.26
89.76
-4.87
10.52
-1.91
48.59
-38.5
144.25
-5.8
-10.7
-15.62
-132.95
-41.75
8.21
8.65
42.51
-59.49
9.79
11.96
3.37
47.4
-16.39
6.13
21.45
-36.61
-8.84
105.75
-21.14
6.13
10.27
5.46
9.33
9.82
-90.63
-15.04
-14.25
-51.83
64.58
-0.73
42.45
7.98
24.42
-204.74
-1.29
33.87
6.04
15.45
-13.63
-8.57
-6.81
-29.47
-6.6
16.7
-31.82
2.98
8.85
-11.62
41.84
-31.67
-79.83
-28.46
-7.81
-17.45
-0.29
-20.74
-13.51
20.56
-72.23
-241.49
56.08
48.47
6.6
-4.7
19.66
3.28
-4.91
-42.17
7.58
-9.68
12.43
9.99
-27.5
-2.73
-17.74
-84.66
15.28
10.26
-9.56
32.68
87.28
2.72
-7.55
38.59
60.99
-2.67
43.1
31.48
14.93
-9.22
60.62
-3.2
-13.19
13.48
-84.83
5.86
49.12
6.33
-26.26
34.79
11.07
-5.28
93.21
-9.05
6.61
5.01
-23.31
15.06
-11.33
-44.66
-28.27
-67.7
-39.1
6.86
10.53
15.03
2.8
4.56
10.53
7.47
24.32
-6.22
39.93
2.55
59.91
81.11
5.51
-32.52
35.15
67.68
31.3
13.15
46.15
0.09
-15.21
79.96
89.42
-32.97
-9.29
-0.92
-95.85
6.95
64.41
-34.57
78.61
-4.7
-23.73
19.9
-40.06
10.37
-42.92
-70.8
-65
-50.77
-99.57
79.57
-44.39
45.28
8.65
-2.69
45.23
-108.37
6.5
-3.93
-8.21
116.23
24.86
45.13
25.09
75.9
-90.37
12.6
-9.01
83.8
-4.58
-21.61
12.08
6.43
14.84
54.44
-35.35
5.75
54.04
-2.5
-65.34
-11.26
16.18
-26.56
-0.79
16.95
4.15
-83.42
2.94
-333.28
-229.89
-0.05
-124.79
70.97
31.66
13.94
-1.03
7.03
-0.1
69.37
14.12
4.83
-38.41
-47
-8.4
-125.32
-17
-12.88
-23.21
152.96
73.38
-56.82
-21.95
8.78
-54.24
137.56
-51.91
-9.66
-33.1
20.39
-88.93
-10.16
-108.48
-3.09
-33.35
-15.62
-25.19
62.16
13.6
-5.36
-38.84
8.41
-67.99
-5.15
44.08
-6.24
35.89
2.43
54.2
9.99
-4
-11.35
-5.39
56.87
74.75
177.68
2.16
1.76
63.03
2.99
-1.55
48.11
33.99
2.85
4.57
-24.66
5.45
22.69
-52.56
12.54
7.74
29.6
-82.26
-2.58
129.29
43.3
35.16
-119.38
13.96
123.51
6.41
20.19
-400.91
-10.31
-1.13
-2.44
24.73
12.44
15.49
0.55
10.21
72.72
-9.3
39.12
-31.66
-12.25
-21.03
-24.1
-20.63
43.54
88
16.48
6.46
-89.33
-1.35
42.08
-6.14
8.03
-9.33
-16.84
15.96
47.14
-10.51
-12.16
46.41
13.22
-7.04
10.63
-19.68
-12.64
-5.11
10.98
-33.18
2.33
1.31
7.76
109.23
-9.06
-9.3
-11.38
62.91
-6.36
16.4
7.87
-42.83
-5.97
-3.94
25.87
97.24
-21.09
42.85
3.73
-2.93
-34.11
-371.63
-0.26
-5.04
16.84
-74.89
11.87
-7.97
-93.15
-10.61
7.18
15.83
-5.6
1.92
-95.32
-19.52
13.31
10.57
8.87
0.51
-15.78
77.69
66.09
-50.1
107.46
7
16.3
-40.92
11.71
22.77
-42.23
1.4
42.37
10.89
23.08
73.46
-17.38
-11.96
53.61
19.41
137.2
72.9
-6.75
-38.65
-2.56
-13.62
9.67
64.4
7.21
-4.11
25.55
6
20.89
-23.99
13.33
9.61
-62.83
-9.55
6.31
31.17
14.64
93.55
-48.31
-6.83
86.39
-4.89
10.9
-51.94
-1.29
-110.96
-4.99
-67.38
-3.9
-28.24
-62.63
32.79
-6.72
-74.86
-27.21
77.54
-15.84
18.75
-11.93
-1.18
55.84
-90.49
62.33
11.89
-11.88
-192.45
-6.04
-21.69
39.73
-7.19
-101.29
54.25
-22.01
82.73
-0.94
-12.53
83.54
-25.12
-45.39
24.2
30.01
4.25
-5.14
-5.23
-41.21
10.48
51.99
15.74
37.43
-66.01
36.49
9.67
31.64
5.63
47.53
42.2
10.77
39.18
-8.19
26.31
6.43
51.45
4
88.58
12.32
-7.43
-11.83
11.47
35.25
149.9
44.7
-8.27
-1.28
-20.01
10.98
22.96
13.61
-1.68
-18.55
160.2
13.43
-13.01
14.09
20.92
-80.23
81.87
