-18.21
89.03
4
20.5
-53.5
99.21
1.19
7.78
-25.81
8.56
19.95
-40.13
13.36
-99.54
33.42
0.15
12.34
-87.3
100.68
-10.54
-57.76
-19.98
54.87
-10.17
-55.12
-7.12
8.16
12.66
-13.98
11.76
65.47
-30.87
63.32
-34.84
-203.6
-14.32
67.89
-11.53
1.58
10.06
-39.61
-190.32
40.54
-34.35
64.91
130.14
73.11
-17.01
-8.12
-2.66
-85.98
-12.56
4.71
0.51
6.6
36.14
26.74
-12.48
1.05
-11.06
-17.23
-163.68
23.16
5.79
19.01
-0.67
15.8
-8.09
-7.93
7.46
11.48
67.25
-3.18
3.84
5.15
0.56
-1.56
-25.17
-22.39
-12.3
-58.56
-9.18
48.11
12.56
18.48
-7.19
31.91
78.15
0.03
-9.49
-9.53
11.67
8.86
-19.37
-8.42
-65.72
-11.82
2.91
-17.26
85.7
-4.9
5.48
-21.09
-93.68
-14.02
32.63
11.62
16.25
41.76
-9.52
-68.81
-35.27
-13.64
-61.18
-1.9
12.09
55.8
-9.59
11.02
4.96
-59.38
10.14
-66.39
49.83
15.24
55.04
-15.84
-32.8
90.45
-23.95
110.32
4.88
57.7
-5.42
47.72
-9.2
-8.31
9.49
-44.82
17.87
-34.71
-7.35
-113.19
11.41
28.4
-18.03
8.75
39.02
15.69
9.27
-10.22
41.02
10.42
115.94
54.17
-101.91
-35.9
-42.41
1.44
-50.57
-11.54
1.2
-15.71
24.22
-63.02
-11.41
4.51
-3.66
-161.75
-17.81
24.22
-9.58
9.27
-55.31
44.19
9.4
-116.16
-30.43
-30.42
118.6
-2.38
10.08
-7.81
47.26
-6.06
-3.56
71.37
2.47
10.8
29.46
0.69
54.45
-3.19
7.98
-2.45
-23.6
96.76
1.69
-11.35
24.93
-65.67
11.94
8.98
-0.3
64.04
-25.8
12.72
16.54
0.82
-8.06
-32.68
91.86
14.24
15.16
16.34
-10.99
35.2
-1.68
4.3
13.54
-7.84
-97.47
11.33
-12.18
3.44
-139.73
56.96
20.06
-162.11
-5.09
-112.35
-38.02
4.81
0.49
0.62
-35.09
-0.08
-2.02
-0.82
-61.41
12.12
-8.08
32.92
9.13
9.93
7.35
7.44
4.83
-91.01
-47.6
-26.42
10.67
42.66
32.86
-26.25
32.9
-49.03
-3.11
50.87
23.25
30.46
7.14
-46.77
27.34
12.62
-90.2
-5.61
4.74
-75.3
0.82
17.68
65.24
53.22
12.14
-8.24
21.78
8.96
2.93
92.59
-12.34
4.74
23.69
-8.05
6.87
84.15
9.49
12.53
36.42
7.72
46.6
-0.13
-67.12
11.54
-6.46
-3.63
57.12
81.48
149.5
6.12
-42.97
51.1
2.95
-7.89
-15.17
10.36
-26.74
-8.88
-7.87
-40.3
4.55
-12.55
-6.59
-31.61
11.84
-3.85
-20.69
0.67
14.87
12.8
-96.47
-139.97
154.22
-9.03
4.66
5.41
30.68
6.86
-6.65
-4.3
-5.59
0.03
9.96
-4.63
-10.77
-55.38
18.42
33.43
-6.76
-9.08
12.6
-21.28
91.95
54.66
6.17
0.95
5.03
-179.25
-5.29
-22.29
17.7
156.84
39.98
-9.46
54.93
-40.03
58.33
43.84
-6.27
-27.61
-10.96
72.4
22.15
-47.66
14.31
6.01
-42.8
-17.11
37.55
114.74
-23.02
13.47
32.69
1.09
13.3
-8.95
4.44
-5.29
-8.37
-4.87
-41.58
-25.76
-1.29
-33.72
-3.82
-6.32
-4.77
47.67
-13.84
11.26
109.96
53.99
37.27
1.67
-2.19
-35.42
-27.91
7.56
4.67
13.31
36.95
-3.12
-33.93
7.15
-18.74
-180.44
-5.63
-8.63
9.66
7.09
5.28
7.52
12.18
39.3
-48.84
-38.45
108.09
40.03
72.43
21.66
8.35
-35.59
40.54
81.37
3.15
9.88
-49.42
32.26
-0.05
-12.52
-27.25
-63.84
-1.5
33.27
-1.16
10.66
7.39
38.27
12.89
12.62
-14.86
-34.9
-4.03
116.44
-15.43
-54.25
-4.33
-8.7
4
-69.85
32.55
8.46
-3.56
50.17
0.56
8.76
9.27
45.17
-9.24
82.33
-21.56
10.67
-40.24
117.63
-55.82
-18.43
-23.84
92.95
1.68
13.23
-6.95
-25.46
98.37
27.42
105.43
-0.95
4.26
-64.17
18.65
2.99
-11.5
-1.89
-0.88
5.61
-0.1
91.06
-9.76
1.76
19.83
9.36
-82.29
9.58
66.21
37.87
26.84
11.77
2.46
32.05
5.76
39.29
-12.46
12.05
-81.24
115.98
-1.36
-1.29
5.52
57.26
-79.45
-25.62
43.11
14.85
14.22
-7.59
-0.19
-1.46
19.81
-15.09
-97.63
11.97
59.56
-11.47
8.48
55.36
4.4
82.51
-7.87
24.83
-3.32
3.1
20.61
-53.37
-30.93
5.83
174.84
-40.48
1.81
74.12
24.52
-0.25
-90.31
-1.36
38.85
3.73
-1.3
12.04
20.66
-19.29
21.86
-7.47
60.81
-48.63
24.61
-6
35.77
-14.37
-28.56
4.6
-50.59
-3.34
21.17
-31.16
28.35
-42.86
56.56
8.99
6.97
44.15
-0.06
54.38
-6.45
8.32
5.17
1.35
-1.51
3.93
-228.19
-74.28
7.05
-10.22
47.56
9.09
45.36
4.67
-22.35
16.11
-14.44
1.9
5.36
51.95
1.58
-24.81
35.39
7.49
-2.52
-4.67
71.32
16.68
-23.68
-13.23
2.91
8.96
4.83
-71.22
-1.69
-7.29
-37.29
-8.74
9.27
48.1
0.62
-27.39
38.77
62.96
1.7
-1.38
-6.72
-80.37
-23.69
-26.97
-13.41
63.43
20.62
84.65
11.25
12.95
-48.37
2.6
-5.88
9.51
13.63
18.51
1.66
18.07
14.91
93.05
15.55
-16.49
-71.53
1.46
3.12
38.25
9.41
3.54
-49.48
10.72
-77.79
-17.51
46.91
-18.44
-0.35
-111.91
-32.78
1.45
-8.17
10.04
50.1
22.52
8.99
-48.83
-78.12
-8.29
-9.3
-2.77
-130.45
20.11
-26.59
5.7
-49.25
101.53
-24.18
12
-6.42
26.35
15.25
22.82
3.87
-5.54
-86.35
7.91
34.63
119.83
-7.83
-29.53
10.8
-2.62
-26.94
-18.69
3.34
8.59
90.59
-41.61
-15.58
14.93
40.07
0.94
3.82
6.35
4.85
-7.89
-2.93
13.18
-44.57
-37.36
-1.91
-11.3
-45.06
-1
44.32
-27.6
-136.98
-40.84
12.94
95.87
4.38
-2.33
-8.72
-0.12
50.62
-13.16
10.12
4.77
-22.14
54.16
-194.72
-125.62
-3.47
-27.01
3.31
5.77
5.22
-30.46
8.83
-8.03
50.28
-10.67
-47.72
86.73
-74.61
28.6
-4.92
79.85
-211.2
6.46
-29.74
-4.73
-60.54
80.96
25.47
47.87
-27.55
33.1
34.25
-4.09
-29.99
105.25
9.01
-7.12
14.08
91.99
-99.83
-4.13
-10.03
-6.16
70.84
40.02
-2.93
35.89
3.66
16.28
-118.67
20.75
96.73
4.46
22.17
-9.27
-117.39
7.7
42.2
7.47
28.55
-7.19
119.25
56.64
10.2
-25.45
-9.92
53.84
31.1
46.28
-45.37
17.43
13.97
-114.11
47.24
-13.37
37.83
123.59
4.61
8.84
-37.9
-8.64
-16.12
5.67
-114.05
52.74
-12.11
-15.04
15.18
-5.2
-99.23
10
15.01
120.09
25.61
10.6
-102.57
-15.09
61.24
-11.49
33.67
75.37
-1.11
0.23
-28.53
-147.79
11.52
-9.76
-108.88
45.33
6.67
-15.89
-35
-16.24
30.34
-9.21
4.7
41.89
-4.75
-11.18
-10
47.54
3.87
-21.5
47.49
-67.27
-11.21
17.91
16.47
-65.43
198.61
-22.21
0.11
18.99
32.14
21.24
13.27
-13.06
-1.12
-8.59
-5.15
-0.35
-16.03
-6.48
-38.4
16.9
3.97
-58
7.8
-12.27
37.21
56.16
96.91
-18.07
-25.57
6.82
-5.27
18.4
-60.72
-4.18
27.25
5.84
69.34
76.23
31.14
-41.88
19.64
4.11
30.92
5.55
-58.77
-160.68
-107.51
5.45
-6.46
9.96
-56.07
49.58
4.67
37.94
37.78
113.2
31.64
10.63
-7.4
10.45
3.7
8.17
-8.41
14.23
49.29
53.39
-4.82
-40.39
-1.93
-31.61
-10.12
36.53
-9.97
-1.88
11.55
-34.45
-63.9
11.88
3.81
-92.36
90.5
33.54
5.41
-2.11
-5.94
69.06
-12.25
113.91
-33.01
-6.45
-11.36
4.66
-140.43
15.47
-35.41
25.08
7.93
2.9
-50.21
-25.43
3.77
2.15
-136.07
25.47
-85.4
-2.46
8.69
8.46
1.46
-5.8
32.6
-1.18
-29.13
10.88
5.17
-52.77
-10.11
19.21
80.75
8.02
-7.93
-5.96
-14.37
-4.28
47.85
47.92
-71.4
-16.19
-6.69
66.8
187.32
59.88
-9.39
39.63
-6.18
-6.16
-7.52
18.38
8.41
-11.1
-5.91
4.96
-187.3
16.03
5.33
17.96
3.71
21.96
-2.12
-26.17
-56.17
40.76
26.73
108.51
-11.81
0.85
45.64
28.47
72.64
2.15
-131.4
64.46
0.24
-0.5
9.35
17.95
2.64
20.71
-46.81
5.69
-11.64
41.35
-11.32
23.78
10.66
9.55
-3.87
33.26
-414.89
