-2.57
-10.04
6.23
51.05
-10.9
-1.89
-57.5
63.81
0.74
-189.57
3.46
-12.45
-5.98
41.36
-10.25
-4.81
8.37
-3.39
28.76
-65.12
-95.29
91.98
-88.84
67.2
12.25
20.69
-14.57
21.91
-12.26
-8.04
5.75
-23.76
7.42
7.69
19.76
47.05
-24.01
40.17
-22.74
43.68
11.14
-0.49
-2.61
11.76
0.72
21.92
-26.66
13.04
7.38
2.99
-4.14
149.29
1.33
5.87
-58.27
1.52
-5.04
-8.36
8.02
42.36
7.19
34.59
16.93
9.88
85.44
14.29
8.09
7.76
-35.2
19.01
0.33
37.93
-2.56
-4.72
6.26
12.08
-122.89
-144.63
-16.5
14.27
76.75
13.86
15.3
6.62
-20.59
-14.28
-44.66
51.98
8.59
16.44
-10.62
-1.81
22.57
31.53
48.39
-7.86
-41.59
17.34
27.68
-138.19
-21.85
-13.01
-2.6
0.57
-2.78
34.79
13.63
-5.92
27.07
-18.52
67.46
7.55
0.63
105.96
-50.9
-7.07
80.26
24.79
-6.23
-65.76
-39.16
-40.38
17.75
-29.16
1.33
-7.77
37.17
6.09
35.11
-148.51
23.16
11.14
42.42
-78.88
8.25
146.41
-13.54
7.21
-15.5
-6.65
45.81
-15.28
0.24
-37.71
18.05
-3.69
39.56
-0.9
-9.32
-12.7
-102.3
77.62
-62.09
4.17
10.33
66.87
-10.06
-58.38
3.47
8.43
-7.3
33.7
9.44
-10.52
8.24
7.9
9.54
7.11
25.16
-68.92
97.97
-4.17
273.73
-0.41
-1.23
-14.22
3.8
-9.67
47.74
-24.28
-1.53
7.69
50.27
-8.41
-11.52
-104.29
10.66
59.89
-1.29
8.32
7.45
73.39
5.18
-95.8
-97.44
3.31
-0.22
-61.15
11.43
19.93
83.86
6.47
12.29
29.6
-42.27
10.81
-7.85
-9.45
-105.32
1.62
-2.42
167.83
21.27
58.93
-44.65
64.07
11.07
4.56
-19.31
13.19
-27.91
1.74
45.29
-64.45
45.92
-9.14
71.22
8.61
-55.74
11.22
-104.57
-44.98
-99.98
-8.86
9.28
-42.32
125.38
-3.24
24.81
-11.93
-81.44
-56.14
2.93
-15.98
36.81
5.61
1.63
15.21
17.24
2.22
-31.9
5.63
33.72
-83.48
1.18
-9.02
-29.5
4.48
-42
-8
-96.44
31.38
50.14
-12.95
8.24
-6.08
-4.84
-9.25
11.86
38.99
-10.86
16.21
-47.14
11.97
0.12
11.05
119.69
-5.14
-25.34
72.39
-22.93
-6.83
66.41
41.72
10.62
-17.55
-62.75
-10.48
-47.2
-1.41
143.23
-12.34
23.05
24.32
-12.71
-9.29
-41.39
9.22
-27.98
87.7
-3.71
6.29
-4.04
16.92
28.03
-27.88
17.47
-123.87
29.35
4.48
-51.58
3.35
-4.34
-321.14
-1.79
47.53
18.92
28.03
30.56
44.76
31.36
59.54
-70.22
-11.84
8.76
-18.06
-7.62
10.57
-119.28
-11.59
2.58
-21.63
10.82
9.06
-30.26
-99.97
-157.12
-2.25
3.15
-50.97
-9.53
178.39
-1.09
-6.09
45.1
-40.19
-5.87
-1.29
14.82
31.73
1.64
-88.66
-21.61
-15.26
90.92
-0.1
-14.97
-18.04
-130.8
-104.34
-18.03
-19.04
94.93
-56.41
-24.51
9.78
-32.24
-144.51
-28.83
7.28
5.12
91.87
-32.44
45.22
24.03
32.34
69.57
-4.53
142.07
98.21
10.89
86.12
38.34
6.4
8.13
8.02
-14.58
6.63
73.92
-61.89
52.79
121.56
44.8
35.57
72.3
63.19
-7.46
52.83
8.18
-3.89
-18.24
-30.32
-63.86
1.56
-1.71
10.25
-12.41
4.65
3.66
-50.08
21.2
-7.32
-14.58
-70.15
-94.77
4.7
3.16
95.69
-39.28
19.69
-20.85
25.26
22.69
-7.17
-25.36
-6.99
-12.88
-9.85
-24.79
-16.44
9.51
6.42
46.99
7.16
98.47
-57.93
-48.35
-42.9
-18.69
2.1
-0.95
-34.47
-22.37
17.81
25.54
10.23
-44.24
-19.27
-11.82
24.03
-29.42
3.1
-4.21
11.8
-20.94
-37.4
3.32
-9.23
18.22
21.21
-1.57
-9.61
3.23
13.18
25.02
9.04
-74.51
11.4
-19.87
35.1
26.26
-7.09
69.9
18.89
53.15
9.39
4.99
-27.31
93.9
-147.29
-38.22
-20.4
69.44
34.76
59.34
-95.46
2.37
-4.28
156.44
8.21
-45.68
-6.95
74.11
62.62
105.3
20.06
-10.26
41.22
-2.19
-9.67
-62.01
58.98
54.63
101.42
-4.66
-71.69
-18.78
-32.65
-12.46
34.02
9.17
150.39
-7.85
10.68
-64.01
9.21
-2.64
8.07
-4.51
4.49
88.96
11.35
94.61
15.75
12.94
12.41
34.68
-20.26
39.14
5.54
8.67
49.92
-1.44
20.42
-12.17
-4.17
-244.3
6.72
14.07
-7.6
-22.31
-102.87
3.27
-11.87
46.53
65.53
-1.73
-2.71
0.28
-64.83
14.53
1.41
1.37
127.26
-0.08
59.9
32.86
26.47
-77.97
11.51
76.71
-13.63
-135.97
46.47
18.44
16.16
-26.9
-30.68
57.34
-52.08
-113.87
27.02
12.01
-41.68
37.82
-11.34
-32.78
1.96
5.64
11.43
114.35
2.03
18.65
11.92
76.27
3.02
-8.86
-98.48
-9.51
-6.49
-5.69
-10.17
53.67
-83.76
-9.59
-34.35
-6.69
2.34
-13.56
-8.4
0.97
-118.7
0.71
-9.19
-112.97
23.73
-47.67
5.94
10.64
-9.4
-7.63
71.87
-22.43
-46.66
-12.62
8.45
59.89
-0.66
17.56
-24.46
-26.17
26.18
49.3
-1.85
7.82
63.07
81.2
48.47
-6.75
50.16
-100.59
20.82
9.59
-8.44
39.86
15.85
5.38
-37.96
-5.29
31.53
57.37
-28.11
8.71
10.98
-16.09
-9.02
10.81
32.08
-30.47
122.04
-35.98
-5.81
-11.06
-10.78
7.01
-28.42
95.99
-3.52
-21.51
17.26
121.29
-10.56
25.35
1.59
-68.66
-20.47
-10.14
-7.08
-4.41
119.8
2.55
-15.19
4.3
15.68
-13.41
15.6
-22.84
7.65
-29.52
-58.5
24.8
-77.27
13.52
0.38
13.63
-28.68
11.11
-5.84
-15.86
50.26
-11.09
-2.03
-8.68
-117.08
-7.46
63.63
6.89
8.05
33.27
-5.76
-41.67
-5.23
-32.06
-103.11
48.36
7.89
16.81
-2.96
35.03
107.01
18.72
-13.72
-23.31
22.84
3.95
-20.08
-50.88
125.17
-67.94
-96.54
-33.5
44.66
7.09
50.66
-13.1
4.04
-9
245.76
-7.96
-13.13
34.42
-30.24
-31.4
20.81
-4
6.23
-11.08
-102.41
37.01
-2.16
-14.24
-6.22
9.41
-38.63
100.31
28.88
-135.49
1.15
49.85
-55.23
46.09
-34.31
16.82
6.48
8.92
-51.87
-33.3
-2.26
-16.69
9.06
-18.65
-1.96
-23.87
-16.53
-135.59
40.89
12.19
-0.35
8.13
25.54
-55.11
-21.27
-36.24
-15.14
14.7
-2.45
5.86
-59.31
-30.24
-7.52
141.36
129.07
-11.44
-2.86
-8.01
-11.12
13.19
-26.53
13.04
0.82
28.18
13.9
-16.42
-5.52
-69.54
31.95
4.93
170.18
-7.41
-15.26
35.52
-213.06
-35.11
7.61
-18.27
-33.69
-14.05
4.57
58.88
24.68
45.63
20.28
3.57
20.54
63.52
8.07
-7.65
-4.14
-9.33
64.84
-33.66
-8.02
22.79
-28.49
16.37
7.24
-69.38
79.07
5.98
-8.45
-1.21
1.7
2.76
50.39
44.75
-9.13
7.24
43.45
-25.62
55.43
9.25
-56.49
6.08
-8.42
-47.74
-46.67
-1.35
-98.12
-13.85
17
-46.34
7.12
22.96
-8.93
-58.37
1.69
198.08
-8.86
9.88
64.28
9.53
-0.11
5.43
-150.15
13.4
10.74
-61.06
-3.71
7.53
-0.72
-41.8
28.85
153.38
-45.5
-4.09
-4.12
-16.07
-15.66
66.22
15.92
21.26
60.18
19.89
6.59
8.93
43.05
-1.08
8.21
-60.84
5.88
-155.1
-5.76
2.35
12.34
-1.37
-34.85
-0.02
-12.77
30.92
-8.48
81.2
11.47
-139.86
-59.84
-1.3
26.15
-36.99
-19.6
-14.36
8.86
-6.62
74.69
5.9
-13.02
-5.13
-17.16
-4.78
-7.55
-33.21
0.65
12.61
-34.87
-5.1
-9.94
-2.02
-27.43
-13.22
10.11
-40.18
10.76
8.4
-13.83
132.36
10.08
-0.55
47.39
24.45
5.74
48.29
-12.07
-54.22
-27.24
2.8
12.55
-7.79
17.16
-16.06
107.28
0.44
-7.66
-60.88
-185.08
-18.78
-109.08
-12.78
2.94
-5.78
-19.37
-1.52
-69.04
-62.92
-9.55
25.58
4.66
4.93
-3.6
44.9
25.91
0.03
-14.52
3.21
-54.04
-24.22
-12.02
3.61
0.62
-39.55
55.46
-4.37
-4.36
-49.99
-15.42
-99.46
-182.49
-50.72
-54.27
-8.74
-67.99
-58.92
10.8
-6.22
2.06
60.79
48.39
-71.35
10.84
109.69
-183.98
0.24
71.19
-13.71
-5.85
11.78
-44.86
12.37
22.11
9.28
9.3
-5.57
30.56
-3.12
-8.15
2.49
61.65
-19.05
6.73
-50.11
-0.22
26.13
-0.03
43.18
43.79
-56.57
71.15
