56.32
105.02
51.86
12.52
-1.49
23.09
-5.9
72.84
-58.8
-47.71
-83.81
-1.28
5.23
71.05
6.18
1.84
10.78
-100.06
-3.26
74.37
-4.33
-10.25
-167.92
22.78
9.28
29.63
9.91
49.02
-9.87
10.34
4.7
-32.81
161.84
-75.22
2.12
3.54
5.39
2.56
83.16
69.33
26.73
-10.28
56.41
-19.98
17.57
33.25
6.86
-38.72
13.16
72.19
-36.51
-6.42
6.08
-286.7
2.57
2.04
43.01
10.26
-8.98
68.45
-75.82
-7.09
-132.54
-0.39
-6.28
-8.46
-25.3
13.44
43.45
14.57
-97.55
59.42
-16.23
23.66
-38.03
-9.37
49.64
-4.73
-10.28
0.65
-10.09
-172.36
-9.99
7.79
9.92
11.67
95.39
71.24
41.26
85.74
12.48
-65
5.05
-4.38
-7.03
-19.88
2.75
-8.22
-32.93
7.08
-0.19
-11.81
-1.17
61.44
2.26
-46
5.42
-27.46
60.04
-55.51
69.01
24.46
17.82
-8.8
132.36
6.39
2.95
-3.02
-105.82
-9.8
-8.18
6.79
14.79
-4.55
12.03
29.79
-14.3
41.16
-22.71
24.2
48.81
0.86
1.02
-6.66
8.01
-23.74
10.48
-44.47
21.08
8.95
-3.22
-8.85
67.6
-71.35
50.48
77.43
-13.55
3.34
5.33
-6.83
-45.71
-120.45
36.3
1.82
-35.96
-6.56
-56.06
-14.36
6.68
-6.13
-52.39
7.07
8.2
28.19
2.21
-0.85
40.66
6.12
6.09
12.95
19.19
9.31
-4.43
31.05
-8.52
3.29
-41.33
-9.53
-21.26
-16.79
-28.06
7.69
-0.44
-97.02
66.94
-5.6
9.41
10.94
-11.07
-9.18
14.38
-38.5
49.81
93.76
-2.07
29.18
-17.41
25.5
-7.94
-110.35
3.5
-6.49
76.89
-80.45
-12.63
-21.84
-19.27
105.36
-13.85
20.19
-42.4
-0.84
-13.64
-141.42
1.92
3.31
82.6
-0.64
-12.55
-13.61
17.42
17.58
-52.23
-4.83
6.53
22.63
2.72
10.94
-17.12
9.55
7.77
-7.58
-2.87
-56.17
-26.04
-10.11
0.21
-98.24
-8.79
-3.17
22.58
13.5
43.11
16.2
-16.02
-9.35
-1.39
68.14
15.26
-2.58
-3.8
3.54
7.5
8.94
15.84
18.66
4.6
26.2
23.85
-298.4
-9.24
4.53
-147.35
-16.43
9.75
-5.74
2.67
5.18
60.5
-121.07
25.76
-11.31
-10.87
12.2
-242.46
6.64
34.54
88.97
41.18
-10.21
7.99
-35.71
3.57
12.85
7.7
-34.97
13.49
-4.11
78.25
36.03
46.28
-21.29
18.96
-14.53
-8.02
99.36
-220.09
52.43
-168.55
-9.77
-15.66
-78.3
22.38
21.08
37.06
-2.91
-120.67
-183.01
43.03
-7.91
56.84
-56.94
-9.17
-12.16
-7.06
-7.51
-323.52
14.47
6.71
4.52
22.2
23.91
29.61
26.01
80.55
-0.18
24.6
9.18
-16.34
-31.33
46.74
-14.92
22.43
-68.31
1.87
100.4
-19.13
-3.28
16.19
7.83
0.4
-46.06
-53.66
0.07
-3.52
6.74
-13.64
-13.01
287.87
6.44
-19.58
-52.61
-84.3
82.48
-7.81
-35.32
1.8
0.09
-9.57
-8.41
10.91
18.12
22.13
43.9
-11.29
1.41
-28.02
-55.88
65.66
-38.24
-70.34
-57.23
23.67
87.45
11.79
60.67
-5.68
-39.39
-8.02
19.19
39.69
39.65
-8.95
-13.28
1.21
20.63
-9.41
-155.96
52.74
80.32
4.45
-194.2
12.28
-48.63
-9.11
12.92
0.11
-4.31
17.66
5.87
11.48
6.89
14.06
-5.45
-30.86
1.75
-5.64
-85.05
18.05
-57.93
31.13
-13.94
11.19
23.32
35.27
15.55
3.3
110.54
113.89
24.59
-38.22
-18.66
-57.13
10.75
-10.07
-490.26
54.67
70.3
10.76
14.78
-36.77
3.78
51.38
-9.14
-7.27
-15.19
76.16
7.07
-7.53
-68.86
21.91
27.57
-68.01
2.39
-8.74
105.05
182.74
9.32
30.63
75.19
30.63
9.02
5.89
3.13
3.06
26.07
-49.6
56.93
3.39
26.1
-4.15
-58.77
54.97
34.37
-33.31
17.18
56.89
-6.01
3.51
-8.78
-7.88
16.54
-94.97
8.62
-97.6
-79.93
39.42
2.85
13.47
-102.92
22.69
38
-21.44
14.22
-11.29
-58.63
-88.2
-52.11
-135.47
-15.79
107.55
57.05
10.87
-4.58
-51.3
-12.03
-62.24
-6.12
9.86
24.8
173.36
25.76
-49.34
54.83
20.73
4.7
62.18
85.8
-174.31
-4.52
-54.16
-107.61
15.56
-35.29
7.8
-61.59
-17.51
3.95
53.93
-9.24
-15.13
11.27
-12.04
-78.5
-7.78
3.61
7.49
-7.9
86.37
-9.8
18.01
-7.26
39.38
-0.62
1.64
14.83
3.77
10.01
87.01
53.91
-39.56
5.4
5.67
-32.78
-65.01
-105.56
-0.19
-32.34
8.14
-13.07
-6.62
-24.75
-2.42
-5.29
-37.92
-83.58
-0.88
31.03
-0.12
16.59
-16.24
-32.83
-44.37
-7.01
45.62
107.07
-9.21
2.99
-4.91
12.8
8.46
1.64
-64.97
11.46
102.32
39.16
-77.74
-7.15
2.27
5.81
119.52
17.76
2.39
-41.15
78.71
9.09
-29.51
8.33
-29.69
-44.03
-112.21
-87.22
46.04
3.32
399.94
51.94
-11.46
-15.66
23.33
63.96
-51.48
-45.08
-14.38
-24.31
114.92
184.18
-6.08
16.09
-64.1
-10.97
13.29
-70.59
4.93
194.69
-7.4
45.64
-49.39
3.61
22.7
25.92
76.76
-10.81
5.84
-33.82
46.09
-28.29
34.42
-121.49
116.97
-92.4
-9.03
6.99
10.14
11.7
1.36
-19.77
11.24
6.17
10.5
-25.39
-20.24
62.57
-84.46
107.27
8.65
30.98
0.39
22.66
41.05
10.85
-131.69
-10.23
-48.14
38.08
-6.47
-61.25
5.8
-9.64
58.26
51.79
1.7
-41.53
13.39
37.69
23.73
-8.07
5.36
-82.6
37.97
-4.87
1.66
-95.16
0.57
-137.31
-5.75
-1.33
31.36
-19.11
-4.14
17.6
95.72
-31.9
-27.78
47.64
-6.41
20.91
-37.13
-15.86
49.6
-9.71
37.43
-13.63
46.68
9.9
106.32
-118.78
-50.84
-25.25
-13.17
18.14
-66.01
45.68
-21.21
-2.7
-80.15
-12.17
-37.42
7.68
10
12.42
32.1
-0.63
13.37
-68.12
-102.73
-64.71
21.85
8.09
-5.05
50.82
93.22
-18.65
32.74
0.05
86.49
0.49
10.68
-3.55
-6.12
6.12
15.99
-77.76
-1.19
7.24
119.79
20.42
58
57.25
21.62
109.92
8.04
-36.09
59.31
37.09
-34.56
14.4
-5.21
46.94
-73.26
-166.24
11.98
56.08
-5.2
10.5
-16.82
15.45
-4.98
68.77
-17.6
-20
-0.73
39.91
20.6
24.74
68.77
-4.93
8.15
-6.25
5.71
3.76
13.32
72.6
50.06
-31.53
-6.16
-119.67
-12.42
-6.18
-14.9
101.41
14.97
-11.97
-3.39
65.67
-19.86
99.6
-71.51
208.34
5.52
-125.82
-8.46
-36.76
38.78
22.27
0.04
-13.74
0.04
15.67
1.68
6.91
-11.75
-10.92
38.06
-10.56
-1.08
26.63
-148.12
-74.67
-6.72
-22.83
68.81
-61.35
11.63
54.31
-21.09
-1.81
61.71
15.77
-17.93
-12.61
30.56
19.03
2.6
-2.43
9.8
4.43
-105.25
-10.94
44.55
82.45
-73.15
-79.48
6.5
-15.47
-6.19
2.46
-3.91
-6.38
8.8
-9.14
-49.83
4.62
-28.14
9.53
11.17
-8.58
29.99
58.81
15.68
-13.45
2.37
27.36
35.2
-50.32
-9.5
-112.06
77.9
26.15
47.57
39.74
11.22
-80.14
2.11
-86.58
63.56
11.09
20.6
45.12
13.31
6.39
8.68
-40.93
-9.69
2.32
-4.65
-89.6
-7.65
-8.3
13.96
38.65
-10.18
12.47
-61.32
14.78
-40.51
4.22
76.86
-2.93
-1.97
24.15
96.45
18.51
-18.21
6.7
-53.24
0.99
-8.8
-25.84
4.61
76.63
-5.51
12.45
-4.86
6.3
16.43
118.62
33.17
14.11
70.74
-145.97
-75.97
-30.66
50.5
-48.18
31.93
-45.22
-31.37
15.96
66.6
5.79
-11.32
26.12
5.35
-7.22
-26.91
1.22
-8.98
6.81
-1.76
-1.42
10.76
-4.63
0.02
-17.88
22.5
-8.89
-60.04
-1.92
-7.4
10.27
-87.75
9.23
-28.12
105.01
-83.48
-15.11
-15.62
9.62
-20.47
16.52
-17.42
53.86
13.1
-23.01
2.65
67.43
-71.47
-26.22
-6.4
-18.75
13.92
-21.98
74.55
50.26
55.31
63.7
-9.18
7.6
-52.79
86.29
36.75
-46.86
-12.1
24.36
14.42
49.84
-6.71
51.37
-7.65
-17.61
-12.52
-19.23
-6.43
-9.81
-16.97
2.85
-8.83
6.99
14.15
-8.49
-70.01
-2.36
25.92
-6.83
10.1
-34.98
34.07
0.16
12.06
5.09
38.61
2.95
-18.44
-44.87
-10.28
-6.12
-45.15
-97.46
-4.97
-33.53
-15.11
0.77
-5.52
-27.98
-10.78
-88.88
-63.44
91.44
-4.07
34.57
-4.14
74.91
18.19
47.42
