-3.3
-44.27
-4.7
50.42
22.74
54.66
-40.89
25.5
0.67
70.61
-0.22
12.31
12.53
14.24
-3.52
-20.13
11.2
91.21
27.52
-0.81
1.72
32.25
3.16
10.73
97.46
-3.51
84.59
-9.28
-7.48
1.01
-61
16.16
43.41
9.01
-235.55
8.61
69.96
77.55
-27.45
5.2
-25.14
8.71
-21.47
-26.48
-77.68
-0.96
15.31
49.66
18.78
50.64
-178.78
31.76
-13.51
16.06
-112.02
-6.63
65.63
54.76
-0.28
-11.52
38.08
-73.4
1.02
33.36
4.19
-62.46
-5.83
-35.82
121.04
22.02
9.37
83.8
-6.33
-15.2
-6.96
36.28
3.66
-8.24
63.55
39.4
-8.32
6.25
-9.98
14.68
-31.26
-7.95
-63.32
-18.74
-46.4
10.57
-66.45
-13.01
-2.23
-3.58
66.46
-42.84
70.16
11.35
30.48
-16.25
-44.53
3.75
-51.36
-69.4
-49.49
34.75
-20.67
34.3
-39.19
5.01
-13.29
9.3
-6.54
18.59
-0.29
-22.51
-15.24
2.46
-4.93
5.03
-20.31
-1.89
3.82
-7.31
38.29
-129.48
154.19
1.55
19.86
47.87
-55.65
88.46
1.9
-23.01
-23.67
-64.46
62.3
-0.97
-18.16
1.02
32.65
-7.89
-27.95
-4.35
-12.11
21.53
7.31
23.59
39.19
-12.76
-0.14
66.8
39.74
-16.24
-5.52
2.68
-10.65
3.06
-7.56
0.72
-12.09
20.48
-29.83
4.65
-26.67
-0.21
67.41
0.09
-58.24
-47.85
36.04
-13.15
-45.85
43.05
-7.93
99.44
-10.6
9.49
13.37
6.27
31.01
16.4
-108.94
-1.66
-1.69
33.8
39.72
27.35
-5.76
-85.5
12.08
-152.38
111.28
-16.7
9.77
44.15
-10.87
59.41
-7.34
53.23
-4.14
39.73
-8.05
51.36
9.03
-6.99
4.29
-1.62
0.83
-1.33
0.46
0.82
33.47
-9.68
-213.21
29.96
-6.44
3.87
-62.89
-6.62
40.13
-7.58
24.17
69.28
-4.59
94.31
-12.73
-4.72
-33.3
6.1
18.14
12.84
4.28
-87.66
32.59
8.25
5.35
-47.81
104.5
12.29
-45.41
11.11
1.95
-12.26
62.77
12.31
16.33
-2.71
-62.23
44.79
-51.06
8.49
1.87
44.12
-188.45
6.85
-13.3
32.25
-2.73
75.46
2
3.62
-6.4
19.07
19.26
-6.86
-25.02
-10.41
-7.65
-14.44
-7.17
-15.31
29.3
-0.45
-127.2
32.2
-7.11
74.33
2.57
6.85
-21.19
5.27
3.57
-10.64
56.08
8.73
-6.43
100.47
-216.09
-23.81
85.81
53.91
31.96
-8.89
-37.21
10.92
10.82
-29.8
-24.33
6.05
-13.55
-56.89
-4.79
-26.38
-14.08
-10.24
30.13
0.44
-5.43
-9.76
31.83
-154.2
-23.45
45.86
-22.11
-12.53
4.63
-97.73
-59.4
-3.2
11.93
10.28
-55.09
5.87
12.2
-24.27
10.71
-2.8
50.79
9.79
10.98
-25.07
5.87
44.2
-16.34
102.91
9.81
-2.41
0.46
40.75
-10.24
-12.17
-10.61
53.31
-25.24
43.66
11.05
236.44
-11.43
-7.79
-30.11
7.03
-54.62
-49.78
89.07
1.91
-11.15
8.07
173.41
6.75
-46.43
-55.86
-1
20.88
37.7
-0.92
-45.11
-41.37
10.84
-11.12
-3.9
-115.29
-13.6
3.71
8.02
-13.44
-1.36
-19.12
0.14
36.35
-19.64
8.19
-12.54
31.4
-246.22
-3.41
-18.18
14.54
-53.59
-45.54
19.83
58.26
118.01
-6.23
10.69
-3.92
22.59
1.99
-170.1
-268.03
4.26
-10.01
13.85
82.01
-1.41
-7.29
-23.57
15.02
77.93
-0.59
7.86
-197.95
45.32
55.21
53.06
-34.91
9.9
-67.32
57.27
11.52
-11.48
-7.43
-6.44
44.58
10.07
3.49
97.44
51.1
-12.93
13.37
62.35
-7.24
-0.62
4.85
46.01
7.47
-109.25
-40.13
33.67
26.67
0.45
15.13
-16.1
26.58
-151.56
-3.2
6.52
-15.76
27.98
50.28
5.07
20.77
47.3
130.95
30.69
-3.4
-7.94
6.32
-86.96
77
-7.32
-69.05
10.95
0.24
28.48
14.49
-305.5
-0.84
-9.6
38.26
-66.02
-9.3
16.69
51.33
-7.15
-31.39
48.35
-11.41
-9.01
-30.06
12.37
12
1.3
-9.52
2.08
-5.87
21.17
8.11
8.91
65.17
48.32
-4.85
-15.54
-28.53
-20.65
30.4
-38.47
-29.11
-8.76
-0.68
-14.49
27.93
28.4
7.4
7.08
2.92
43.46
12.12
95.41
-191.16
36.24
-62.55
8.2
-53.77
116.72
-5.25
-14.06
-5.6
146.78
-10.19
-19
17.95
66.43
-28.48
8.07
-68.57
-154.96
-13.53
2.23
-69.78
63.19
10.48
8.53
-8.91
-28.14
-61.87
100.16
-44.2
-35.33
-10.66
-9.62
-15.48
58.07
153.92
-4.28
-97.37
1.41
62.29
-8.06
145.09
26.15
-5.72
-47.3
10.05
-57.16
5.37
-42.98
-94.88
38.92
10.06
-27.43
13.13
10.69
-16.5
7.05
-8.37
-32.72
-2.84
-54.49
-28.44
-47.8
-115
16.04
70.62
-6.51
29.99
5.27
-20.07
-30.8
0.91
-269.92
54.95
-25.85
48.25
-57.26
5.35
104.41
40.44
-6.46
-5.93
27.15
-18.96
9.89
12.61
-10
-58.64
-119.59
-64.1
-1.79
53.62
-5.37
-313.97
56.36
8.64
5.46
-395.99
-9.73
-25.6
-28.61
4.97
-48.93
81.98
29.85
-20.8
5.63
-11.48
4.42
-107.57
1.66
-60.54
-20.69
13.63
-14.84
-12.25
13.23
19.83
10.57
-45.94
88.51
-0.16
-20.82
-74.54
13.72
-91
-4.38
-7.14
-30.5
-13.03
127.33
18.46
5.76
-6.27
32.09
52.72
-1.42
0.92
-29.22
-4.92
40.93
-12.59
4.99
65.1
6.99
21.7
-5.34
13.6
59.38
-13.44
25.25
-11.31
-29.47
16.18
6.23
-3.23
21.07
18.56
-12.95
-19.86
-91.62
0.49
9.11
-167.32
-25.81
-3.08
-16.17
4.8
-49.31
32.62
7.17
-6.23
-14.36
63.24
284.41
-4.53
-1.13
23.04
126.84
-48.37
-21.54
-5.49
-138.64
32.27
40.68
-11.07
11.38
-42.73
-35.52
-20.24
5.95
-5.19
-52.24
-6.77
-10.23
3.64
1.5
144.85
-14.72
-92.62
-7.94
-67.74
20.06
-6.4
120.13
1.32
-12.99
23.63
-18.57
32.52
82.17
50.53
-15.2
-29.18
7.12
22.72
-11.73
82.1
31.85
-17.42
33.8
58.6
-85.52
-7.7
13.21
-77.88
68.2
85.97
-24.3
-8.59
6.4
4.8
28.21
-4.39
-101.47
15.1
-33.53
-6.9
-21.42
25.88
-9.49
-9.85
-114.45
-5.21
-24.32
17.75
10.65
-19.26
0.72
6.57
-16.47
38.67
-15.79
5.26
13.69
-9.42
-23.62
-12.35
10.39
-204.78
-1.03
-14.15
-21
17.49
9.55
1.21
-78.53
10.79
-39.19
-5.86
2.83
-9.79
6.82
-22.71
-14.43
-46.09
-78.15
-7.66
17.13
10.87
0.16
-40.48
-54.89
19
-43.57
77.97
-7.61
-129.57
-77.68
-41.18
-5.4
-32.01
-89.25
103.28
39.68
83.05
2.08
30.66
88.5
-10.34
-124.19
115.92
62.11
49.03
6.53
47.06
-12.98
16.62
-50.13
10.74
32.72
-2.75
21.42
1.07
-9.53
52
28.83
-30.63
2.12
-108.42
-6.01
5.06
-35.5
-24.64
-22.32
-95.83
-6.13
4.03
-44.2
43.12
25.44
52.24
42.65
15.41
-18.29
-51.03
0.92
-116.86
-17.38
68.02
-17.15
94.18
4.99
-10.27
8.12
13.34
-2.99
58.63
-31.9
-11.29
64.58
-24.39
11.85
5.09
7.36
2.97
6.12
15.8
1.31
-1.88
15.3
57.77
-6.31
22.45
-16.09
-61.29
2.75
80.05
-103.65
52.52
-3.42
-15.11
-67.7
37.18
-7.01
11.68
6.45
72.19
30.28
18.89
39.52
3.97
-87.74
41.83
58.18
-7.38
-1.73
14.25
-35.72
-36.25
11.62
-22.49
-6.34
-2.82
12.05
2.01
-6.43
42.02
-6.31
-100.72
-113.39
155.39
8.6
-6.8
-57.92
-53.76
-10.74
-8.27
69.9
8.08
2.38
9.55
-0.77
74.75
-10.94
4.19
10.84
-5.94
-17.09
-8.73
105.61
-34.55
-3.99
78.52
-12.81
54.87
-5.02
-10.13
35.8
101.71
-62.76
-9.44
-13.52
-30.3
-65.85
8.79
-12.19
13.92
-18.47
39.76
33.06
65.66
72.35
-8.04
10.78
7.47
26.05
5.41
2.34
-171.22
-34.83
16.32
-6.29
6.24
6.74
-31.01
-22.08
8.5
3.17
-65.67
80.78
-15.5
35.99
9.02
12.35
-28.62
70.23
-10.97
-7.33
43.05
9.96
87.61
10.77
114.72
-9.12
1.2
-38.66
-1.82
56.37
22.41
1.48
-3.51
-25.25
-14.28
-11.47
22.05
2.55
-6.65
-11.05
-36.97
-10.25
16.03
-41.14
32.31
11.86
-2.11
23
-46.52
-31.98
-3.1
-57.35
-32.59
88.67
32.15
-75.25
-19.27
-8.61
-48.1
14.91
9.62
20.22
-4.73
16.38
-9.75
-5.21
13.17
