11.5
43.88
4.79
39.06
14.28
-0.58
-20.57
-12.97
5.88
122.49
4.94
84.56
-22.85
-1.52
32.77
7.5
-6.02
39.37
-10.07
11.36
-8.82
-18.26
10.55
28.4
-31.21
-4.91
3.88
-22.11
6.46
12.5
66.69
7.65
-20.43
84.01
-34.7
2.34
-30.36
-18.64
-23.56
1.7
-61.27
-9.17
-12.19
-8.66
41.33
-41.33
-133.49
2.9
-5.27
16.72
4.45
78.95
-10.08
106.69
-101.9
0.08
-43.71
-36.19
-95.92
-11.79
38.8
66.37
6.43
17.26
39.4
79.38
-50.83
-0.33
-25.86
-30.8
-35.28
-11.29
27.76
-9.96
-95.77
-54.22
-1.91
53.95
11.6
9.6
-84.34
-100.94
-1.36
-14.93
-9.59
21.29
-28.23
32.6
14.36
6.35
8.62
20.38
-28.23
3.15
12.05
88.74
10.02
28.33
-15.36
136.51
3.52
-88.41
-3.25
13.05
20.64
132.31
7.57
84.75
23.12
-22.31
-13.85
29.14
11.28
-69.47
9.2
15.06
-1.56
-4.09
-4.35
-32.01
-40.52
27
23.95
35.64
-10.89
4.85
20.24
45.3
4.01
7.14
-40.3
21.27
-114.35
-12.11
10.58
79.91
17.85
26.28
-5.48
-5.04
-44.61
10.62
-24.04
-35.67
-29.85
132.98
20.68
-83.02
3.61
-51.32
-7
9.83
-37.56
-58.45
16.26
18.58
20.68
37.16
-8.15
73.19
42.72
9.49
17.78
-4.04
2.64
26.93
-11.46
-2.92
-147.21
55.72
-2.09
0.84
-11.76
9.43
-14.58
28.14
-85.79
0.4
108.69
-10.35
-14.46
-50.4
-10.89
-5.1
-0.53
-0.64
-1.14
-4.05
-10.76
133.09
81.82
7.49
-10.49
-47.04
-38.55
13.91
10.73
-29.94
-2.72
3.82
3.44
15.67
53.84
7.58
21.66
51.7
44.43
-20.18
-17.48
125.87
9.13
-5.51
-35.57
5.73
52.11
-186.43
78.29
8.24
-99.7
-44.48
15.91
42.41
1.82
-3.06
68.03
10.35
53.84
-10.28
-9.66
-6.74
148.48
-184.69
10.13
41.9
-3.01
-84.17
-33.65
-61.31
-15.23
58.66
65.71
-72.15
-10.77
-97.96
8.11
4.08
-5.01
26.26
-14.43
3.35
-8.76
-26.79
-33.54
-4.64
10.3
10.81
-52.78
-9.14
8.88
24.45
57.12
-23.42
59.63
-6.04
11.54
43.23
-1.15
68.46
26.36
-69.22
-11.99
-11.56
-8.48
-52.71
-11.63
-2.44
0.79
32
9.52
-23.33
4.41
-9.62
49.4
-196.05
0.63
6.88
10.17
-34.54
-21.56
-35.16
6.4
69.42
-7.15
-0.16
-4.22
-100.57
27.79
-0.7
-4.9
24.5
-11.27
22.94
10.01
26.62
12.93
-6.64
13.01
1.2
-116.12
-38.73
-6.85
28.34
122.92
36.99
0.03
-12.18
10.75
25.31
89.31
2.15
0.96
62.75
-0.99
36.75
-55.28
59.45
1.38
6.62
43.11
8.53
2.36
-35.17
43.66
-5.13
-1.84
-10.7
27.12
-47.88
58.71
-77.66
32.85
14.97
-37.25
-8.3
-13.87
45.22
3.26
-9.51
-83.06
9.23
15.32
-14.23
36.59
-10.55
-13.49
-6.74
-31.72
7.89
-12.92
-5.43
-4.12
12.79
14.04
16.09
100.36
13.93
6.84
-55.81
-15.8
14.53
-11.72
6.22
-63.15
-6.79
-8.04
53.17
5.01
-71
21.46
-0.81
10.98
6.29
-12.5
69
8.87
6.62
5.03
42.96
-2.97
7.85
42.84
-9.95
-62.94
-50.22
-56.64
74.12
-92.86
25.58
14.99
-61.19
-7.46
-37.01
7.36
-4.09
4.41
24.17
15.23
-84.53
22.99
-29.25
10.87
16.38
-30.47
-58.71
-9.89
-5.21
-16.25
11.3
160.93
157.47
-95.33
9.28
56.08
54.41
-114.21
-1.62
32.98
76.9
-4.65
21.1
-33.2
3.98
-5.96
-11.43
-0.26
-71.47
11.07
-18.13
24.26
8.99
-2.27
-3.61
-14.03
3.75
15.65
-13.58
-3.74
-13.6
1.65
45.37
10.54
-0.09
-10.56
-10.74
-35.73
93.06
9.22
-116.95
6.16
-119.43
-7.67
21.03
19.25
17.61
-16.28
14.87
-50.66
0.2
-12.38
-2.1
31.79
33.08
-11.74
-4.79
79
26.59
56.11
67.36
7.94
16.8
-35.5
75.4
-45.77
11.98
9.62
-5.58
12.27
5.25
4.68
-15.34
-19.76
13.77
32.68
-11.87
-26.01
6.69
30.13
98.71
11.75
44.13
-167.18
22.74
5.26
-10.17
63.3
6.24
-54.66
-23.56
5.81
32.71
61.69
12.42
-5.82
14.32
58.78
-18.16
16.77
3.09
30.56
0
1.25
20.22
2.26
58.46
99.74
-70.3
19.54
-22.16
-8.8
13.08
16.41
-7.26
23.9
32.68
51.14
-70.61
32.1
-70.39
-12.17
4.32
-23.72
-5.66
10.48
51.04
5.02
-242.99
19.79
27.16
-30.32
-12.94
-12.22
-73.96
-8.86
-9.98
-57.24
11.19
43.87
-132.03
-28.7
-5.99
-1.01
27.35
63.34
7.57
7.74
-30.41
2.89
-47.92
37.7
-18.86
7.99
2.74
-20.7
147.87
-12.77
-9.34
0.49
-13.88
-10.02
84.06
15.48
-7.53
-19.43
-12.91
-2.43
-2.06
-7.96
10.39
7.28
32.02
-12.72
-126.52
-14.36
-30.03
5.91
-9.27
-0.79
84.5
4.65
139.74
-2.77
8.39
20.45
52.05
11.88
-14.17
-11.58
-8.88
-106.09
41.76
57.99
-80.22
-5.55
-0.86
-1.15
-0.78
-0.21
39.08
8.36
-11.59
43.91
-92.63
-37.64
-62.45
-36.06
-45.05
7.31
27.02
-0.39
1.78
-8.17
-21.25
-12.05
15.42
-6.82
52.83
4.8
47.75
1.5
7.79
42.27
-6.18
-11.23
57.07
-83.05
13.03
10.85
-30.62
-20.08
-6.89
71.6
-29.24
24.25
18.03
-13.84
12.3
-40.56
6.18
46.41
5.42
-98.1
19.19
14.78
12.95
4.4
87.49
74.71
70.92
76.8
-1.63
12.68
-25.83
-18.44
-1.84
1.46
-17.99
-76.12
-17.84
48.41
13.81
1
0.25
-39.02
4.94
-30.71
-2.67
61.38
13.45
35.34
31.23
10.52
122.91
-38.09
8.43
-51.12
-10.99
21.1
11.88
9.09
14.05
7.03
6.93
55.72
3.12
56.06
54.26
-0.93
-12.11
-7.27
113.79
90.11
-34.16
-3.31
-8.41
-4.61
-7.71
22.76
102.75
-4.53
-14.02
1.37
91.6
2.09
-82.69
78.83
11.27
10.95
56.25
-8.45
-72.65
-50.69
-32.25
36.63
-24.4
37.95
-5.59
8.25
11.37
-1.97
12.32
1.54
136
2.03
0.67
15.17
2.52
5.81
2.79
-1.63
-9.15
-22.99
10.92
-130.42
6.26
42.02
20.07
3.51
-10
0.53
8.8
-25.95
-90.8
-4.5
-1.37
2.99
99.36
-4.99
-14.95
4.42
59.27
47.39
12.3
35.02
0.89
89.96
46.84
57.48
107
68.65
4.51
-70.34
-98.03
-3.55
-53.33
28.93
26.9
129.38
-29.72
89.09
-27.48
-56.01
92.19
-29.19
81.04
-0.06
-14.25
-16.99
15.03
90
102.64
12.77
-12.53
-28.76
-13.28
-28.85
-2.42
-20.78
-6.73
11.35
54.84
19.68
12.38
-8.07
-8.38
-6.45
48.73
21.81
-399.79
-19.99
73.74
-59.35
-20.25
-65.35
14.14
-9.85
13.34
3.87
23
-38.88
-89.58
8.56
17.26
-17.75
-5.97
61.24
0.26
-6.56
11.41
19.07
56.49
-19.48
96.31
8.81
40.97
-1.61
2.71
7.21
44.65
31.57
-98.9
55.53
85.14
-4.43
-54.7
43.44
13.91
25.49
5.15
-10.83
15.7
29.73
-15.18
-26.82
45.48
-52.07
5.7
-7.15
8.06
153.05
7.97
-78.58
-121.69
7.08
-39.22
-24.38
17.26
7.75
-88.98
-17.41
4.39
-0.07
-19.73
1.92
50.33
-42.47
11.29
3.78
-34.92
10.92
-26.22
-46.93
-8.62
12.78
-2.3
46.79
-56.57
8.76
64.96
-5.09
-1.35
-4.45
5.74
12.32
6.97
-57.79
-45.49
-51.97
-13.78
26.66
-13.27
103.95
57.03
-58.71
-1.12
29.71
84.88
-4.37
1.77
24.13
16.21
109.45
4.89
-16.72
-18.59
31.33
64.79
-53.21
137.91
-30.23
2.52
11.02
-8.19
38.25
13.5
-12.07
73.86
8.87
7.69
2.03
-23.27
11.93
-4.78
-19.52
-7.86
75.81
-5.6
2.07
-33.59
57.45
-16.7
42.19
10.05
1.23
10.26
-5.05
4.41
24.25
-44.65
-7.33
11.26
-53.47
89.36
-60.95
1.62
7.51
5.53
-171.03
1.46
1.55
55.93
-27.1
-8.04
-3.79
-21.37
-4.68
-70.94
8.97
-94.19
-48.83
17.9
77.29
29.19
7.48
63.28
7.23
31.53
-18
-136.68
14.31
11.32
51.19
-2.11
-6.56
-27.19
9.61
9.57
-11.09
34.84
-37.66
11.1
0.61
27.79
-3.82
3.1
9.7
-19.44
52.81
24.64
28.98
8.01
112.1
-19.58
10.53
0.97
-70.93
-7.82
-0.3
-11.75
19.08
-1.73
-10.39
11.51
-187.53
20.93
