28.71
-18.46
-13.72
-0.31
-40.01
-9.26
5.14
-7.19
-39.94
9.1
0.63
-0.33
-42.13
-12.13
60.85
-14.61
-20.9
-70.24
40.77
-7.72
47.18
140.5
-19.13
-2.96
6
30.5
4.04
-63.27
8.06
-21.53
-10.58
33.59
5.92
-23.03
-12.92
-11.26
12.82
23.32
18.09
68.37
-23.24
13.79
-8.72
19.63
-54.16
-10.19
63.61
-7.95
-49.34
-14.24
82.11
25.34
-7.98
9.58
-3.6
10.1
56.15
21.32
-65.14
29.25
47.79
-158.03
45.7
16.21
-46.84
60.3
-3.12
19.28
27.81
-8.76
-11.23
21.78
-0.93
4.87
-3.18
-28.34
-4.28
-9.24
-8.72
9.81
-47.7
25.19
201.67
-66.49
4.38
30.66
12.62
-17.28
45.48
1.73
-56.58
72.54
-3.28
4.7
58.01
-49.47
4.5
-12.03
3.3
88.14
-38.98
-50.94
73.04
10.51
28.86
-2.61
2.69
-1.2
1.22
63.62
-59.62
-7.53
5.41
27.06
50.86
1.58
-3.86
9.45
-4.98
-5.7
17.07
1.05
7.58
-49.48
-32.45
4.58
-11.17
14.01
-30.04
0.25
11.06
-24.76
6.6
6.02
10.73
-6.45
-4.63
84.45
-5.18
39.72
-53.07
-83.62
-76.63
18.1
-12.59
-11.98
50.9
42.04
-3.58
18.66
54.12
9.81
-59.86
-9.04
0.41
9.61
17.71
8.79
39.05
5.12
3.8
14.12
-14.48
62.83
199.4
4.47
-11.13
24
24.73
-15.88
8.18
-23.13
-34.52
-19.4
39.52
-56.92
13.08
-74.94
56.2
28.26
-9.79
65.11
-109.92
-1.86
-114.38
12.53
90.81
11.2
38.2
-29.68
7.01
1.44
6.53
53.06
1.88
-66.56
-38.09
-38.85
-125.01
13.26
-4.19
18.92
110.69
-9.11
-6.21
-97.95
-29.98
7.88
52.36
44.94
20.19
1.14
2.25
37.67
-0.47
-81.34
-67.87
17.93
73.89
14.08
-10.46
0.63
-10.31
-7.19
74.2
-1.2
-16.66
2.83
-11.08
-59.05
-63.82
-38.29
-1.69
-28.54
-11.13
1.06
-4.75
7.11
0.1
1.18
24.35
3.9
2.1
13.2
105.76
-11.92
51.61
-34.66
-11.1
23.46
7.83
-119.56
-3.59
57.49
10.66
-4.76
59.69
-14.03
72.4
-58.82
56.52
9.61
-3.88
-150.74
6.1
21.71
-5.35
5.07
93.37
2.44
35.24
33.99
9.58
12.85
6.24
-11.13
44.12
-4.71
-67.19
-1.17
-12.96
-41.67
50.32
45.01
0.37
-8.75
-10.79
17.1
12.86
-184.08
-87.89
-11.67
43.48
37.6
1.99
-18.19
8.09
-27.63
-0.66
7.4
-0.88
-25.55
3.69
-10.44
-46.08
-62.27
-44.33
51.87
15.33
-0.57
0.14
-2.84
13.57
-2.03
34.77
-45.21
9.47
-0.09
21.16
20.13
22.99
62.12
8.76
2.59
68.93
14.02
217.13
-33.4
-13.08
7.89
48.82
23.22
-37.33
-36.06
56.57
56.35
-68.65
-8.73
-5.15
-0.37
7.11
-17.32
-12.12
2.85
-125.75
-39.93
5.7
33.82
36.46
-5.47
-89.1
20.56
-6.61
36.8
-36.55
-17.31
13.81
39.05
28.02
3.35
-38.27
-13.85
46.49
2.24
-26.15
-0.34
-7.65
125.21
-22.55
-8.41
-35.29
10.82
-43.87
59.95
58.29
-10.42
42.87
-11.02
-2.8
43.34
26.16
17.28
-21.73
-13.53
-46.86
25.95
3.46
32.71
8.09
-17.35
-12.53
-27.93
73.18
-18.61
-7.79
-1.21
149.34
-95.95
-1.68
3.94
24.38
27.76
-15.27
4.1
-7.8
15.11
47.77
1.34
5.99
7.82
6.81
-58.04
-12.76
-0.79
16.59
-101.15
-28.85
3.85
-69.87
19.82
-13.25
-4.28
47.95
-5.13
-18.41
0.93
-12.83
66.59
38.46
-117.09
0.3
-4.78
-60.88
-70.15
-10.38
-6.22
38.48
9.95
-4.18
5.24
-31.68
-7.86
-9.69
-0.35
1.08
3.22
9.22
-4.9
-102.88
164.42
-13.2
-5.7
-21.39
-31.5
-28.7
25.19
11.34
-2.02
-99.2
-0.54
87.28
118.19
36.26
72.17
85.38
86.78
-10.97
10.37
66.71
-9.5
10.97
-122.33
-42.7
-57.61
39.41
22.2
50.69
-22.46
55.61
10.29
9.36
-18.53
36.37
63.24
47.51
-13.06
-48.2
-65.89
1.07
-55.3
8.26
5.23
0.4
302.52
42.64
0.26
-83.33
-12.71
-24.3
12.38
46.83
-1.57
-2.76
-33.46
-43.69
212.71
-7.78
23.54
-40.19
-10.68
-12.69
25.76
25.56
-6.68
15.48
-14.44
-0.74
-12.1
-9.96
-24.36
22.9
-18.79
-6.25
-11.13
-5.65
-70.13
91.08
-7.9
-1.45
17.74
12.08
9.87
-6.8
41.93
14.49
7.55
-24.68
-11.99
1.19
-17.35
5.56
15.35
-43.11
32.89
-2.46
134
133.42
-8.82
-16.55
-125.47
-0.1
8.47
-39.14
-47.02
1.5
27.92
-43.84
50.98
-16.39
15.3
12.79
24.88
39.97
29.66
6.34
-18.29
19.49
30.63
18.29
-39.07
-8.63
-9.12
-60.81
-18.94
31.34
64.86
7.97
130.7
94.99
-4.12
-15.35
17.78
-10.16
39.96
-13.59
12.27
-7.91
22.27
15.28
51.53
5.59
2.24
27.85
13
94.57
20
-0.3
46.23
-2.11
-25.18
53.29
-19.51
18.21
-56.89
-0.62
-20.91
30.23
52.61
78.67
1.19
-8.87
0.65
-1.46
9.06
3.03
-8.47
-1.77
-60.47
-0.95
20.87
6.41
4.22
40.81
-34.89
55.93
-13.35
-6.35
-8.98
14.38
8.86
5.35
4.1
10.48
26.91
26.72
14.97
5.44
-3.36
-74.37
-14.24
-8.54
2.93
7.27
-8.14
46.13
7.07
53.27
9.59
-10.29
14.28
-56.06
-8.32
-4.03
36.68
-11.64
80.15
-5.84
-15.59
-136.23
-7.44
45.84
-13.11
14.01
1.33
-46.99
-7.48
41.33
34.85
8.3
-4.1
10.55
-41.52
-9.37
10.89
127.99
-19.55
-23.01
45.5
-115.56
-36.73
7.03
21.88
11.56
17.83
42.1
-4.98
14.95
11.17
16.21
-1.9
-32.04
-14.48
-8.92
-46.59
-6.55
-4.54
8.38
20.07
26.25
-5.47
-48.79
9.4
-7.04
-5.86
-24.83
-7.59
-89.73
3.68
96.81
-10.14
5.53
-21.55
-2.97
52.2
-14.56
6.26
14.51
17.24
48.75
38.83
38.53
1.47
9.36
-41.41
-104.73
-2.3
-7.66
79.65
-5.83
27.72
10.94
-7.31
9.26
-28.41
-49.7
41.97
118.91
-114.12
99.14
-25.5
54.25
-84.31
57.95
18.98
-51.01
67.87
-88.96
-46.06
-111.77
-7.86
12.72
1.68
-13.15
-67.71
-22.17
-1.28
-49.12
-87.72
22.8
0.89
-33.78
77.07
46.04
13.19
-6.06
-16.32
-5.87
7.36
1.93
-149.72
86.21
53.87
2.84
-8.06
5.31
35.29
71.61
3.88
54.83
41.85
17.19
3.67
-38.49
-45.83
16.7
80.51
49.55
3.83
12.36
63.81
74.05
-11.59
-35.23
-12.47
-8.57
-10.1
-16.38
4.73
70.04
-22.42
45.61
-8
24.26
121.94
5.28
-56.33
-54.27
46.55
-38.19
-6.17
-144.85
-62.22
-9.74
-74.07
9.38
-124.95
-8.05
-13.33
-100.62
-39.85
15.44
29.77
-18.25
-15.33
-0.98
-55.88
-36.71
9.29
6.54
-11.01
-20.91
2.88
29.4
28.38
76.7
-173.95
-4.89
-21
1.75
12.38
-41.15
-4.49
16.36
63.6
5.41
9.95
11.84
-10.96
19.26
2.93
4.02
5.54
-2.6
-142.15
-9.07
-10.02
66.75
-64.48
-12.97
1.66
14.65
7.12
-10.47
14.04
-38.2
16.69
12.74
7.28
0.26
10.55
13.66
-7.78
44.73
86.4
-9.63
-12.11
-12.81
-128.29
20.2
-35.98
-4.76
-32.5
6.68
-10.16
31.11
-47.91
170.28
27.17
-10.02
8.39
-16.32
49.13
43.08
128.37
-6.3
-3.16
2.4
15.57
99.05
8.79
-3.56
41.74
-22.68
-5.29
-122.69
-5.33
24.8
-9.41
0.95
-61.36
7.85
-35.16
0.25
-12.68
21.14
8.73
-148.94
37.6
-9.79
-49.46
-16.58
8.88
-8.91
-6.82
-1.61
-152.13
-43.19
58.2
15.63
-1.12
62.71
-54.57
15.18
-2.87
40.06
-9.03
-6.8
13.75
-5.4
-12.63
8.82
14.92
-22.62
11.63
20.23
-5.42
5.2
-9.6
-38.16
-8.78
-7
6.36
19.02
14.09
11.46
-84.85
-8.01
4.06
-12.11
137.75
11.33
-67.11
8.84
9.66
-6.29
80.04
61.69
4.45
-70.13
52.01
5.87
-14.66
4.06
6.87
14.45
-238.27
79.71
13.15
0.91
24.54
-9.54
46.37
2.66
-3.93
-64.74
22.25
-49.93
10.52
13.31
9.09
49.05
28.34
-9.93
12
0.58
9.67
-154.64
4.59
-8.07
-11.73
4
-3.94
1.71
-4.63
1.67
-32.7
-39.27
5.01
-18.1
26.07
12.72
-11.72
11.23
-11.43
-4.58
11.56
-15.09
0.86
5.38
7.56
18.22
27.13
-3.78
5.88
