-56.21
-10.39
18.74
-86.27
9.36
6.31
104.09
-1.73
9.11
81.12
-2.86
8.41
-16.47
-61.41
-1.96
-5.08
-4.59
-10.71
38.24
-1.77
-77.22
118.9
49.34
49.21
75.98
-2.47
-95.77
6.69
47.08
8.47
-14.28
-118.27
-13.47
-9.31
109.63
-85.53
-13.91
-65.85
-18.69
4.76
-2.17
-15.12
-102.05
11.51
-43.91
-1.52
70.14
-94.87
-6.24
-4.96
-1.4
-11.84
54.62
7.99
9.29
-12.37
12.7
-5.84
163.3
12.36
-4.72
-51.76
29.39
-41.22
5.54
-7.35
-13.72
-4.96
-16.46
-93.88
82.69
8.88
-10.94
9.01
-82.68
89.19
9.87
90.19
18.29
-4.63
5.75
-12.6
4.55
10.69
107.15
48.01
-22
18.83
58.38
-81.63
8.8
-83.09
51.16
-52.13
-28.09
-62.77
64.56
21.92
9.01
22.56
-6.16
11.39
61.27
-4.24
-4.37
-12.44
-31.2
16.21
73.1
8.21
-20.96
20.39
-44.66
-21.53
-25.97
-5.67
8.67
89.85
-16.97
-4.19
14.3
-7.56
0.65
15.54
5.03
10.09
14.94
0.4
33.16
9.4
-7.83
-52.2
-72.12
38.34
11.14
1.94
-17.9
20.66
57.99
9.41
39.9
2.47
90.77
18.44
16.78
8.67
-48.19
-122.08
14.98
-27.19
27.7
-25.19
-93.81
-3.92
68.61
7.68
3.54
8.53
11.05
-50.69
-5.56
-2.62
69.57
-20.87
13.36
-1.87
7.83
9.25
-69.16
13.92
33.35
-13.58
1.4
115.25
16.39
36.33
11.36
6.71
-81.65
-7.48
-17.91
-9.83
-2.53
-74.19
-7.04
-33.46
167.35
7.5
-81.77
-121.46
46.52
31.77
0.94
65.1
33.36
49.57
52.23
7.24
-100.67
18.25
114.04
-10.23
-151.18
-36.42
-20.6
8.81
-167.05
-50.63
67.37
8.3
10.9
-4.47
-116.69
79.19
-0.65
8.84
2.1
-8.28
64.01
-137.46
15.25
-104.24
2.15
-22.6
-72.9
-83.98
-15.95
-5.97
2.6
-12.57
-6.04
17.49
34.8
-35.22
35.65
9.66
-3.58
95.23
28.05
-16.44
136.47
28.14
2.36
-10.32
20.37
-37.1
3.17
-6.5
-1.59
10.27
-79.03
60.76
-17.46
-10.17
-3.88
-32.34
20.35
29.76
38.41
-9.98
-287
9.21
82.16
-4.55
58.01
-40.89
1.2
72.74
-11.97
-23.46
15.4
-6.36
-25.31
8.33
2.1
27.53
70.51
-13.31
44.16
45.58
-9.4
12.59
69.32
-48.85
3.6
-8.36
-93.12
-1.6
4.19
39.03
8.74
20.36
24.52
11.8
-8.52
-2.37
-31.58
-22.44
-70.5
-37.35
-6.61
4.4
19.73
5.82
-10.75
-189.27
0.85
-86.73
-12.93
10.04
-24.25
-111.37
-78.52
-3.01
-5.3
-1.01
20.65
-11.75
2.15
-44.9
29.83
-64.54
58.85
-8.01
8.05
27.18
14.87
-3.46
-68.61
-3.4
-1.88
3.91
-11.48
16.48
50.4
-9.73
7.53
11.92
58.25
0.01
-4.1
-19.41
-12.91
-2.75
-159.28
-49.76
-106.33
35.72
-5
-90.21
-5.05
9.64
28.23
4.23
3.47
32.16
-0.69
7.6
-16.02
-82.62
-19.72
-54.15
40.34
6.06
-19.16
75.15
16.76
58.81
-15.22
-6.12
0.59
2.51
22.75
-361.49
-60.28
11.96
50.11
1.69
-20.29
15.8
-18.77
-37.74
24.7
-1.68
-26.11
12.25
9.91
33.61
-154.15
-13.33
-6.35
-2.17
-15.44
76.97
-12.65
-60.05
-145.97
9.16
9.56
-3.67
22.85
-7.07
24.15
-7.47
25.18
14.44
-11.47
1.28
2.67
45.79
12.28
-83.57
17.53
-1.23
-10.04
42.74
10.77
-23.66
-78.9
-92.37
-14.4
-11.67
18.37
-22.85
26.27
3.29
-9.08
0.37
66.96
-248.36
-45.15
-17.31
-41.92
2.68
-8.5
-110.23
13.83
6.33
92.28
1.92
114.03
-7.39
-9.89
9.25
-44.03
1.09
-90.15
7.52
-10.31
4.77
42.23
-105.44
42.31
64.35
14.99
-31.59
9.45
35.71
-4.25
-12.25
51.67
6.39
41.42
-0.98
146.44
10.45
-13.19
-3.41
20.11
-11.37
11.45
6.36
-2.85
10.11
-107.29
9.97
4.25
-169.02
-81.13
8.89
2.43
42.04
-36.27
23.75
37.28
40.01
-38.92
9.55
-3.24
41.13
36.6
62.2
46.23
-53.03
-43.86
-1.83
-11.39
-1.4
45.09
5.48
4.92
139.25
1.24
-5.63
-0.04
-62.25
32.06
22.64
14.44
37.21
-11.35
34.58
11.96
-5.48
-34.1
35.77
-101.08
-5.01
-6.09
-14.23
237.5
4.01
47.35
-7.11
1.7
-18.13
-6.28
-9.21
-6.09
-29.11
-0.49
-40.87
10.63
32.05
-29.45
7.47
9.61
10.1
8.63
1.09
-10.38
-1.82
28.84
7.04
-9.61
65
11.04
-0.54
1.43
-0.11
-32.55
71.99
21.94
1.87
142.45
-3.71
-4.86
-104.36
131.08
43.52
17.26
10.77
-1.68
-18.31
26.18
-43.68
-29.24
-91.3
136.34
32.01
9.16
-10.39
23.43
6.56
64.8
-18.89
-21.75
4.8
24.72
-68.17
15.57
77.67
-41.18
-1.32
45.07
50.12
13.95
24.94
6.74
32.87
-23.64
-3.88
36.33
-12.28
9.01
32.4
-8
69.52
-122.05
-16.13
114.58
-7.72
10.92
76.57
55.99
1.58
-120.9
22.98
-7.59
-5.49
67.1
4.85
6.5
-61.36
-70.7
-0.58
97.15
-20.74
61.61
-21.67
65.96
-6.8
8.21
0.65
13.23
48.11
10.93
-38.61
61.54
-9.39
-17.25
-17.24
63.9
48.36
5.82
6.04
-7.17
-50.4
82.68
2.12
-8.45
6.23
-8.32
-4.41
-2.11
-31.21
-8.81
68.51
-0.51
8.57
6.42
2.09
95.28
43.14
-12.4
-24.38
-64.08
15.3
-6.34
11.52
90.3
-5.35
-3.29
106.05
38.76
-2.79
-7.38
-33.36
-46.74
40.77
-50.12
25.63
-1.55
24.41
47.15
4.84
2.12
3.71
-34.68
20.48
-6.95
26.24
-32.94
26.5
-12.18
50.48
-106.55
-5.78
-104.79
4.82
-58.65
3.64
-10.12
5.85
-10.77
6.48
-8.88
92.84
-20.55
72.24
47.76
-0.96
-0.18
10.18
-5.59
9.82
1.51
15.73
231.7
-6.45
-28
-15.09
67.51
8.18
6.93
-12.62
-185.32
-12.54
-49.55
7.22
6.69
32.68
43.13
10.18
-0.65
69.79
-7.17
44.83
73.57
-12.27
102.53
9.9
7.67
-29.61
9.23
45.77
-29.1
4.23
25.07
4.82
-22.07
23.26
74.98
5.99
-1.87
-10.36
-61.82
-4.19
6.79
-86.75
-7.63
34.28
-14.61
9.38
-4.97
-2.21
36.3
-14.69
-58.95
2.38
-8.44
1.17
7.56
-10.11
-6.42
5.89
7.24
20.93
60.7
41.75
85.93
16.36
0.52
-1.46
27.7
-11.39
-73.1
-116.08
-26.76
3.22
-13.21
-27.38
-89.63
16.45
-18.2
-9.51
-1.38
0.6
-75.24
13.75
-46.22
-83.05
66.62
28.26
36.86
27.61
-7.18
8.41
-4.12
11.78
24.39
11.26
-67.54
-19.2
1.1
49.79
-3.92
-6.18
-4.31
6.1
43.52
18.83
4.48
0.73
81.23
-13.57
48.52
24.77
2.82
-68.51
-4.6
-12.94
66
-1.44
-36.39
-15.16
44.26
6.38
-103.4
21.49
148.21
7.31
-85.83
-142.6
-66.36
-13.63
-54.39
9.38
-5.85
92.4
-43.34
149.29
6.04
16.7
42.71
86.33
-51.36
34.61
73.99
10.69
57.75
44.53
-41.4
41.74
-10.96
-98.88
6.81
10.54
14.91
1.66
-40.5
-10.91
-12.57
-10.18
10.46
22.29
130.97
-30.52
-6.12
16.92
-1.56
28.74
-77.52
14.46
48.06
-62.92
-26.04
9.4
-7.97
-5
3.88
50.92
-3.89
10.16
4.19
15.1
228.48
12.04
68.96
-54.24
16.11
9.7
7.98
-96.41
-8.93
2.23
-13.95
1.7
-23.23
-13.65
-46.26
-0.07
-7.94
2.82
74.92
-122.21
85.57
-9.95
77.85
-6.81
-1.94
10.62
5.13
-28.95
-13.43
-135.84
19.08
22.61
18.52
38.1
47.97
0.89
-0.21
0.45
17.62
11.3
-55.29
12.01
0.75
-4.52
-70.26
13.59
28.19
-21.36
8.96
16.27
-1.49
-42.67
6.01
-106.16
-36.1
2.95
-25.36
-8.99
2.62
6.13
-228.61
-0.27
1.81
-79.41
35.81
-114.65
-53.52
-11.08
28.9
26.49
1.74
1.82
5.53
56.24
5.95
7.88
34.62
43.33
-10.29
21.11
-93.53
41.94
-20.73
2.81
34.39
-103.37
-7.96
-80.01
-24.31
-23.08
-3.46
60.37
95.19
-71
-5.69
-9.27
6.84
15.93
8.71
12.66
6.24
-39.13
110.17
15.12
10.64
15.7
12.14
6.27
2.14
-9.6
6.37
-45.98
-55.18
39.12
27.3
-1.63
57.86
4.59
16.68
12.63
-151
40.59
-27.38
9.43
-104.57
-0.8
0.71
25.49
9.89
7.32
-0.24
-6.23
27.5
-113.06
-29.55
-73.37
-83.61
8.65
