-1.88
-39.09
5.19
-19.51
37.15
17.34
-25.1
-11.16
-11.41
-3.58
50.75
11.99
-2.62
-19.54
36.42
-4.26
2.94
-10.86
-11.73
-60.6
2.86
34.77
-137.85
3.64
-11.79
31.81
-59.26
-1.98
-72.04
-7.09
-78.8
-5.88
1.4
15.15
9.4
-115.74
95.32
-26.98
-62.37
-16.69
-7.35
-20.03
3.16
-262.84
2.19
-38.69
51.03
18.21
-9.19
-4.35
-227.97
-9.75
-36.32
27.14
13.74
54.52
-32.44
4.35
-8.98
-16.75
29.67
-12.31
-98.2
-8.46
-48.37
14.53
-1.42
-0.96
-6.62
-20.34
9.39
20.92
21.04
-29.44
12.36
28.67
12.37
-1.04
-38.55
-39.24
7.91
-0.74
75.26
4.54
-3.66
13.73
-54.61
-6.76
-7.95
-7.12
-93.87
-33.04
55.83
0.7
-20.12
-11.56
7.33
7.54
11.48
10.79
116.45
10.87
-201.84
-38.95
9.85
-2.21
-65.07
4.15
6.58
-5.49
51.7
7.92
-3.69
6.65
11.53
39.31
-3.09
-8.76
39.3
-80.9
6.94
5.57
3.8
1.64
57.42
6.09
2.25
-105.05
4.9
-107.23
-33.41
9.38
-16.25
6.4
39.46
1.29
-186.82
-4.07
48.42
32.51
4.95
83.74
-19.5
33.68
1.37
-21.14
8.47
24.32
30.91
-51.14
-30.52
-49.31
-123.34
89.49
2.98
12.47
9.77
7.75
-5.02
-4.21
7.82
3.05
-5.41
-34.36
-6.57
133.84
-12.85
7.89
46.72
7.72
11.75
-15.08
12.69
-15.48
-4.94
-4.08
57.06
-71.08
17.18
-52.61
-22.64
3.25
-57.02
52.38
-7.72
30.88
7.42
24.57
-8.03
-10.18
-3.75
188.18
69.97
44.65
-18.06
24.09
24.83
2.57
-4.09
-56.36
15.63
7.57
16.23
-63.36
0.84
29.83
-21.74
9.97
-1.41
70.93
5.21
-85.82
-17.93
5.89
-0.98
-87.97
-37.43
-136.41
58.67
-4.73
-29.48
32.61
23.52
52.61
24.79
2.36
-11.26
51.78
0.55
-35.85
153.19
-11.7
-10.39
-7.64
-13.09
-4.12
41.42
-7.11
-4.63
13.81
17.35
-80.32
24.75
14.27
-7.18
4.69
-61.94
-73.33
-19.03
-12.9
79.55
2.76
7.37
-44.64
37.89
48.67
-74.04
-3.55
-91.18
74.24
-120.03
-11.43
2.44
99.37
-17.84
84.09
1.41
7.15
69.82
6.65
10.27
67.66
-123.27
9.04
-10.99
-34.46
7.27
-6.48
41.14
-122.28
15.72
47.52
-2.64
-5.06
-38.2
-6.6
50.18
-21.85
42.65
-17.53
20.79
-6.75
65.81
4.39
15.54
-28.51
-122.72
-10.82
31.83
13.49
12.32
4.74
5.82
11.81
-53.38
27.26
41.1
18.5
-57.44
14.2
0.27
-5.64
12.17
11.93
6.2
-28.57
92.88
-47.86
3.14
-32.73
-15.1
35.06
5.82
13.02
14.37
-7.09
6.23
-0.88
5.72
58.3
12.2
-8.5
32.75
26.58
18.26
5.09
6.68
1.52
47.67
8.96
69.49
-11.79
-20.64
10.29
-1.84
-1.84
-5.38
63.53
15.35
32.05
-9.91
2.05
14.2
1.57
13.66
4.5
-40.63
7.15
52.17
10.72
39.82
35.09
2.33
-46.53
-2.7
60.83
3.42
-35.8
-33.48
-101.81
-57.18
7.36
27.87
0.09
4.28
-53.45
-6.92
10.64
75.01
7.46
-45.89
78.27
7.26
5.49
-27.81
-181.2
1.11
9.83
32.41
-10.74
73.62
17.75
-11.04
-8.26
-42.45
134.76
-1.27
-6.17
-2.27
86.42
33.05
-8.34
-12.21
3.22
45.7
24.96
11.52
12.48
88.61
-124.05
-1.68
-17.23
42.18
4.93
68.56
10.67
0.47
1.38
-10.13
8.58
-19.25
-27.17
-4.02
10.12
3.91
-12.63
-6.06
-34.32
-9.2
-100.03
-9.25
10.47
-0.1
-396.84
-66.54
-6.2
4.58
-13.45
-3.88
7.54
48.21
136.01
15.95
41.73
9.39
13.28
-94.33
-46.82
-7.4
-6.6
-96.54
77.22
-5.07
-146.06
10.04
8.44
11.76
42.24
61.62
5.18
-3.07
115.52
81.01
-13.56
-58.59
-25.9
-5.11
56.12
-72.23
-66.66
-4.68
-11.53
11.4
-51.61
4.99
109.72
-11.58
-14.48
-5.86
79.88
8.76
-5.77
57.87
-62.35
12.57
6.82
126.17
72.65
13.82
12.66
-5.21
-27.1
-28.42
287.89
-194.4
105.16
-136.9
-10.09
-41.51
1.22
74.74
-92.46
73.08
-9.74
-10.72
-53.37
-112.2
6.45
69.08
52.52
23.26
21.04
85.66
-6.18
-22.08
12.97
-9.04
16.78
1.64
-2.12
5.83
59.8
30.55
27.41
9.85
-23.43
-3.41
-12.01
64.48
32.33
15.13
60.75
27.75
31.57
28.22
-55.44
-35.71
-11.66
-20.24
8.2
57.35
7.87
-166.6
-10.89
9.08
-3.78
17.54
25.78
11.4
-10.24
48.56
34.4
-85.35
10.78
-19.5
8.73
12.86
4.21
-74.2
-14.93
-6.48
32.01
14.39
2.9
-0.44
-2.13
-1.13
-54.31
-42.06
31.95
45.99
-9.19
-16.63
-6.81
27.68
29.88
-40.2
-5.74
-8.51
-69.43
-124.27
-147.97
21.34
-39.04
-21.3
6.78
10.86
-14.12
4.97
-89.6
-17.9
-33.2
-37.33
-8.86
18.75
25.18
59.98
91.88
75.62
-12.38
9.2
11.51
-4.07
-36.46
-8.59
-24.67
2.94
26.86
-18.8
-1.66
-4.76
-7.2
2.28
-13.55
-7.38
12.13
-75.75
-8.76
-8.5
41.82
1.25
14.21
-17.74
0.01
-5.36
-3.04
-10.25
36.74
18.81
58.63
-4.23
12.9
-50.75
47.63
-32.01
-11.06
-6.69
41.65
-2.05
-6.13
16.84
-4.36
-29.48
-11.83
8.61
-2.11
70.7
-1.96
-12.4
-118.35
0.32
-0.77
44.93
76.43
28.78
6.63
-5.14
2.55
-69.08
-53.16
-21.28
5.19
-14
15.5
16.27
43.1
-41.51
-4.9
21.74
83.86
-19.87
1.5
2
21.53
6.95
-76.85
91.43
-10.44
33.86
21.98
12.86
45.18
23.82
-32.55
-20.4
-96.73
50.09
12.8
33.48
-26.59
-54.95
52.25
-27.98
-0.71
-20.65
15.22
9.14
42.79
12.61
41.38
-59.74
5.9
-16.19
-18.09
24.29
37.62
-55.04
8.28
134.97
5.06
-3.85
7.53
8.5
-7.22
-82.53
-25.55
-4.95
-10.37
61.68
-11.55
11.97
3.6
-1.74
32.08
-10.28
12.54
32.63
-135.1
3.14
-5.86
-15.23
97.6
-19.26
13.93
35.62
-72.37
-23.65
-17.15
45.35
-26.86
-64.18
-5.43
39.56
-26.09
-6.31
22
14.13
2.5
-69.72
37.43
-18.23
40.91
26.13
33.74
-8.49
17.92
46.01
52.13
84.98
2.31
-8.27
-211.91
-6.22
22.33
3.03
-20.12
-11.43
-2.53
5.01
-17.08
43.46
-36.04
-57.38
-52.89
5.69
-43.47
22.75
12.26
11.12
4.42
3.35
-10.74
-14.22
19.13
37.01
-122.26
1.58
29.37
-14.09
-6.33
-29.92
164.6
9.54
-6.19
5.48
30.61
-60.57
-96.06
-54.88
89.57
37.01
19.77
69.57
22.36
-3.82
-64.8
-34.88
-7.93
19.55
-112.95
49.14
4.49
-2.67
92.75
4.31
48.11
10.11
-2.4
5.97
77.35
41.32
8.61
80.72
-14.35
17.64
118.12
-2.83
19.61
24.86
2.69
-6.34
-54.17
9.82
31.82
78.37
-17.8
-57.85
-1.54
7.08
2.64
5.53
-12.14
52.49
-68.37
-38.69
110.75
49.69
35.27
-34.33
-12.15
5.58
-5.9
-42.85
4.38
7.81
31.54
18.51
-6.52
5.24
-51.47
104.54
-1.62
-27.72
15.03
36.3
-16.81
-6.66
-12.25
-8.49
42.61
27.28
44.21
-2.01
-8.32
104.42
-3.47
6.42
3.15
-18.22
-8.88
-15.25
2.75
-2.78
45.27
-8.43
5.77
5.77
-13.98
-6.72
-8.39
5.98
104.42
92.62
-3.66
-4.06
6.24
-3.5
102.2
-2.8
11.91
5.15
2.36
-43.02
71.43
-77.94
-10.81
-16.61
11.33
-19.1
-95.95
65.92
2.41
95.32
-39.01
34.31
-4.48
55.7
3.03
40.62
10.57
87.8
-1.92
1.92
8.96
9.04
4.22
16.54
24.52
26.08
26.63
-22.75
5.2
8.1
74.17
17.75
39.3
-6.59
1.76
38.88
29.98
77.78
-68.24
53.49
-47.77
-3.91
18.8
-29.26
10
-40.39
-5.6
-50.1
3.06
8.9
-101.9
-66.57
-0.59
-0.59
-14.44
-2.89
-41.29
75.88
-8.05
-7.14
-177.17
69.92
-52.25
14.77
-13.99
87.84
11.88
5.64
26.21
12.68
30.52
-10.99
-35.98
-3.07
30.1
-33.84
8.08
4.76
10.49
13.82
20.5
-19.44
18.74
67.91
-58.92
54.62
-5.16
108.06
9.34
-63.3
-81.43
96.06
23.82
6.04
93.98
-27.43
16.79
-99.87
-8.22
3.09
-57.28
-98.18
23.74
-6.23
-17.57
-24.87
8.78
10.91
-7.03
15.45
-1.31
74.76
93.85
-31.84
-70.39
-13.51
-62.56
1.8
8.17
7.86
1.27
