-21.85
-35.96
-9.36
-7.54
-10.37
5.02
-0.64
-13.97
-14.5
8.08
55.9
17
-53.01
46.28
8.41
-17.14
39.92
-14.45
-83.5
22.6
-11.09
64.74
-63.65
4.7
4.02
-9.86
63.32
-1.63
4.96
-6.03
1.87
-0.92
-98.51
23.17
0.58
-0.18
6.95
85.43
9.37
-26.8
1.99
-5.13
-7.82
22.06
-8.14
-17.61
6.24
-59.16
-5.15
57.85
0.05
24.19
-17.99
-38.4
22.03
5.64
-7.43
-8.36
5.33
-3.74
-33.16
-4.33
-6.45
46.56
-1.57
30.38
-69.64
-2.83
-10.07
-43.4
-42.84
-5.78
3.41
77.4
-3.66
-103.94
-78.58
-18.58
48.68
-5.46
66.1
6.1
2.64
-65.46
-23.81
-108.55
8.75
39.61
-10.06
-83.82
28.61
-14.31
-35.3
-11.18
-3.07
33.44
51.71
45.2
82.72
-2.2
10.79
73.59
12.27
40.61
53.87
-0.35
35.87
51.72
34.15
-28.54
-75.72
45.78
-2.25
-80.68
-103.13
1.18
-55.44
56.89
25.53
-137.7
-9.12
48.2
-11.62
-12.29
-63.14
2.8
23.92
89.16
27.25
-15.96
-13.92
13.29
7.17
17.13
10.05
-1.71
-12.83
-14.23
19.11
8.45
-98.09
-16.07
8.73
43.44
76.91
-25.51
1.01
11.23
60.08
-5.47
5.77
14.55
13.41
-48.55
-68.3
-8.01
-21.39
-18.61
-3.6
5.27
55.7
-11.75
-4.15
17.1
10.14
49.13
8.28
-11.76
-0.54
-9.07
161.7
-14.13
5.05
-6.78
0.59
27.41
27.87
11.16
-4.88
8.79
-32.57
-16.5
-4.83
28.99
55.4
93.44
10.9
17.15
104.53
-31.61
119.69
-76.24
1.63
69.93
-55.52
-0.26
-22.14
4.75
2.71
57.41
11.53
8.72
1.27
4.9
10.71
-12.17
13.03
-1.1
20.47
-13.57
44.94
-11.36
199.01
47.85
-95.66
-23.61
-19.14
-7.89
-1.13
-1.49
-14.3
8.76
87.45
0.54
34.53
4.85
-8.6
-1.41
11.39
-10.3
-0.84
-4.45
69.31
-106.5
-16.96
-10.61
53.08
-50.73
40.35
13.06
-44.6
19.15
-9.88
-10.13
-11.34
5.11
-31.96
16.06
33.85
194.91
1.35
39.18
9.64
1.26
-24.72
7.22
42.25
-6.16
-11.68
18.83
-78.42
70.1
58.83
13.44
161.58
-2.85
-28.35
-12.03
16.77
12.72
34.51
-11.73
1.29
6.92
-15.31
4.3
-7
-12.63
6.59
-12.94
94.92
-33.58
7.74
-8.34
-3.57
9.01
36.64
42.17
23.94
-13.95
-67.62
-29.05
15.73
-64.13
0.48
-8.69
0.34
59.96
45.65
-13.04
24.61
25.09
31.16
4.31
-4.43
54.03
-6.14
-26.31
110.2
-13.11
18.54
10.44
3.56
11.97
-11.56
-83.79
-187.39
29.49
3.9
-109.62
9.52
47.15
-84.03
-17.96
27.93
22.15
7.84
12.92
-37.8
8.2
1.37
3.69
-2.14
-4.4
-19.38
24.23
3.55
-2.98
42.5
18.21
6.9
-12.88
-4.22
88.1
0.9
-10.09
-9.78
-3.63
-9.65
5.07
-22.71
-2.33
-2.39
-0.25
-3.51
-3.74
-40.61
8.5
-16.07
-42.58
-160.52
44.37
25.24
9.51
-79.95
34.81
-49.52
83.03
35.8
-100.1
113.01
-37.42
-1.59
-35.57
-0.7
-9.54
30.59
4.31
-2.12
11.3
124.47
-5.94
-29.37
72.06
-4.57
-133.56
10.22
10.5
-5.71
9.92
4.55
-9.26
19.21
-20.57
-10.3
64.2
12.82
-20.72
1.29
-20.78
-2.39
-7.48
-5.3
-2.05
6.14
-2.78
5.15
-0.63
-45.41
-6.22
-6.04
4.21
24.76
62.7
26.25
-5.92
14.93
28.39
-22.3
21.1
13.61
7.39
21.9
8.41
17.61
9.65
49.18
39.75
-8.8
13.15
61.13
7.04
26.46
9.43
-8.98
-40.19
15.85
-58.65
-16.3
-18.54
-4.5
-10.78
-91.71
-61.11
10.96
67.98
-9
26.57
10.26
28.57
3.26
-7.53
22.62
2.16
-2.78
10.71
-15.79
61.67
36.09
-47.68
-65.13
-141.78
0.35
18.72
-2.72
-8.24
-6.54
-29.36
12.48
-1.71
6.72
30.69
-170.23
71.42
-31.5
-49.25
-94.66
58.79
34.79
-15.49
-36.77
1.18
37.56
-2.98
-24.3
-26.56
32.68
26.82
102.18
9.54
-9.42
71.8
73.06
8.36
-16.99
-50.19
-7.49
23.92
-7.42
19.85
85.24
8.27
39.27
26.48
-1.59
2.22
-1.53
0.23
-27.95
51.09
8.68
65.04
-67.55
35.28
26.19
-79.86
43.33
49.61
43.45
41.86
2.94
16.18
2.02
104.65
-10.93
-8.68
41.01
-5
11.16
-3.08
27.65
4.8
0.08
3.98
94.74
65.87
5.11
-7.5
-30.72
50.35
18
-5.71
-10.7
-37.51
-2.57
58.12
64.24
9.35
-29.21
11.84
36.86
-29.27
7.66
10.7
74.77
45.99
-43.83
-32.79
29.49
8.8
-9.84
79.2
30.43
-3.15
41.45
-8.29
-3.37
25.84
2.29
8.57
-4.5
-33.04
41.73
6.68
-5.64
-93.37
-45.27
10.08
-58.49
18.55
-5.64
24.75
-12.85
-26.95
106.3
5.37
8.64
3.49
-45.5
21.91
0.19
9.96
-28.89
11.55
37.61
-38.86
1.47
16.75
10.03
-54.07
-14.42
-10.43
-100.12
-29.96
2.78
-63.9
-1.23
-0.24
6.29
70.04
26.41
-10.05
-56.79
-11.35
-9.45
-40.94
10.45
-4.21
-130.8
-101.77
19.57
11.36
71.77
5.26
-80.69
2
12.91
-78.75
-49.78
-3.2
47.96
9.24
-12.85
24.89
-54.26
-30.31
22.37
95.08
-3.44
-24.69
4.62
23.16
69.59
3.06
-10.66
-11.49
-41.36
-14.76
17.96
80.12
14
-52.37
-30.85
1.24
-12.7
-90.98
-2.72
8.66
87.95
-17.44
-123.91
-3.56
123.38
-15.36
-69.4
13.93
111.17
-23.45
35.21
-31.16
-4.18
26.84
5.31
-3.09
49.35
20.3
13.39
-19.16
21.87
65.94
14.04
-9.88
18.14
-11.77
-45.66
-10.09
1.29
3.71
-5.8
-36.65
-11.27
6.6
14.33
43.88
2.54
-12.5
27.12
-42.23
68.36
-4.51
-11.5
4.26
5.07
84.92
-66.93
-101.7
49.44
31.74
-1.76
-222.35
0.06
-18.74
-22.88
44.62
-55.69
2.83
18.84
8.95
10.87
1.49
3.64
-21.66
-59.81
-77.36
96.55
4.52
-31.58
-1.68
-1.93
-1.56
14.48
71.41
9.33
-89.9
-127.48
-101.26
-0.82
-2.88
8.53
63.43
4.65
17.42
-15.65
-14.28
-11.65
63.23
-16.93
-39.3
34.95
8.76
-70.2
5.35
-33.33
40.86
8.84
-3.85
5.14
5.46
-6.87
21.74
51.9
4.63
-11.59
7.45
-89.47
20.29
-71.05
4.97
-2.39
0.57
17.55
-3.79
-22.65
34.06
71.58
-58.03
-51.49
11.57
-11.5
-7.41
-12.3
6.16
-4.52
50.65
10.41
0.13
-24.93
16.13
27.75
-0.74
61.21
-20.37
-64.03
2.14
-11.13
28.56
20.8
-7.57
-7.79
-6.94
-7.9
-14.8
-37.35
6.64
-37.98
4.66
-142.29
6.66
-0.34
90.45
-11.36
33.5
-19.66
9.99
8.61
6.14
-20.85
-65.53
15.62
-34.47
22.49
-26.76
1.96
30.06
-91.9
-3.16
29.37
28.3
4.77
-8.37
30.14
-25.02
-40.48
92.76
22.79
4.29
11.13
-8.53
10.17
-81.34
-44.32
-2.64
12.41
-29.58
-7.97
19.73
17.25
-25.46
13.28
20.28
-7.73
9.9
17.33
57.3
-24.82
28.62
13.11
-39.82
-128.97
26.96
5.33
24.63
-38
-58.68
91.09
-3.62
-79.54
-5.09
-78.78
-54.66
-80.28
52.51
-205.84
99.91
-23.64
8.1
152.02
-22.65
-277.52
-44.06
20.4
-4.78
11.42
-66.9
-44.56
147.26
55.84
8.35
-5.04
-6.14
52.91
9.23
10.96
-16.41
19.17
-64.8
43.72
46.67
-13.22
9.93
11.53
59.45
-107.98
-40.7
-16.65
8.26
-54.2
-120.82
-33.64
-20.08
24.85
-3.25
54.95
-16.06
-23.49
-5.79
4.64
30.76
-10.49
-89.89
8
67.24
-2.44
3.99
4.05
11.52
-12.86
14.3
42.42
-119.88
43.02
-9.47
14.45
-139.84
3.55
-22.6
8.54
-55.09
-50.98
7.98
-16.53
-8.4
-22.33
0.52
-95.93
-2.18
9.15
2.35
23.3
21.87
4.65
13.95
-50.84
24.04
5.09
-6.67
-3.11
13.33
1.55
-65.31
55.12
-39.89
44.62
-98.58
9.64
40.33
9.18
-21.81
-27.88
-69.59
71.36
-7.84
29.39
-10.52
9.85
13.69
-7.16
31.1
-39.48
7.44
-53.12
10.6
-56.94
-83.07
-62.71
-7.72
4.57
11.48
-42.65
-111.94
-96.14
8.56
184.06
30.95
-6.54
4.04
2.81
23.52
-6.36
2.34
-16.96
-30.09
25.64
8.14
-39.5
-83.62
-11.32
-39.19
-2.22
-65.01
-46.73
22.02
9.18
20.67
-9.95
-2.8
89.36
-10.73
-4.95
3.55
-155.08
-7.56
-22.1
84.19
