6.11
64.45
9.81
-20.5
-21.24
0.95
49.47
10.24
10.06
38.56
-14.01
-3.33
5.26
15.56
5.79
73.99
14.02
-77.26
-27.03
-12.72
55.55
48.23
-9.83
-5.57
11.32
44.21
-9.08
-0.61
-15.75
13.96
26.85
19.68
10.25
-15.16
-121.58
-7.24
0.61
-2.86
39.49
-242.43
7.12
-4.26
28.39
-15.1
-6.48
23.96
14.35
9.05
58.44
-32.19
-7.91
14.62
17.66
-1.43
-5.44
-64.87
-27.2
0.91
-4.45
35.55
16.83
5.44
-20.22
55.8
-6.13
18.09
25.23
15.32
13.57
-47.73
-13.85
-47.52
-118.39
-39.44
-5.74
-32.65
75.5
-61
-32.63
47.5
45.25
59.64
-32.84
5.77
-184.76
88.57
6.11
4.79
15.15
-106.22
1.26
11.36
-32.68
-23.65
-0.39
-0.05
-11.22
-21.14
-11.05
-65.53
6.56
-9.35
-0.89
11.42
22.84
-117.27
6.88
3.91
-7.43
-50.09
-7.01
-14.53
-71.02
-74.08
-0.04
9.55
-52.48
14.51
8.82
23.72
41.07
34.22
-48.34
-84.98
-65.12
-165.28
106.89
182.74
13.94
39.02
11.15
3.3
9.67
-295.87
48.53
22.14
-50.69
-8.52
15.3
-46.84
-5.22
12
7.14
-16.08
-1.63
-42.66
-3.36
-7.06
-138.28
-54.77
36.52
2.9
54.94
-9.7
74.55
-42.23
6.77
23.13
-1.43
14.91
72.13
70.15
26.58
40.74
41.94
2.83
-10.54
-46.24
1.1
-40.66
20.63
-39.33
-59.28
-19.41
115.31
-43.48
-253.06
-12.74
-3.74
12.11
46.61
28.66
8.97
-41.35
30.54
14.62
-12.28
38.02
-77.91
-5.85
-6.08
-13.1
2.52
-6.38
-14.44
-16.86
8.75
-2.32
-8.23
-15.57
0.59
43.13
-20.13
9.29
-24.09
-116.09
-4.81
1.01
72.29
19.98
-31.34
8.29
1.95
15.85
30.49
-13.7
5.75
-11.52
-28.9
-33.78
110.16
-10.88
59.11
44.69
37.62
6.24
-4.07
102.35
-4.18
205.18
-55.31
7.15
-9.9
25.63
18.69
-6.11
-185.03
8.1
-3.62
-14.96
-7.78
-9.49
-184.76
-9.57
50.04
33.98
35.63
21.11
-43.12
1.35
46.65
170.88
33.75
-2.61
208.76
-59.9
-18.71
-9.07
27.14
0.9
-7.91
-1.49
27.53
-28.79
65.58
-22.79
47.27
27.52
-8.82
96.95
86.98
16.44
4.36
29.74
2.9
10.32
-146.2
124.67
26.96
-10.31
-3.53
3.36
-27.26
1.79
-17.82
1.24
17.76
88.28
-6.39
3.85
-13.5
60.03
-8.63
11.51
7.73
-9.26
-4.83
51.12
-8.44
-8.02
-0.99
-21.19
10.16
96.36
-3.79
38.48
6.08
-7.15
220.07
75.9
4.99
-11.86
-65.32
139.08
40.15
-21.18
30.58
-70.99
15.84
-11.34
15.03
-6.99
14.57
-106.83
63.31
-38.08
-18.55
2.5
10
0.39
2.14
46.14
14.83
-10.27
-6.66
46.5
-20.55
-31.73
30.51
34.82
-15.17
-1.24
-38.22
-7.9
18.63
26.44
-8.06
2.94
53.24
47.91
6.72
6.98
3.37
10.75
8.34
-7.45
37.79
-158.59
-39.5
-22.36
3.73
67.87
4.32
-3.78
36.89
11.6
12.83
67.26
39.86
-14.75
7.51
14.45
-1.5
5.18
-0.57
17.16
-32.1
0.21
-14.77
-67.86
-2.2
11.69
-78.09
-14
96.63
-23.9
-12.21
34.26
-7.11
-2.17
27.67
-6.12
-8.31
-47.34
-2.39
-6.64
43.05
73.57
-72.51
-18.33
4.73
28.62
-5.45
33.33
49.35
-73.9
-32.91
22.79
-17.34
-2.94
52.18
38.06
34.68
86.71
12.95
-2.53
34.62
-17.16
-41.37
-8.48
-4.37
-21.73
10.89
-35.54
8.13
-3.69
26.91
10.05
-68.81
-15.44
2.39
-5.83
-41.17
14.29
9.99
18.11
81.78
3.87
-48.12
3.21
-9.91
86.08
-7.11
-10.8
64.39
136.16
8.42
-1.66
1.3
23.32
-5.4
13.5
-6.99
-69.09
-41.88
1.67
-20.4
-11.36
-12.47
-2
5.12
-56.03
18.73
7.73
11.3
-10.45
13.83
103.24
1.24
27.06
-5.43
-11.93
10.67
55.98
15.67
-6.56
3.87
6.99
-74.57
2.58
39.7
29.44
-0.22
-9.45
8.97
-24.16
62.1
-3.17
34.06
0.14
-9.87
83.28
-9.73
2.92
-162.59
-56.88
20.74
-25.1
-10.52
4.78
-2.66
2.92
-17.09
-66.87
-47.02
37.24
17.75
-0.26
-1.86
-182.6
-80.07
3.3
-14.13
-55.68
-22.71
-44.79
3.59
185.53
13.2
29.36
74.94
28.82
2.93
-1.04
19.18
35.74
-78.27
30.58
-2.19
3.36
-2
40.84
-69.49
-18.94
-1.88
36.51
148.5
-100.64
-8.06
27.06
91.49
39.66
18.04
-24.75
92.08
-15.08
9.65
-25.89
16.47
12.03
2.15
-129.02
26.48
47.02
20.82
-7.65
5.41
91.66
-3.9
10.2
-9.31
-10.52
-4.2
4.94
-10.86
-1.32
8.86
62.15
6.71
-13.42
0.52
-36.05
-12.35
12.33
-17.49
13.6
7.95
23.83
13.57
-5.67
5.72
-12.61
90.98
-1.92
17.52
1.09
29.07
-10.33
117.26
125.8
-10.14
-29.99
-52.13
17.04
0.26
-7.52
44.15
86.88
-20.27
4.24
-10.8
39.79
-44.5
65.12
-3.06
7.5
75.53
49.52
34.28
-1.22
56.88
-14.19
12.91
5.61
-6.57
-83.28
31.37
50.94
20.18
7.06
4.66
45.18
-46.78
-20.03
-22.54
-4.75
1.99
-2.67
-0.16
-35.11
-69.67
-0.25
80.89
12.83
-28.34
-93.47
-2.28
-111.69
-4.89
6.42
-2.83
81.48
49.68
-1.74
-54.25
10.57
53.09
-28.05
-12.27
-145.92
71.24
-5.83
35.92
7.1
10.93
-29.63
1.23
11.58
8.38
2.14
41.69
-6.72
0.93
-3.68
18.81
-81.76
61.86
-0.21
10.88
-14.48
78.74
35.73
10.84
-23.63
-1.77
-56.48
83.14
-62.51
-148.18
5.59
8.27
8.61
-53.69
-19.05
9.13
-2.66
21.43
46.12
-167.78
204.7
48.78
-40.56
95.25
14.75
-24.7
36.62
32.12
9.77
25.5
-44.64
1.35
12.53
11.93
-13.14
8.5
-16.9
28.45
16.2
-17.45
50.76
3.77
8.21
86.24
-18.11
75.29
8.89
21.44
35.69
-39.9
12.04
36.31
6.41
121.25
-3.89
-124.45
0.16
-11.34
-18.53
53.25
-30.97
19.49
-4.77
-2.47
30.5
-8.16
5.87
-5.72
-6.38
-9.72
52.07
-42.09
-9.73
-9.96
-7.73
-24.81
3.23
-107.42
-62.7
-8.26
-2.9
55.7
88.37
-87.86
-9.2
9.23
55.38
68.12
1.62
0.14
-71.09
6.48
30.8
-33.64
111.27
1.29
-3.82
0.78
-96.25
-40.41
26.73
-9.7
11.33
-9.75
4.75
-18.38
14.25
8.3
-129.85
-12.64
-12.39
-6.76
3.82
4.78
17.65
6.36
0.45
21.27
-9.39
-35.35
-20.42
36.83
4.84
-28.21
-3
60.23
85.06
-19.76
-7.03
-33.85
20.86
-25.64
-1.71
10.76
24.23
-20.48
2.88
-5.46
10.86
75.89
-40.77
44.21
-58.56
-18.66
-2.4
73.1
4.44
8.79
-35.28
24.04
5.78
8.92
26.97
-34.86
-10.81
-28.63
8.28
48.29
33.44
-184.56
40.24
12.22
65.08
-8.82
-9.43
-21.5
-83.88
126.36
59.12
8.7
29.05
-113.81
-60.35
2.47
-38.12
67.81
12.51
72.52
14.16
2.09
-3.49
-54.62
-5.58
-25.72
42.42
11.56
62.8
-5.86
24.65
-10.31
-90.58
6.65
95.34
-38.19
51.13
18.45
-39.92
-13.55
-101.47
-48.89
-21.21
17.75
11.72
-15.58
13.32
25.13
-31.38
10.87
118.84
10.29
7.48
25.09
-15.17
-8.75
64.43
-2.87
9.89
-96.72
10.49
5.94
32.53
17.54
174.06
-46.05
-4.71
2.91
-4.92
-14.76
-86.78
24.36
-12.14
3.65
127.75
61.27
32.62
5.45
-3.29
-73.95
10.3
-7.72
48.8
71.92
3.75
-13.06
-34.69
14.17
-66.15
-7.46
-10.64
94.75
-0.82
25.41
17.14
96.03
-7.08
-21.86
14.12
9.44
183.53
37.34
42.81
112.26
-23.41
1.71
-28.04
-11.2
82.22
-73.09
1.42
61.23
-7.94
-42.16
0.72
9.58
1.08
7.87
156.67
-23.85
9.02
38.79
26.1
16.83
-13.03
2.75
20.71
52.77
-78.13
6.13
9.77
59.96
24.27
-38.81
2.11
-17.83
-25.71
41.2
12.6
4.57
12.79
10.01
12.79
5.39
12.04
5.58
2.02
4.5
-21.81
4.28
-7.06
-7.86
87.61
122.03
0.08
13.71
29.5
-4.49
19.84
32.45
-26.72
49.74
-0.32
-57.83
-18.49
-2.61
0.22
14.38
-9.27
5.93
-8.37
-25.33
3.11
-57.88
-55.31
14.03
110.07
63.7
42.49
115.97
7.18
-3.4
-18.35
30.32
-8.94
49.76
65.3
-10.36
14.14
-97.74
61.23
-2.09
27.19
-38.68
-3.76
-42.42
-49.93
