71.03
-14.91
3.25
43.06
-152.66
-4.99
30.02
42.79
-2.33
10.12
-0.62
-3.89
6.36
-16.27
-0.38
14.52
-36.12
-53.29
-24.93
3.92
47.67
-65.62
-4.89
0.85
-40.32
72.96
-40.99
9.01
20.51
-21.97
14.3
-91.76
-9.16
0.21
-3.13
31.91
2.89
98.09
-22.89
18.99
18.06
-8.29
-68.16
-17.08
11.44
1.29
-27.15
-33.94
270.92
-6.52
49.76
1.98
-31.39
-19.5
-17.08
9.58
-6.77
-83.14
21.03
-7.04
1.54
-8.7
19.2
-3.45
-0.79
-2.14
-4.88
-10.81
14.13
22.2
-12.62
-10.25
1.54
12.45
-1.58
128
9.17
37.1
20.68
-17.08
14.26
9.03
-16.89
-27.16
8.5
40.4
-17.33
-48.54
-74.06
-104.89
-35.41
9.5
28.63
-37.9
-19.93
11.92
46.39
-98.99
-155.98
0.26
-7.62
62.66
-7.92
-2.14
12.46
1.1
-55.06
14.56
46.42
-63.81
-16.1
11.14
-26.08
19.57
2
-4.86
20.12
-5.97
-61.35
-100
-14.3
60.41
-63.24
92.73
-31.51
-44.75
16.3
10.66
-9.87
52.64
107.55
4.76
15.66
32.83
3.89
-12.17
50.71
-12.6
61.77
-66.53
-82.42
0.55
-91.85
96.83
8.81
39.45
-0.83
-10.53
-82.88
-0.38
11.01
-0.23
4.48
-19.9
25.05
-7.85
54.75
-9.88
-120.73
-71.63
-10.79
12.13
-8.51
13.35
-19.26
-14.74
-58.68
-8.73
-81.81
32.19
15.04
-8.31
48.18
21.3
48.18
-8.82
-7.85
4.89
38.02
-11.67
64.43
14.73
-59.86
22.35
3.49
13.03
-80.84
4.55
-32.54
19.62
10.84
3.31
68.1
47.04
4.58
-81.76
-4.87
-9.66
-77.87
-2.29
37.76
10.84
-70.79
-49.54
-1.54
-11.59
-2.38
-5.96
-5.67
6.37
8.92
-0.47
1.15
-44.67
1.97
20.06
30.94
-8.13
10.19
0.44
5.11
6.47
-11.99
-8.36
-29.5
11.21
-158.9
24.22
10.3
-7.71
3.31
58.4
-55.77
25.99
14.25
-9.95
4.03
2.84
4.56
-15.31
-36.12
118.07
-63.33
7.46
-1.76
-124.7
50.15
58.93
-9.14
-7.06
-30.51
-24.61
-47.53
-27.03
-81.59
148.64
-68.66
-22.59
16
-209.38
7.78
-28.35
-5.56
-16.07
-32.31
-8.34
50.51
10.79
1.94
-34.92
-8.64
31.04
-7.24
9.92
-2.25
-38.43
-18.76
8.51
-5.85
20.35
36.97
-7.38
20.98
-11.79
-13.16
-6.31
-0.48
-10.43
-53.16
6.84
12.35
-72.21
17.24
-9.77
10.92
50.5
-5.73
70.57
-1.29
-22.72
35.58
-2.35
-128.86
24.34
13.65
-121.78
1.48
-64.1
17.4
-2.53
-44.03
1.08
-12.43
3.87
-80.29
-29.1
9.73
-11.9
37.92
8.53
6.29
4.27
0.48
22.88
0.62
7.43
-1.87
2.49
11.4
17.52
-15.2
4.86
-4.82
12.44
10.13
-111.3
2.38
70.07
1.84
7.25
-58.53
13.31
-35.74
102.89
-7.05
-15.01
0.27
16.37
-2.09
-71.27
7.83
57.84
31.02
4.63
-19.12
-4.59
-339.02
-6.93
-19.93
3.11
-35.87
46.56
-36.94
61.34
-10.87
-120.24
-108.96
66.43
-99.67
58.51
8.09
209.93
17.33
33.77
61.34
12.68
-4.04
-6.39
-4.26
8.18
-31.75
-100.43
7.64
24.29
-48.62
6.57
2.8
-30.61
77.71
-4.12
-6.75
10.53
39.82
-13.44
-15.24
-15.2
11.94
22.72
10.33
6.57
2.17
-5.45
15.49
1.1
-28.56
-6.11
-41.46
11.25
24.37
-4.8
-22.25
-76.97
2.26
205.67
10.26
-12.06
0.08
43.24
4.8
-10.84
-26.19
0.98
-7.87
-5.7
-7.22
-15
48.92
-42.54
11.45
63.38
-2.05
50.75
57.78
-19.29
-0.92
9.97
-10.7
32.1
54.17
-2.92
-57.53
25.06
96.43
0.96
10.41
-1.93
-22.13
-8.36
-26.41
130.32
-21.56
-10.58
42.66
59.45
0.53
-3.22
-181.37
-11.18
-9.19
-75.43
-29.57
14.93
13.99
-3.31
17.59
-13.08
6.76
-12.82
-2.36
0.82
21.33
-18.69
4.88
-6.96
64.83
16.24
-11.34
55.94
42.54
-96.03
-15.72
72.45
-42.76
2.29
-71.19
-1.7
7.42
13.58
27.39
-4.75
46.57
-126.01
10.29
16.44
-20.49
-3.83
8.85
-12.1
-9.05
62.64
38.93
144.92
-17.73
-60.5
-8.83
-13.76
-123.28
-9.04
-15.94
-16.27
30.95
81.36
-11.52
-94.66
36.23
-2.85
1.74
30.6
-130.01
-38.96
10.48
6.74
-70.73
-36.42
16.82
-14.75
13.52
3.22
6.9
-15.3
59.79
-2.29
-6
69.89
-2.83
-26.85
9.46
36.46
47.81
121.93
30.4
80.33
4.2
12.95
-32.51
-0.76
83.56
-28.43
21.03
-106.86
40.32
34.72
10.12
48.67
-21.35
-69.73
45.96
-14.32
-8.71
4.88
-13.14
-49.81
-1.06
2.72
-37.62
37.41
35.76
52.24
-17.29
9.46
47.29
-11.17
82.73
76.33
-8.07
-6.55
1.2
171.72
11.57
-218.01
-1.91
-6.12
18.92
-17.69
158.54
95.55
49.37
-10.01
0.06
-13.37
6.61
-3.49
29.1
125.76
0.89
17.99
-10.34
-11.99
-23.38
78.97
-51.23
-0.56
8.44
-58.62
41.52
5.6
-16.2
-1.12
-32.09
31.86
5.13
4.75
61.36
1.7
22.61
8.76
118.81
0.24
8.84
-7.6
13.66
10.13
3.1
-4.86
0
-8.59
-3.21
24.14
-16.13
-14.8
6.94
10.34
49.31
12.43
80.17
-14.56
-11.51
5.76
-45.72
-21.19
-175.6
50.06
97.64
-7.99
-37.84
-0.47
-15.02
85.87
47.84
75.5
-157.15
-22.32
-13.75
-18.49
71.62
16.98
15.58
-6.03
14.52
-76.56
-122.76
-57.53
10.11
-13.07
12.79
-19.46
60.6
-1.09
130.5
-76.11
-10.74
-2.22
12.06
3.15
-22.22
-2.93
60.09
7.4
-22.18
-19.92
8.76
11.49
-10.09
-32.27
-14.33
70.42
106.65
47.35
4.43
9.44
-80.71
-40.41
-10.26
-11.3
-15.71
45.43
60.96
78.13
30.19
13.12
-13.53
-72.89
55.2
14.3
9.73
6.66
32.49
0.36
79.5
-41.53
-3.46
12.7
-5.1
-9.56
13.5
7.23
-0.02
25.7
21.71
0.41
4.98
-32.18
16.84
-32.35
-0.26
-24.99
45.16
-0.36
-8.36
-11.55
24.54
27.69
-6.96
129.36
-23.49
-141.34
-43.42
5.13
1.03
70.04
-8.06
37.73
5.29
-66.2
13.55
39.22
-19.28
-17.12
-65.5
-21.05
-86.28
11.62
-22.72
10.97
-13.97
-26.5
-6.58
25.91
5.55
-28.67
-7.57
116.15
4.32
11.13
-4.62
8.19
1.07
0.72
14.04
-65.24
2.11
-7.87
-21.93
13.15
70.8
37.54
38.67
-9.36
-28.21
16.06
15.58
-9.71
-64.65
6.43
8.76
-10.41
2.65
22.5
-1.68
-2.83
10.51
26.4
-157.67
11.72
14.62
105.67
29.36
-54.94
-62.4
20.94
35.16
24.02
8.91
7.87
-3.57
71.01
-11.35
11.08
4.38
-0.49
-38.13
-20.43
-58.02
-41.15
-11.63
-7.67
124.7
-90.13
-7.66
-7.06
11.74
46.3
-6.98
-8.94
2.18
-7.58
-4.25
-11.85
-2.28
4.28
-32.11
-50.75
118.48
46.35
37.73
63.25
-11.95
-51.02
10.08
-21.67
-31.06
-9.78
95.08
2.59
47.64
-11.43
8.79
93.58
-51.31
-2.38
9.13
2.65
-69.63
13.85
-68.35
25.79
-35.99
-37.92
-7.69
3.11
-6.27
-7.12
-26.14
-16.95
73.98
55.58
23.74
-9.2
-20.39
-36.23
-9.12
92.65
-13.84
4.74
6.54
89.21
-50.85
6.57
62.78
3.51
64.29
39.11
-138.41
-104.09
56.6
26.67
-4.44
18.89
16.85
114.9
31.31
10.02
9.17
5.52
66.41
-3.25
-5
17.21
-15.14
4.39
10.77
-10.52
8.96
26.24
5.82
2.5
102.64
-51.09
-3.92
164.37
-12.53
-19.64
8.94
52.98
-11.13
14.48
-16.67
38.01
10.13
-71.13
5.08
-6.41
20.29
-146.94
-5.81
57.91
-11.85
2.79
24.09
-84.71
-177.69
-8.15
35.28
-5.51
6.79
112.43
-15.52
34.12
-1.08
-6.61
97.19
-103.06
-113.05
6.68
14.92
20.59
-0.05
-24.81
35.02
-12.89
-7.65
-4.21
196.43
98.77
5.93
9.75
-3.51
-3.46
-8.79
11.26
3.44
33.71
7.25
17.65
56.42
6.49
-2.75
-47.65
6.51
13.76
-5.47
7.94
-8.14
-33.33
7.21
6.05
4.13
-40.33
3.34
-6.03
-34.77
-12.19
-1.64
39.43
-37.76
65.99
-8.78
8.79
9.55
-77.38
-92.69
-12.55
6.46
3.04
2.77
16.88
-11.63
-0.99
52.12
-4.74
7.24
-6.75
231.74
-1.66
-66.95
-15.5
5.29
-1.24
-77.65
86.08
-140.63
15.57
8.63
46.4
-85.74
101.77
-2.37
9.7
-45.73
-17.25
-48.78
10.83
18.33
-14.87
