12.14
-51.9
-11.06
-65.55
16.26
-65.12
-27.12
-47.27
10.24
14.97
63.27
27.96
-66.89
-6.03
16.12
7.11
-15.46
3.8
5.11
8.74
22.07
-3.66
1.55
-71.48
15.12
-48.12
-12.69
16.22
1.95
-11.12
-42.43
-115.51
2.71
16.19
5.36
-0.81
20.39
-64.24
4.86
-41.11
12.21
-31.25
-37.97
-14.03
-17.51
-30.91
204.49
-4.94
2.05
-15.97
-12.58
-99.91
35.05
-122.11
114.35
-9.41
-46.2
46.58
-22.07
16.44
78.21
-3.38
-0.47
76.31
-16.21
-22.47
100.8
-77.63
22.68
-50.82
20.25
-226.62
-15.46
39.74
2.82
9.27
61.88
10.1
5.49
-26.92
-1.42
126.07
32.01
9.87
7.75
-18.34
-3.34
-7.08
2.29
8.68
10.55
2.42
4.65
-32.87
-4.09
-5.35
-18.5
11.84
-10.2
-3.19
2.55
2.11
-10.78
-6.54
11.42
85.4
-14.97
-0.13
7.45
-26.72
5.14
-147.97
21.61
-2.85
-49.82
6.55
23.56
6.37
10.54
6.47
-9.74
4.95
-93.89
6.59
-12.53
71.57
-83.13
-201.46
-63.9
41.82
102.81
-14.11
-17.7
59.79
3.45
18.25
39.2
-38.45
-24.76
-2.01
-14.78
7.51
-4.51
27.31
-12.07
11.93
-72.43
21.81
37.19
-3.5
18.1
9.15
156.29
-55.36
-14.59
4.66
-91.02
90.34
-4.9
125.44
-19.66
7.16
-94.98
12.09
-6.21
-212.63
-3.33
-53.87
-0.4
74.04
-6.75
0.06
11.39
-30.4
-64.78
-64.44
47.69
-72.93
3.66
-65.67
50.65
-15.76
26.2
-11.55
-3.82
19.76
44.39
-2.95
-32.82
-40.41
7.23
108.89
80.32
4.77
-32.83
60.75
-7.97
-34.53
-2.55
-83.03
-10.54
-35.77
11.03
-3.91
-48.43
8.28
-11.09
-90.98
8.79
-46.19
13.34
41.67
2.49
21.86
24.25
25.1
95.3
14.63
-9.39
-18.67
-8.29
9.53
26.6
-5.87
63.79
-10.93
45.7
14.92
26.1
2.25
19.33
41.87
24.84
13.17
39.27
-12.17
13.63
-11.12
8.53
48.7
134.44
20.2
8.26
-8.94
-14.69
23.64
-7.7
44.44
-16.27
5.02
-7.12
41.17
-15.76
-5.49
-4.32
-73.58
-60.49
-10.33
26.22
34.74
-6.23
-3.88
-2.45
18
16.44
32.07
53.72
6.38
-49.64
8.68
-5.04
119.44
-1.29
-68.07
-4.96
-34.07
10.68
-3.63
-5.65
-2.46
-57.74
5.13
-15.33
-17.88
60.25
21.93
-22.44
36.2
-2.89
-72.12
-5.7
18.96
5.54
-86.57
-4.9
-14.26
-3.81
60.86
-6.91
-85.06
-2.13
27.08
17.04
-18.53
-9.51
2.02
8.11
-21.08
37.01
-15.45
1.15
-4.93
-21.36
11.61
-1.64
-136.2
-122.9
68.96
35.46
-9.56
54.59
51.7
-10.76
79.68
-17.67
52.7
-6.98
39.06
3.45
27.34
-8.02
-41.89
-11.64
-3.8
-106.42
-33.66
-8.23
12.05
85.02
0.2
5.06
-47.33
-5.21
-8.01
-18.5
-19.68
106.71
-8.35
28.43
-19.71
20.56
-6.28
4.14
98.47
32.94
-19.82
15.8
89.27
57.63
65.4
-38.33
1.74
10.57
3.97
-4.74
-1.9
-4.09
116.48
8.53
-8.59
9.1
9.98
8.43
-79.92
-42.81
88.84
55.36
-9.36
-24.51
-214.16
-129.7
-176.08
17.58
8.6
44.31
-11.84
52.72
3.25
-13.33
155.58
1.61
2.89
-33.69
-6.85
34.27
-1.8
-45.92
4.73
-45.12
8.77
-10.09
-10.27
-18.79
31.95
14.23
-24.29
-30.13
-21.47
-49.63
-49.26
3.59
-10.76
16.31
7.35
1.1
-3.17
-16.9
7.55
-42.74
-110.26
-27.11
16.38
58.7
3.29
-2.65
-3.97
-19.39
-2.69
4.83
-26.38
-7.9
-6.01
-77.54
-94.15
-10.09
83.97
-0.3
-0.33
-20.88
-7.29
-25.63
-131.18
-60.1
-8.97
14.17
-4.93
-42.42
49.35
9.01
30.26
2.29
5.64
43.97
-4.95
0.49
-57.78
-53.21
-15.54
49.28
-12.34
-12.64
-53.4
7.52
-5.73
-0.97
11.95
-28.52
-45.08
-13.83
6.23
13.42
0.69
-115.55
1.21
-7.16
5.71
72.73
-44.4
-285.14
-39.95
-11.53
-9.26
10.2
-2.83
11.98
35.65
9.76
76.58
-1.81
51.95
24.33
17.31
5.38
38.49
17.33
-1.54
54.53
-2.67
-9.74
65.92
5.04
11.79
3.8
41.42
-26.81
17.03
-130.95
-2.32
0.62
7.98
-41.36
-45.58
8.52
-3.68
13.58
11.96
-11.26
7.86
35.94
-26.89
-14.69
17.89
37.66
8.74
-26.18
7.46
21.55
67.21
-3.05
-3.25
45.61
-12.5
-5.63
13.24
-1.22
-4.38
10.02
243.87
38.53
-31.58
62.8
11.2
1.79
34.61
31.71
-22.51
35.29
-1.34
1.85
0.38
-0.42
6.51
-8.11
-11.4
46.49
-51.1
8.85
14.42
-35.69
-14.61
7.09
3.17
11.93
33.9
-27.58
-19.52
-80.71
-42.63
38.07
-23.31
4.32
-65.32
-77.2
1.18
25.45
-0.56
-11.4
-21.42
-9.66
30.56
43.11
-38.38
-6.05
8.21
28.17
7.14
105.79
14.99
-6.12
-10.58
-30.86
-24.28
12.07
-9.34
4.57
15.33
28.9
0.89
-63.13
17.45
18.18
-11.28
3.98
-115.44
-10.89
-17.95
-4.75
-24.93
-7.54
0.7
56.06
-1.17
-0.46
7.34
13.41
-4.65
-5.13
-20.87
17.27
9.53
-4.35
125.11
0.83
-23.81
-2.9
31.21
-3.18
21.2
-9.38
6.91
-7.85
4.54
-12.07
18.23
0.08
7.69
30.97
-127.49
33.62
-84.71
-8.45
22.96
-1.37
-30.73
22.63
116.04
-64.36
6.25
26.09
-27.44
11.59
84.49
-61.62
-11.04
-13.7
-23.68
160.12
-12.17
-56.07
-215.93
-48.18
178.22
-4.68
4.72
35.01
-61.75
10.86
-33.35
10.43
41.7
-10.15
-35.21
-2.19
-90.55
72.16
29.77
-15.79
-43.22
192.37
6.51
49.26
-120.77
-57.63
-73.54
7.4
-9.3
-4
6.65
114.2
-27
10.56
-31.96
15.95
-0.1
-63.81
-19.19
99.49
4.95
54.96
7.33
-8.08
2.68
-9.6
-83.9
-88.71
12.74
-111.69
8.73
64.62
-19.57
-41.63
-25.35
11.58
0.16
-14.57
123.11
7.24
52.65
1.33
42.01
-1.13
49.41
-9.06
-8.33
-76.98
-6.71
14.24
5.92
-8.54
51.12
-8.34
5.7
14.24
-28.48
1.26
-418.55
148.05
59.3
55.25
19.68
7.6
-9.8
-4.95
47.39
12.56
-18.27
56.78
-41.76
1.04
-76.04
-131.76
-30.9
-19.28
10.53
10.11
-4.15
-44.69
41.12
97.46
-41.48
-2.44
-64.76
-1.65
-72.77
128.82
17.32
10.73
-118.06
53.88
27.72
128.57
106.23
-2.74
45.53
7.27
143.4
-6.74
44.75
-13.62
27.29
-1.27
4.84
23.85
94.41
-4.15
-74.51
-11.19
-128.84
2.68
-4.13
-0.86
12.92
-31.99
3.04
13.13
-96.1
-44.13
-78.96
-9.5
39.74
-5.71
-15.6
-14.4
26.22
-4.58
-19.8
-18.71
65.99
-13.53
-33.26
8.77
-15.62
47.79
11.88
-144.62
25.26
-9.08
21.57
14.16
-12.91
39.14
5.07
9.08
47.53
33.49
-8.63
15.06
-14.06
65.14
-61.74
19.5
-49.24
-10.06
49.17
4.89
27.79
20.54
3.62
-11.86
-16.91
-15.38
-14.47
-10.81
44.23
13.47
22.33
-6.88
17.96
-34.77
-9.23
7.38
8.07
-42.84
15.3
-100.14
3.32
-11.72
3.26
35.17
38.32
7.62
49.43
-2.04
16.07
18.77
-180.13
7.26
112.16
-10.02
27.89
38.75
4.41
9.3
13.78
75.81
21.4
31.18
-2.87
-68.18
3.97
-1.33
-13.33
71.46
-0.45
10.11
14.94
23.59
-40.17
-47.81
23.41
12.59
47.93
-1.06
-6.63
119.47
-134.72
-6.01
-10.58
89.12
0.85
-4.99
4.11
-11.87
7.78
-4.57
-25.61
-11.05
3.99
-47.01
-0.48
-90.34
5.55
0.98
80.37
5.22
40.96
47.63
-9.55
-23.71
7.43
17.83
12.4
5.99
11.3
-48.75
7.33
106.72
-24.69
29.38
17.1
12.03
-132.87
9.11
-98.74
35.33
47.32
-6.23
-1.59
-45.51
38.62
45.25
1.88
-5.34
17.61
-84
20.88
-3.14
9.75
-7.1
-13.03
-10.8
38.29
-4.99
-6.26
-40.79
1.77
131.96
-2.07
6.53
45.2
-57.83
6.22
-40.15
1.21
-4.76
-9.68
-5
112.96
-9.61
-27.07
-6.99
40.21
60.17
26.32
41.2
-41.59
-109.06
-40.87
-13.39
31.3
8.5
12.86
0.47
24.34
9.65
-10.2
71.72
28.63
-16.39
58.78
-109.99
-18.91
32.83
-4.68
-9.65
-4.81
8.83
12.23
-9.48
-5.95
2.43
-6.1
-67.36
16.87
1.06
-7.18
83.17
4.55
-42.18
12.45
-9.05
-103.43
2.39
12.78
-26.43
138.39
10.44
-41.77
-36.77
-22.14
-2.73
79.02
-2.79
-23.33
