61.73
-49.78
55.66
-145.5
26.71
-0.86
-6.53
5.47
-2.16
19.52
-46.53
-24.99
3.81
14.89
-29.51
-82.7
-4.03
13.92
147.2
-10.84
-11.4
9.95
88.79
5.19
56.76
58.53
-4.05
51.68
41.63
-46.93
-52.78
-3.83
-4.03
-3.79
-8.74
-7.3
5.47
2.07
9.88
-14.25
-9.48
2.7
-67.09
2.74
-3.74
-250.67
-25.29
27.06
69.19
21.5
-6.74
-12.97
0.57
46.95
-4.94
-2.1
-8.88
-21.31
5.47
-9.81
4.27
8.23
-53.61
1.8
3.33
11.9
-151.31
17.5
1.72
-0.95
-10.3
-74.91
33.55
13.27
-5.02
7.6
116.75
39.93
22.07
16.54
17.3
-5.26
7.84
6.36
21.91
5.31
18.75
14.37
-18.87
-17.17
-44.66
0.94
-23.09
-7.16
-9.41
-66.56
-21.06
-50.55
-105.76
-9.64
-2.4
-1.67
-58.18
-6.92
75.85
21.47
12.62
-2.52
10.01
12.62
-31.65
-1.7
-26.89
64.15
14.45
-46.95
60.81
-5.3
-5.96
-7.2
39.75
9.35
45.12
65.88
26.82
11.49
24.68
-32.06
-7.72
26.35
-4.54
9.26
-0.53
-9.02
3.79
-11.08
-3.75
65.78
-62.49
59.8
-81.14
11.78
22.66
-11.77
4.42
7.72
-9.26
-66.31
46.84
-10.72
-159.56
-9.18
-30.18
16.9
24.71
-8.22
-14.79
74.82
3.73
-157.29
32.16
-7.91
8.39
-14.04
13.34
83.98
109.87
-0.72
-42.64
12.12
-2.07
1.55
26.43
26.97
-12.44
-160.09
99.26
55.51
-44.95
62.59
19.93
-105.93
-11.83
45.91
-7.69
51.76
8.21
11.56
-36.72
-28.55
-5.81
20.61
17.11
145.38
-14.38
2.29
-10.38
-9.39
-38.71
12.54
-11.67
12.44
9.66
-3.55
9.3
-9.25
23.14
-3.66
-26.66
-66.3
-86.87
-4.43
-12.11
29.49
-21.76
-10.21
106.01
-111.06
24.28
-10.09
57.5
4.18
9.18
94.13
-17.48
70.22
2.88
-75.79
-4.94
9.15
-82.17
-75.42
-7.49
-6.46
-2.03
14.18
27.88
-23.69
10.46
104.01
56.2
-9.31
15.79
69.54
-13.57
12.9
37.55
45.72
-7.93
13.41
-24.22
-71.78
68.99
45.72
-7.51
-7.74
-5.86
-9.56
-23.68
-8.49
62.27
0.54
62.33
30.52
-36.74
-8.95
96.78
14.9
5.06
2.21
36.31
-41.26
19.14
-13.16
-10.22
59.91
-14.6
11.54
-95.24
7.27
5.78
-84.91
-3.42
-2.04
88.45
-17.79
12.4
23.59
-39.18
48.91
30.7
-17.45
3.22
-21.12
158.3
133.97
45.94
11.62
18.72
-1.72
-21.85
-6.42
-16.95
48.16
67.02
12.25
18.91
18.03
24.45
-15.02
-3.93
45.37
2.84
-15.42
-10.53
-16.9
-4.94
-49.89
18.06
7.77
-0.01
2.78
-7.16
-5.9
-55
-36.98
-2.86
-34.18
-1.1
-75.58
-11.74
-0.8
-47.1
-0.15
-7.91
69.66
64.1
88.16
7.32
-14.83
27.69
19.1
9.9
-16.23
-12.19
17.69
4.88
1.14
10.65
29
-70.96
21.68
-5.69
35.16
10.63
-14.51
-152.64
-12.38
-3.4
4.63
-74.43
56.19
11.72
66.23
-44.11
-99.98
-95.83
-96.64
-4.11
24.41
0.39
-24.08
10.36
132.14
-1.63
28.45
-45.94
-6.1
-85.32
-2.9
-4.05
-118.23
2.32
1.04
-114.78
62.24
11.04
23.81
-7.74
-9.3
90.81
-8.33
-60.62
0.12
24.83
37.21
-3.57
-5.41
-2.54
5.58
48.02
71.84
52.92
5.45
29.9
-15.04
-57.83
-86.94
44.91
-33.6
1.76
-15.54
13.87
-9.15
-36.43
3.77
5.14
-15.55
10.86
-13.22
6.21
20.38
1.28
-10.75
-7.87
-26.36
5.29
59.4
-33.96
11.17
88.98
-7.36
4.4
70.29
23.44
-126.69
-0.55
-56.5
-2.3
-17.5
20.21
-36.11
30.57
-5.96
-5.11
29.95
2.74
15.88
-77.52
-12.07
19.72
-37.37
-62.23
4.14
-64.53
-6.48
1.82
15.38
43.91
-10.25
43.94
-122.87
20.45
13.93
-3.24
-16.52
5.79
-0.04
-0.09
21.59
61.56
-6.68
-12.67
29.42
-125.32
-4.38
-30.02
17.11
49.13
-5.47
82.45
4.21
-22.82
9.39
3.16
121.7
3.86
-39.89
6.91
3
11
44.51
-142.92
-7.65
-21.34
6.9
8.54
-10.32
28.37
-14.1
61.43
-3.75
67.24
-106.01
3.06
-15.07
34.49
56.31
-56.82
10.39
1
-1.14
50.38
66.21
-37.41
-54.73
9.66
2.94
79.68
10.78
5.13
6.22
16.77
117.86
88.28
93.38
3.55
-168.11
-12.79
7.52
9.95
1.64
-40.09
6.9
-35.26
31.05
24.3
-2.39
6.12
10.55
-12.74
-0.63
-23.56
-11.63
4.98
-0.45
-12.04
-4.41
-10.29
34.64
-148.2
5.11
33.38
-6.73
32.66
2.78
-6.87
-22.74
35.48
-120.28
34.98
91.96
0.39
6.91
30.69
1.8
104.82
47.28
-12.34
9.92
-12.77
-12.17
-12
-71.86
-80.31
-16.4
80.86
86.41
1.86
11.55
-22
-19.21
21.58
-21.15
-6.94
44.22
91.26
-1.4
37.39
31.98
-71.1
30.77
-45.16
-10.74
-9.31
0.03
37
58.97
31.12
-18.04
-4.51
-47.48
-15.73
-40.02
-9.55
13.18
-8.26
40.61
73.74
13.47
9.87
15.55
-295.14
34.79
9.59
-17.22
75.95
-79.72
-9.6
-42.25
-88.16
-4.4
72.5
-20.12
-2.58
-20.4
1.39
47.83
8.51
-81.68
-12.38
36.33
-8.61
-1.36
42.75
-10.24
-34.75
12.54
9
51.54
24.71
24.09
-3.37
8.43
11.65
56.51
10.9
33.06
3.19
11.58
-415.44
-45.32
-36.73
-9.85
-85.7
-15.62
-14.27
9.78
4.03
-48.21
2.45
-62.62
11.36
15.12
-4.23
100.28
-12.2
16.47
7.16
-10.93
-41.58
-52.66
-13.15
11.49
-8.56
-4.6
-12.8
21.85
8.33
2.4
15.35
-69.6
15.87
110.78
-115.37
-65.72
7.17
-1.93
-4.97
125.48
20.36
-3.04
-79.43
-23.05
5
-6.84
-6.12
13.87
1.45
-60.18
-119.52
-2.22
31.99
-100.13
9.55
-0.94
-7.75
9.94
-0.55
26.21
-3.99
-5.18
3.45
7.85
22.86
23.21
-34.65
-5.77
-56.71
-8.97
-4.21
10.95
10.29
-20.38
-42.95
-9.72
19.72
-6
18.63
-15.1
-14.74
19.02
135.17
-9.21
-64.91
-4.35
-6.82
-12.59
-54.45
13.22
-58.2
-43.19
58.63
-24.3
13.14
6
7.37
1.36
11.08
8.3
17.89
0.34
-5.98
11.49
1.58
65.81
41.28
9.24
20.63
-13.22
-62.65
3.2
13.53
9.66
10.43
59.24
31.85
2.7
-7.62
-11.23
90.11
-7.13
2.75
31.62
-12.96
16.31
92.76
3.37
-15.02
-6.04
-20.75
-15.4
-3.89
11.96
-0.03
-63.36
26.45
0.11
10.15
8.68
88.5
-46.72
-64.21
84.89
142.93
1.24
12.28
10.69
-44.37
-6.62
7.18
-16.21
47.08
7.55
43.68
4.3
2.41
18.93
1.27
3.22
2.44
16.21
-33.16
52.61
-4.91
-66.6
8.45
-63.42
0.26
-9.96
-92.72
78.22
99.92
-5.2
-83.29
-13.8
-0.73
68.43
11.19
-25.91
24.65
-128.88
15.53
-9.63
9.33
30.82
6.14
5.96
-13.97
1.28
0.28
0.31
5.84
138.05
7.64
-152.9
0.16
22.29
83.06
-159.47
-13.09
-45.24
-23.21
18.49
62.28
-77.42
-9.53
-0
-29.84
5.99
-59.56
-0.23
55.16
0.71
-11.65
8.39
25.37
-8.43
2.93
25.27
8.21
13.06
9.77
-7.95
156.84
-3.39
-6.01
-3.94
63.42
57.46
-106.2
-33.69
-31.38
70.93
5.04
78.15
-16.25
-10.92
-8.56
-3.41
-23.4
-13.34
11.74
-48.42
-8.5
-10.74
39.59
70.94
-121.79
57.73
5.11
10.83
57.86
-7.97
28.54
49.15
-38.78
20.52
-5.99
-7.25
-2.37
-36.15
-103.88
-27.28
-39.56
55.47
28.34
-7.1
3.82
-95.23
4.56
-7.7
-18.67
-22.18
-4.78
51.48
-114.24
-75.61
-4.33
-30.5
13.1
-7.25
9.59
-2.31
27.57
-7.22
41.25
-8.97
-14.97
-30.34
-28.72
106.47
-18.11
33.58
35.55
13.58
-28.47
75.02
8.26
-6.65
37.17
58.59
-18.09
56.62
-9.21
-9.57
-0.74
2.89
4.29
-1.67
-15.51
4.6
-52.89
9.16
4.45
-48.04
10.55
42.13
24.86
-4.23
-14.9
28.18
-26.63
7.48
1.98
-10.03
-15.21
-4.16
0.46
-33.19
7.96
-31.3
0.4
-5.07
2.65
10.54
12.39
-85.95
-39.24
-17.92
-32.78
48.28
89.48
-3.98
-9.52
9.25
-101.51
-31.31
15.73
-86.74
-100.93
-56.95
25.81
1.95
51.68
-68.77
27.62
20.88
39.34
11.01
9.92
11.9
30.64
59.58
-3.47
-35.2
-0.07
-149.21
72.85
-20.82
-20.32
41.17
-5.97
6.89
