25.58
2.01
2.23
11.14
40.41
23.93
-28.11
-38.72
-38.7
72.66
20.7
-9.83
3.51
-16.2
-85.58
-9.15
2.88
-2.09
10.88
-3.49
-2.1
5.07
-72.95
78.88
-11
13.16
-54.99
5.31
5.75
-14.75
-12.27
-119.01
-3.71
-14.61
-0.31
38.23
-62.19
10.67
90.71
13.11
-23
66.82
13.58
-7.04
-36.15
32.94
5.67
-10.04
10.98
-208.1
-4.21
9.21
-13.84
5.88
3.42
3.15
19.35
7.14
-6.81
0.48
-31.85
60.42
-9.82
40.97
-16.64
8.88
-5.61
-3.93
4.75
34.91
-45.97
-11.8
-10.92
208.57
6.93
-0.48
31.69
5.4
-58.72
49.5
35.47
-86.92
98
-10.86
57.63
-167.26
382.83
29.65
78.57
12.05
-38.38
7.69
59.55
1.37
-6.87
25.1
123.56
-26.41
-19.35
-37.95
-10.5
-9.21
4.02
-14.88
-7.71
-294.51
-3.84
-51.33
0.11
0.71
0.37
137.55
2.16
-20.76
34.36
49.69
-5.71
190.02
-64.49
-8.98
8.97
2.37
-16.61
-14.96
-10.44
-4.59
58.29
-34.69
67.22
-13.99
-45.68
11.33
-4.85
-53.2
108.78
-10.14
-24.94
42.45
0
51.97
2.34
-9.1
-14.08
41.9
-28.15
17.56
3.38
9.57
-17.3
13.27
11.4
-9.27
39.31
6.49
11.25
42.15
-6.65
3.76
3.15
-8.32
-7.55
1.42
-18.85
15.38
30.11
-3.89
9.97
-8.57
-114.05
-20.32
19.54
-18.06
23.51
-14.42
-12.21
-4.03
-1.87
-32.43
36.72
92.08
99.31
0.4
36.05
10.68
12.64
39.42
-7.46
0.17
-199.91
-23.8
-92.7
7.66
-11.46
9.54
36.51
-2.92
4.76
58.06
-79.31
8.55
-41.86
4.64
48.4
118.85
-7.85
-41.18
11.4
72.39
-38.99
76.67
3.08
-29.18
9.7
8.97
-11.53
19.31
18.38
148.74
25.28
16.14
-10.42
-31.93
-47.92
-1.79
3.41
-24.16
-27.61
-26.3
-3.78
-86.93
25.55
-51.53
-8.15
7.82
52.18
10.01
13.17
146.13
13.09
-0.41
-26.05
-4.13
-15.99
-10.48
58.05
17.67
-19.18
10.62
-2.57
2.59
7.58
35.49
14.78
50.66
-6.55
-3.46
-2.38
-77.71
-168.26
6.01
-8.67
-65.97
-35.72
-25.95
-11.34
8.89
42.15
-1.29
5.71
-10.96
55.93
-2
-5.4
32.97
-11.41
12.62
-2.43
17.51
-0.44
53.89
2.08
-59.91
39.74
43.26
-16.81
0.39
35.83
-6.99
3.59
-8.75
38.04
17.67
11.32
13.27
2.64
-77.96
10.65
87.97
54
15.91
8.34
36.19
-11.12
80.6
-5.68
20.34
57.68
38.62
45.71
20.68
122.76
-95.41
48.42
-1
7.79
-1.13
34.94
52.21
-3.75
13.28
29.03
29.57
51.11
-17.34
-8.14
-83.47
-12.1
-4.06
9.01
56.63
-71.74
-61.44
4.95
-51.43
2.29
-85.98
-2.65
1.76
0.58
-2.79
114.66
-138.58
60.05
-10.53
-2.84
2.93
39.29
1.49
13.33
84.4
-6.42
3.63
29.76
-32.54
52.97
15.07
8.19
-1.08
6.14
7.06
52.34
-50.53
17.88
-55.85
27.2
-0.49
-40.27
7.62
43.04
13.56
-13.07
8.24
6.78
-52.91
-19.96
-2.33
9.11
59.4
44.68
-5.92
23.27
-49.35
-0.51
-30.88
-1.93
-8.78
13.27
-2.75
3.65
-107.58
-78.22
-98.09
-33.25
-7.51
-35.52
-5.64
40.59
-24.72
-66.14
-7.08
-51.67
-4.53
32.22
11.25
-19.68
54.01
-5.11
3.6
-89.58
-3.32
0.5
52
42.07
-2.1
-5.14
1.97
-37.35
-1.07
43.52
15.87
-11.1
20.69
23.78
100.3
27.76
39.93
24.08
0.41
-85.32
110.96
-4.27
-4.24
-134.64
-42.66
13.01
-39.89
7.54
19.83
-29.58
-36.01
48.68
-11.13
-38.28
8.39
-8.96
14.64
-6.02
38
46.64
39.02
-67.38
7.03
-11.62
54.21
-77.14
-44.67
-16.31
82.44
-116.04
-0.67
4.05
-14.04
-15.41
-105.12
-194.67
7.04
3.86
-22.82
-18.5
19.06
-4.03
-3.84
-39.37
-19.32
43.4
64.8
61.08
3.1
-32.18
49.9
-5.76
-53.62
-2.93
46.27
21.26
59.23
4.34
18.97
-12.24
-54.12
-29.56
13.52
11.52
8.29
7.19
9.89
-12.37
-10.25
0.61
9.99
94.99
-4.69
1.2
6.04
45.13
1.05
42.8
25.65
32.55
38.97
-38.95
3.04
7.45
20
2.1
-31.73
66.52
22.3
-1.26
-8.33
-37.4
15.38
-29.19
8.58
1.08
-2.34
-13.25
-139.26
-1.36
39.41
-38.75
-54.93
-1.32
80.18
10.99
-24.74
-10.57
146.23
-5.26
-30.52
19.06
8.01
87.55
-52.88
4.72
-2.33
34.32
-13.11
-0.27
-109.29
8.67
-44.88
26.89
-1.77
-1.25
61.3
-76.94
-97.07
55.29
-25.48
-6.42
13.95
9.66
116.71
12.55
-8.81
-1.91
-17.73
5.49
-10.98
-2.19
-48.86
-7.31
-20.91
-36.85
6.62
-8.21
-30.48
-29.96
-12.49
6.81
82.01
8.93
14.84
-2.46
-14.53
13.71
-12.69
-2.24
74.82
3.33
-5.07
10.15
-69.97
41.13
-52.9
57.22
-45.05
89.76
8.57
32.04
10.88
11.77
-4.34
-36.45
-75.51
-2.22
-42.14
-124.65
-27.72
6.77
6.93
-1.9
-140.79
-4.02
-58.84
-28.21
14.36
-16.93
-7.39
-14.72
3.42
11.65
4.13
54.24
-167.94
10.01
10.54
18.31
17.25
23.51
-5.78
13.66
-20.4
-176.89
-120.06
-7.31
50.94
-0.94
111.11
3.28
-11.86
-34.67
9.25
-41.18
236.26
157.79
-10.72
-6.99
5.97
30.5
4.5
-78.48
23.13
-50.95
-7.36
10.18
-1.71
-51.5
61.35
-19.22
59.61
16.55
19.69
72.91
24.36
29.08
-1.55
12.65
0.45
-12.43
69.28
-48.56
-18.74
-8.62
21.2
-8.55
-75.08
20.48
-1.46
-17.54
-9.66
-107.55
6.12
6.04
-31.41
-6.58
69.52
-66.07
14.3
10.56
-7.07
-6.39
-41.37
-5.45
-197.2
88.38
-0.39
12.72
-18.73
95.41
13.89
35.94
50.2
-79.9
9.8
-69.72
70.97
-47.47
-6.34
-1.8
-4.49
-8.95
3.77
9.76
24.69
3.25
5.15
8.78
-9.03
9.01
5.24
27.16
-11.14
6.89
-8.82
1.58
15.56
5.49
22.5
-24.61
7.18
3.31
15.83
14.27
11.83
-67.56
83.62
21.86
-7.99
-16.15
37.42
28.87
13.48
-10.16
-11.79
-27.81
42.02
8.93
5.16
-6.58
34.38
-58.27
-20.23
-177.1
-6.72
53.33
14.92
3.93
10.16
-16.42
67.26
24.36
7.05
-39.44
-22.77
-14.05
-13.58
51.93
41.45
9.34
54.56
-16.33
-31.7
25.99
37.23
79.03
-27.63
23.42
-9.96
80.68
24.18
3.46
-3.11
7.39
-16.37
2.41
-11.35
-24.73
68.27
-128.23
3.26
3.2
-86.11
54.45
73.16
-6.17
4.05
8.6
9.47
-11.7
-9.54
20.95
66.22
-9.4
-15
-7.89
-56.8
-91.24
-91.32
-64.26
-68.79
15.34
-15.52
-5.84
20.94
-11.75
8.18
-66.23
-59.28
98.52
-5.2
5.87
0.99
-17.36
11.41
-80.67
-16.09
104.35
-71.91
-8.16
-16.34
-0.03
-33.96
-34.21
-83.11
-7.54
29.43
-105.1
-26.1
4.85
-47.34
59.18
79.91
-6.72
32.13
-29.43
-39.18
-5.88
92.05
-25.85
-8.67
99.33
14.06
122.88
-8.25
40.19
38.75
-3.52
63.78
13.54
27.97
-4.67
-9.64
38.28
24.9
2.46
12.59
57.31
12.99
5.87
37.27
27.82
45.98
1.47
73.82
22.66
153.29
3.56
8.71
-16.22
-9.96
-54.98
3.87
88.22
31.01
81.7
-9.23
7.87
-116.15
-51.8
-50.35
-14.56
-0.95
1.33
-38.72
-79.6
-10.94
-6.23
-45.77
3.01
85.08
32.96
3.78
21.7
118.14
43.93
1.85
3.81
5.78
13.38
24.03
-58.27
-4.54
-62.66
8.91
-11.61
16.13
61.55
-13.95
85.93
17.29
-7.59
8.77
23.15
0.17
0.2
8.62
18.68
-2.25
99.34
45.59
-7.18
-66.03
27.74
18.83
6.21
11.43
3.96
-36.73
3.76
4.09
46.59
139.02
1.61
14.94
-8.48
47.88
-3.77
2.63
-14.3
21.32
6.8
12.59
-13.78
-5.76
3.97
-16.81
-15.74
7.48
4.93
6.32
-19.68
4.15
19.36
-18.41
-48
-14.27
21.5
-1.39
-38
0.58
3.2
85.54
-0.48
17.38
40.3
7.34
-10.53
9.51
6.52
10.47
17.35
39.7
-8.03
23.24
3.94
18.33
-8.52
70.64
-37.32
-8.33
96.46
34.41
5.61
-15.03
-15.11
63.01
-7.26
-7.08
-9.09
36.36
-90.86
-19.41
-9.51
-241.31
23.07
-66.44
-7.44
-16.61
22.48
-45.89
12.66
-6.91
11.96
-21.21
-21.39
-2.46
-12.74
20.07
-11.42
8.09
-1.92
-177.04
