-12.97
-57.17
-8.24
0.57
19.32
-33.4
-10.12
-12.09
2.33
-34.94
-9.22
-23.2
47.37
11.94
-22.43
-3.55
39.1
13.96
8.66
-42.56
54.24
50.62
-17.69
-3.83
-93.63
-59.47
112.91
-8.25
83.17
6.07
49.85
34
21.19
-5.01
-3.72
-28.63
116.72
8.95
-5.97
10.8
-4.12
39.45
78.38
2.94
-13.56
-8.78
-66.44
1.58
-55.76
-0.7
4.51
-18.07
3.1
-139.64
7.4
-15.51
11.73
65.43
-8.95
84.27
99.64
12.25
14.65
3.6
-11.18
17.32
40.09
5.1
3.65
1.92
1.06
22.16
-54.34
-21.07
-17.57
21.95
35.53
3.21
-12.43
-7.76
-5.54
9.7
23.55
17.01
30.03
44.41
55.23
-3.69
-11.28
-6.71
98.07
-7.75
9.2
-9.1
0.55
-64.13
4.22
3.36
-177.12
116.6
-6
-11.91
-52.14
35.15
4.96
-29.97
50.99
23.68
-8.41
82.07
15.03
10.61
47
50.8
0.14
14.65
-5.52
44.46
-10.77
45.12
13.93
-19.35
1.23
1.43
-11.58
-127.09
8.41
12.55
-4.75
-38.97
69.7
133.7
13.19
-0.17
-3.23
15.24
66.98
-7.22
43.93
3.37
-4.18
-74.82
-4.01
-12.99
12.15
16.33
-40.08
10.77
-2.13
4.74
-67.25
-5.36
0.81
120.58
6.56
-15.88
91.49
17.43
-52.99
17.03
-78.14
1.04
8.15
125.47
-38.69
-31.76
-14.45
-17.62
-8.45
7.32
105.3
7.39
-5.22
-16.69
-11.76
-3.36
45.77
27.47
12.15
-27.03
22.78
94.15
-17.65
-11.69
-16.46
-1.19
68.08
-0.94
-13.95
22.03
7.55
9.84
-16
10.44
-24.46
-8.02
-44.6
10.03
8.03
-12.88
-42.66
59.64
-50.19
15.8
-95.6
9.92
9.78
54.32
-23.82
2.89
-11.1
53.03
-29.74
-12.3
13.17
-108.62
-10.85
11.52
8.96
-20.92
4.57
-7.65
39.69
5.01
39.64
-91.02
-12.59
37.46
31.61
47.3
-5.42
5.36
10.63
38.53
-9.79
36.24
-7.41
62.3
-13.94
41.88
1.46
14.3
34.17
-51.81
-1.08
4.98
-5.92
-32.3
11.16
1.75
-6.73
136.28
-32.4
-1.73
9.62
22.83
46.96
-65.06
4.95
-83.56
14.54
29.16
45.79
53.71
-139.45
-2.28
39.2
-88.46
-10.38
39.55
70.98
8.12
27
2.67
16.71
-17.98
99.92
-3.51
-56.19
-34.99
0.67
-66.22
16.18
8.85
-33.57
10.17
-9.14
25.45
-8.21
-31.61
12.55
12.89
47.9
67.46
-0.79
11.3
15.56
82.21
75.81
-0.89
-3.8
82.95
41.08
-27.72
14.72
5.9
4.44
-2.17
2.72
-94.13
10.02
-37.42
48.57
-11.9
29.94
3.8
77.71
9.17
13.28
-10.85
-7.91
11.26
-41.57
18.56
5.99
-20.1
9.95
10.87
-114.85
-10.87
17.31
37.51
-0.49
-3.09
7.06
-2.81
-7.25
-8.95
6.97
-1.38
-4.45
-27.3
-3.81
-4.32
8.66
70.45
56.15
0.98
-9.75
40.93
74.95
-144.15
17.12
26.67
87.85
55.58
1.03
-0.27
2.93
48.48
-12.6
-224.56
23.4
-0.46
-6.76
-52.76
19.92
-3.06
80.45
-122.22
-16.17
11.44
24.87
-55.48
-22.07
-54.71
59.24
-49.27
-79.53
68.79
10.08
-7.98
-75.86
7.63
10.8
-44.45
-10.92
-2.76
-67.29
29.67
7.83
-75.51
-14.42
8.99
-72.58
-14.65
57.84
5.12
-9.81
-9.87
3.76
-7.18
44.28
7.53
10.57
5.53
30.32
29.75
-169.35
-8.67
59.88
31.09
-36.36
20.42
-9.77
10.97
-29.41
26.18
-169.88
-42.75
58.27
-11.3
11.5
-40.7
1.33
-10.32
-12.39
5.05
20.79
13.25
25.08
-6.08
12.25
54.35
39.87
8.37
-2.43
239.25
70.18
-0.56
-0.83
38.82
-67.01
0.86
36.66
36.92
-12.4
5.09
-77.69
9.2
135.88
-13.1
-6.49
-35
-3.38
31.03
56.65
31.56
67.36
-13.33
-6.73
-11.58
29.51
-54.29
286.77
5.48
27.67
-118.66
38.71
12.59
-15.82
-19.78
-4.66
6.27
-2.58
5.92
34.34
-7.77
43.26
-37
3.51
41.73
10.54
-4.21
6.7
-12.75
19.68
-8.46
28.67
7.58
10.19
9.09
42.88
-9.84
5.11
-0.97
-94.62
5.75
58.36
60.4
27.49
-44.35
26.02
61.31
-71.27
152.55
7.01
7.16
-71.03
-48.2
29.57
-115.34
11.25
-2.73
3.37
-46.53
-12.82
3.18
-38.8
99.11
60.82
9.39
-62.25
13.98
1.23
-44.1
7.21
11.81
7.98
-0.15
89.79
-13.83
-5.81
-2.39
-19.29
70.5
2.98
37.47
8.28
7.77
-0.18
-58.77
9.18
-80.99
-87.41
16.4
-70.92
-2.13
25.12
-75.93
0.09
-3.56
-0.13
43.74
-8.58
-0.99
-29.03
36.36
107.98
60.57
80.06
-126.03
0.71
67.53
-12.09
6.62
-24.17
4.03
165.16
-2.14
95.7
-75.18
6.65
22.87
36.75
-76.79
5.46
-4.82
112.34
19.62
56.13
10.37
0.66
-8.99
-15.22
-1.88
32.94
-15.18
-30.65
59.87
11.06
-16.02
-41.31
12.83
8.77
7.39
40.99
-2.72
44.86
97.15
0.41
-1.2
1.43
-26.09
-86.66
26.58
11.39
79.8
29.9
5.71
-9.04
-39.77
-0.05
-34.26
51.53
9.54
0.75
-4.82
10.67
-9.5
74.41
9.23
68.38
-9.73
9.55
12.44
-6.05
37.21
-3.07
6.49
6.25
-14.52
14.56
-32.88
-7.31
32.07
-31.44
-64.98
2.87
-27.53
118.38
59.15
-20.09
21.46
86.1
-13.56
27.91
171.16
82.99
-15.78
-128.07
-10.45
-17.58
2.45
-7.21
75.02
-14.99
-10.02
42.75
0.38
4.15
6.98
13.79
64.81
13.99
0.7
2.87
27.87
37.72
-74.57
9.07
15.67
7.47
-20.11
7.57
11.16
-15.5
90.42
2.66
110.49
-69.44
26.55
-2.65
-37.33
24.3
4.08
-52.47
-3.14
-4.56
5.43
-4.82
-214.65
62.13
4.63
28.77
48.42
-3.42
-13.09
-15.16
75.76
9.95
12.01
24.72
0.73
8.81
9.33
-9.87
0.65
2.94
13
-6.16
6.53
53.47
77
-43.59
-2.93
-87.98
-15.03
110.86
-23.75
-11.15
-5.46
-7.42
-5.41
6.11
-14.61
-5.93
2.67
27.68
-2.57
0.37
0.01
107.29
-3.21
0.63
14.68
-7.44
20.28
-1.11
42.83
6.98
-95.3
-14.21
49.44
-22.97
-46.92
-181.26
2.32
-11.25
10.39
-8.42
-2.53
-115.74
-9.88
-16.16
-9.86
40.71
-11.44
12.07
-7.53
-9.23
-81.29
-11.29
13.23
7.34
-6.07
145.18
-9.74
1.18
-82.18
-31.49
-32.5
-8.96
53.17
23.52
-47.1
-88.03
-116.74
171.28
80.44
40.38
-74.72
-8.81
0.04
-39.32
51.28
-9.97
7.47
9.48
34.68
-38.09
-71.44
3.08
-7.15
8.79
11.38
-19.96
48.12
-5.54
-37.56
14.89
5.81
36.58
184.68
-40.83
33.1
-10.82
26.73
-3.53
19.59
14.86
47.59
55.09
-38.1
-50.69
9.85
8.64
-62.2
41.66
-27.52
98.02
-0.99
0.63
4.79
17.75
-3.05
71.94
41.41
-55.68
-5.65
-94.97
172.68
-5.14
-21.2
-175.78
-63.77
60.65
-0.71
-7.32
-13.41
4.88
-12.28
-6.48
-4.53
2.92
9.22
7.58
83.79
0.83
55.35
-13.5
5.46
-14.8
6.54
-11.47
11.76
-13.49
-178.21
31.41
4.06
60
-58.58
40.27
-52.7
37.2
-20.27
223.18
-16.21
-0.21
-19.09
-11.05
-7.91
60.4
71.26
1.77
1.85
-1.71
-33.92
-77.37
-17.5
8.26
-77.04
59.72
76.65
32.61
-10.45
-161.22
5.56
-11.43
-97.6
-12.87
-13.49
55.64
-14.81
-3.54
-98.58
9.08
-166.57
51.33
43.9
35.52
-55.78
1.58
-9.97
18.5
-82.95
-50.74
23.55
-145.27
20.81
0.12
74.84
2.53
-1.21
-4.8
6.32
-4.99
9.69
-29.85
-8.42
6.27
78.69
-10.01
11.5
12.77
-4.56
-21.96
25.48
-118.88
123.02
30.79
-16.37
-0.59
-3
-12.68
-13.41
7.91
9.03
14.11
4.1
-53.74
42.42
127.88
9.27
-4.74
-16.7
5.75
-1.71
-11.84
-69.93
-6.8
-73.59
4.8
6.1
-2.68
-31.3
-76.67
-125.85
59.2
-12.83
6.48
34.38
-8.96
-2.84
-8.07
-39.53
12.69
14.83
15.01
-93.96
6.64
-56.44
59.33
-68.77
53.9
34.01
-6.93
17.47
3.81
35.1
-15.15
34.21
3.47
164.08
-25.92
-67.23
57.88
12.38
65.23
41.13
-43.71
4.85
-17.11
6.18
0.79
14.88
-18.59
62.64
-46.7
-16.45
38.57
7.92
-2.2
-0.72
37.3
39.8
-14.78
-7.86
63.41
-24.86
42.66
-12.48
7.43
3.31
-0.39
-5.63
87.92
-42.84
14.36
-93.1
2.38
22.58
-7.03
-7.32
