-32.37
0.75
1.99
-7.2
-14.87
144.66
37.88
-11.02
4.29
-46.17
-32.87
0.62
-35.34
87.27
-7.89
-26.02
22.04
1.72
-144.74
-37.3
1.98
46.67
-6.13
2.05
-81.9
-7.52
-9.78
55.15
13.89
-6.58
0.46
116.86
14
48.88
-34.71
-6.36
0.21
11.46
-122.95
-5.4
-6.26
0.28
-12.63
0.33
-0.98
56.35
-48.95
19.11
-9.11
42.83
-82.55
-17.82
125.43
28.45
3.8
23.11
-27.37
-216.15
-27.96
40.84
-91.41
-4.91
111.28
-31.69
-13.51
117.24
10.44
41.66
-17.13
-9.39
-79.39
-80.33
2.68
8.4
-58.61
-15.69
26.32
-3.34
-57.1
-8.92
8.96
-7.97
-20.38
51.43
-31.72
11.85
-12.16
13.38
12.44
-17.15
168.38
-19.14
97.89
4.2
18.92
-44.69
12.63
-13.35
-4.76
9.87
-22.29
-0.81
18.4
21.23
-0.8
28.6
-11.53
-6.63
34.81
95.77
18.75
57.06
-2.75
27.82
69.15
-61.16
10.38
-17.55
-40.91
-10.49
-28.99
0.34
0.15
-11.07
79.99
14.96
35.83
-125.1
-4.41
-11.76
-1.59
-2.44
-77.76
3.13
27.21
54.44
-3.86
45.11
11.01
-101.97
39.39
-11.77
-19.72
-8.75
2.39
-18.59
42.74
18.24
0.67
32.78
4.58
5.92
-8.02
-16.32
-8.04
-6.77
-9.14
13.29
-2.12
18.64
56.46
-10.08
3.83
-51.21
-38.73
-10.3
-17.47
-22.75
-87.21
92.93
12.32
-58.56
-116.04
5.52
-13.18
-37.2
-7.47
-23.1
-45.09
-74.94
40.21
-0.48
0.84
24.85
-4.86
6.09
-5.25
19.24
91.83
-133.3
-4.07
-32.18
26.5
38.9
3.59
-4.36
18.39
158.4
-28.82
-47.84
-47.21
-22.7
-36.93
-10.06
-86.39
10.93
25.86
3.52
2.57
-12.59
-9.04
-41.02
8.46
-6.68
142.77
5.29
4.04
105.23
-145.51
35.98
-4.51
-93.58
61.19
-7.48
-74.63
15.68
-96.52
-135.77
-9.07
-14.98
-1.63
-10.56
-5.26
80.29
19
-115.49
-23.21
-6.5
-16.92
21.98
-13.65
-55.14
-43.92
-23.26
38.47
-70.76
-19.23
13.47
10.62
-13.24
-56.42
31.38
80.03
-11.13
-6.46
57.61
-33.03
-8.86
-41.58
-28.77
17.86
-21.9
-105.33
-14.99
13.25
-79.51
87.92
-88.89
-2.33
-27.63
11.12
2.7
1.86
-15.86
-1.85
11.72
-54.99
-46.85
53.74
4.98
5.27
2.49
-15.36
-97.51
-67.05
-3.24
-87.98
110.61
11.21
41.04
32.65
-33.58
-59
-12.02
-57.55
-113.95
-51.76
-26.62
-25.51
-49.34
-74.52
-33.83
-97.03
-14.95
109.23
-8.97
12
-40.56
116.93
-186.19
74.73
8.76
16.6
-11.08
1.73
2.02
22.74
-92.07
29.66
-79.37
-76.36
2.63
-36.36
-6.33
-5.28
58.75
62.38
2.31
44.61
23.91
-12.29
17.06
-5.5
-33.74
-1.99
-79.94
-13.76
-11.86
-11.75
10.83
49.9
-39.23
-7.18
-59.37
5.02
-41.08
-5.48
-101.5
83.83
-9.18
-4.64
-5.33
58.87
10.05
11.56
59.48
79.05
-0.55
14.9
2.07
-6.43
-56.99
21.58
-83.18
8.37
10.25
16.3
-22.03
3.27
-2.07
4.57
-69.34
38.94
-7.37
-52.87
12.68
6.32
24.01
-43.38
-1.74
-25.78
25.51
-94.51
-5.33
8.01
-119.36
-2.5
-31.73
-0.3
4.01
10.18
50.25
-64.7
14.25
-22.88
19.29
9.39
88.44
-10.47
-10.29
29.05
35.46
-11.94
-113.16
-38.17
9.51
-12.57
-52.48
60.36
69.34
-8.14
8.33
-117.89
-36.86
4.07
-35.02
-6.82
-43.97
-10.6
-15.41
108.98
3.31
-4.78
-9.88
-41.49
-19.59
4.3
6.61
-33.76
7.59
21.68
6.93
5.62
-14.43
-7.36
-29.6
-66.02
-53
48.03
-26.84
-25.19
26.37
0.89
-11.88
-1.12
-4.22
44.5
3.59
-14.44
7.31
-10.33
3.71
-21.08
-102.62
4.72
21.23
-68.7
128.88
4.63
5.39
-1.32
6.1
35.8
-84.93
9.14
-35.63
-34.42
-12.28
-98.29
-178.2
-1.27
17.36
28.09
-1.77
-19.56
19.63
71.8
25.15
-8.51
73.73
9.46
-11.63
-104.14
10.49
2.91
5.68
-2.12
125.96
51.92
-11.62
-23.53
-17.02
68.5
-75.67
-26.27
-68.56
8.5
-29.34
22.29
-4.56
-54.2
-53.38
15.85
-52.18
-14.03
-2.05
-112.77
60.98
-12.66
16.26
20.72
-77.99
13.67
-13.29
32.59
-4.6
54.73
-4.34
56.35
-6.37
53.1
-7.3
-41.94
-98.93
6.57
7.95
-12.78
-13.37
-5.02
-19.51
79.12
9.72
-6.68
12.46
-15.46
-49.67
20.55
53.3
2.57
80.96
-7.54
-2.02
10.71
-53.22
-2.29
-10.63
-6.28
7.49
-8.9
9.14
6.88
12.62
6.54
3.72
11.83
-15.55
3.59
13.98
-13.63
-23.62
10.29
-50.24
-33.01
23.92
75.7
8.27
57.82
98.44
-115.54
1.55
0.91
7.87
15.17
15.22
-5.16
-84.1
47.18
0.47
1.23
-11.46
-12.99
-12.98
-33.72
11.76
-4.61
-21.12
-13.37
21.09
-12.59
-17.12
-50.13
-9.46
8.65
77.49
-50.91
-16.88
5.51
9.63
6.48
74.68
-6.62
-33.2
-5.52
-0.84
-19.96
1.79
21.82
53.98
-11.34
-3.34
14.44
57.86
8.46
-14.05
6.07
68.48
-20
0.9
9.02
13.78
-90.06
-10.32
11.79
-82.09
6.38
-9.54
128.69
-195.96
-0.62
-21.37
-10.63
-57.69
14.82
27.51
8.18
-6.94
-10.27
-9.73
-93
-10.06
6.13
8.17
-9.56
13.88
-23.38
51.18
51.88
73.23
13.27
-49.3
-3.73
-67.05
-6.81
-0.66
-0.25
-10.16
2.87
6.23
73.77
24
42.02
-0.7
12.97
18.57
49.31
3.15
-77.42
-1.61
113.6
-1.5
2.97
56.9
-26.12
-175.44
13.5
28.35
-69.84
7.07
-3.57
70.58
15.16
5.27
12.28
-9.17
18.75
147.21
-65.76
10.85
-6.56
256.75
9.38
11.42
59.2
-11.11
9.08
-8.97
18.21
-10.66
-18.42
-4.62
-36.1
-2.69
9.5
-39.29
-110.62
-6.58
31.43
-11.21
-34.49
76.94
-80.89
-58.77
-30.18
-7.26
-14.28
46.89
-0.79
138.61
26.64
-16.24
-18.06
-18.79
-6.44
-9.22
-45.72
-5.34
-9.99
-121.56
109.95
-123.11
-12.09
54.13
19.86
-15.23
-10.73
15.92
66.02
-23.1
32.16
11.67
5.44
-9.77
18.89
3.37
3.88
-120.99
-16.38
-42.22
16.54
-64.89
-17.31
18.3
37.74
17.19
92.53
-44.24
-4.77
20.6
13.34
55.28
-67.47
8.02
8.05
24.58
2.64
29.08
-16.59
-69.68
3.35
17.73
-6.12
87.6
44.78
-3.66
21.76
-24.41
-61.47
13.11
5.64
9.66
-84.15
106.27
-51.54
-10.54
21.62
12.25
-169.04
-3.37
-31.33
-1.28
116.45
-14.18
11.78
27.48
25.05
16.38
8.17
-81.54
-31.95
16.66
13.93
-53.97
-12.23
72.49
-38.35
-18.01
4.01
-48.4
-6.62
110.38
0.47
-5.39
3.63
0.97
-240.18
57.29
21.17
140.9
-53.84
-2.63
2.81
4.88
28.64
-5.14
3.78
-0.14
33.7
-12.8
-2.15
-17.42
-21.48
62.6
-12.25
-24.82
-1.64
-10.04
-10.45
2.09
42.59
-8.75
1.38
-22.45
-41.67
21.66
79.81
23.46
1.76
4.48
3.01
-25.95
-5.4
-6.42
-55.88
18.25
-40.32
4.15
100.64
-58.32
-21.85
33.74
-5.89
-1.92
40.07
-66.52
-9.67
4.57
3.56
36.73
-2.14
4.83
12.07
-12.56
4.1
21.77
-1.41
69.7
-15.28
-19.39
-4.88
-4.33
-51.02
18.8
-10.38
1.64
12.94
-144.18
6.34
115.03
-5.89
-6.31
115.96
-19.21
-11.75
-59.21
5.38
16.21
1
109.01
44.31
-7.15
19.81
5.22
-94.97
50.98
19.38
-41.67
52.52
91.68
4.85
9.51
-1.73
98.08
43.28
-9.57
-10.03
-67.04
51
-7.81
6.33
13.36
-34.17
2.64
-37.93
16.66
-36.39
-0.68
16.6
1.55
-6.71
6.63
35.05
10.63
-6.18
7.22
-7.61
72.67
12.53
0.04
24.67
27.19
-26.05
-24.51
40.68
-253.17
-17.9
21.4
46.37
33.34
-0.17
-68.87
9.24
-50.01
55.32
17.21
63.69
14.28
-12.65
99.22
-28.31
-0.39
29.82
109.85
-5.7
-4.53
-76.22
87.92
-16.18
-7.74
14.34
-3.53
-82.13
-11.73
13.79
9.89
8.01
-31.82
10.01
6.95
66.7
-36.52
4.54
-3.61
-59.89
28.3
-22.13
1.09
2.39
-25.16
11.77
-24.46
-2.36
-57.18
-33.61
11.89
-15.44
-64.77
66.63
-44.26
-7.36
39.51
-0.63
-61.86
123.3
17.55
-6.86
1.05
49.25
28.66
-41.96
20.91
14.3
46.1
33.55
11.06
53.63
-54.53
-10.86
11.94
8.22
65.53
49.42
-11.99
-13.73
14.22
