111.15
116.92
6.51
9.83
4.14
-36.17
-5.13
4.46
-24.61
-190.6
-8.72
65.32
39.26
-11.14
5.77
-15.49
72.49
-1.5
-12
9.96
-32.48
-5.14
16.43
-9.52
-9.22
-10.25
-70.25
-13.24
58.91
19.51
17.12
-96.36
17.14
-2.61
81.82
-1.41
27.88
-13.63
53.89
33.42
-24.95
-11.29
1.47
-35.09
17.53
12.51
1.3
9.42
49.18
29.38
43.6
11.69
30.86
-63.49
7.95
10.33
-9.79
88.29
34.43
4.37
-129.1
-98.34
75.62
-7.78
59.32
11.86
27.53
-53.44
-18.5
-26.95
-1.64
-5.75
24.63
-6.45
-99.55
59.68
-25.83
0.35
-9.46
5.51
0.52
-0.38
-11.09
36.27
-23.05
-11.02
-82.36
-6.9
-56.8
13.21
-49.34
9.04
12.41
18.03
-1.23
-11.2
12.6
-8.25
-61.08
9.62
14.88
-71.46
1.35
11.4
55.99
-87.65
73.87
-6.39
119.51
-1.98
78.53
53.39
7.76
14.97
-8.5
9.33
40.05
-2.23
5.07
0.07
73.69
3.98
-41.39
-46.87
16.25
33.44
82.74
108.65
1.91
13.61
-8.91
4.84
33.8
-132.46
12.57
-13.08
-0.19
74.04
69.7
3.66
-5.67
-8.82
-12.29
-2.92
49.35
-18.33
13.65
44.86
7.88
1
14.39
29.65
6.23
9.17
-108.15
-9.77
37.15
8.44
-0.26
6.52
-8.46
106.73
-9.33
221.65
0.48
-0.86
24.76
10.34
89.04
-2.89
18.22
-1.59
39.27
37.95
-48.62
27.38
-44.47
-156.76
-21.57
-8.3
24.58
-9.53
47.49
-3.32
-35.49
-33.83
3.28
9.44
56.55
30.67
-4.53
18.5
-128.56
40.03
35.28
-10.43
-6.66
-15.46
-3.76
-57.73
1.04
36.23
23.39
-6.2
19.46
-5.75
55.49
-56.52
-39.76
384.2
13.65
5.18
6.7
14.19
0.84
31.62
-45.58
-144.07
10.04
24.69
47.79
60.42
-9.44
5.35
-9.67
-18.73
6.52
51.08
-47.73
32.69
51.19
-49.36
-0.19
-26.45
121.65
-29.51
-41.81
3.67
8.46
-71.99
52.74
-1.19
34.16
-15.44
3.07
9.79
0.26
9.49
2.13
6.5
-45.9
-1.08
55.21
-6.91
-134.85
-11.07
-65.24
-17.01
8.99
-4.26
-28.2
7.69
62.41
12.34
132.51
-103.62
-29.91
-5.34
-8.38
10.34
5.84
9.81
33.65
-5.49
-9.32
-42.84
41.11
70.26
11.74
-8.89
-7.46
0.96
12.69
-10.54
-6.13
33.53
0.54
-25.11
-93.99
34.61
-8.51
-47.39
-20.63
-14
-28.5
176.43
42.42
-13.19
-0.98
-12.12
-10.72
85.05
-11.66
-14.6
-8.42
-6.21
19.33
11.89
-13.32
-99.69
-10.68
-144.84
26.79
9.23
15.8
-44.65
8.08
-29.19
1.03
-8.19
2.39
-8.43
9.89
-1.69
1.15
-190.48
-46.88
-23.34
2.89
13.17
-22.14
59.31
7.39
5.6
13.38
-8.43
-8.28
78.6
-17.42
-5.33
-72.19
11.69
29.83
10.43
11.69
-3.06
108.62
16.52
-2.31
-1.18
68.42
-106.77
-13.52
134.93
10.12
7.25
-10.73
-11.85
-1.38
8.65
74.12
-74.41
1.67
-10.01
-10.57
-2.77
10.06
23.67
29.84
-299.07
-8.54
-4.9
-22.59
-109.53
23.02
124.48
-73.45
24.08
21.54
4.29
-45.32
7.38
5.42
-34.19
-3.52
-5.2
32.52
7.31
-2.41
7.08
-2.47
-58.14
73.16
-25.24
28.88
71.7
-24.01
9.18
-34.19
-3.35
-18.29
-8.29
62.39
15.87
6.51
64.77
7.32
1.31
-4.19
12.75
-44.12
-50.74
-21.38
-3.29
0.03
29.26
10.99
47.9
-268.49
2.62
-2.1
-20.09
8.96
73.84
70.74
13.94
10.56
21.7
31.95
78.77
-1.1
-26.98
39.53
14.78
-6
30.05
8.86
-19.68
17.3
10.92
-39.12
90.02
-6.59
34.36
-7.08
13.48
38.66
10.35
-22.51
10.37
-130.61
142.02
-18.37
-18.01
30.9
3.42
-95.02
-7.63
-3.89
-5.57
84.62
-0.99
-35.44
-12.19
17.7
-9.18
-94.63
87.38
71.72
-1.37
99.97
-12.31
7.38
11.57
-5.87
-9.02
110.1
-7.67
-16.17
-5.1
-27.53
29.58
-0.45
47
41.04
3.5
-219.49
24.31
-137.71
27.22
9.32
-84.49
-30.27
-16.62
4.71
7.04
0.08
3.63
-44.54
-32.77
-65.63
-20.65
-29.71
11.42
9.95
53.19
7.03
40.88
51.7
-13.7
28.54
-8.71
0.91
4.99
-36.44
-1.62
77.75
-15.39
21.46
-6.59
8
76.86
10.52
4.07
-1.74
-7.91
13.67
-15.3
-8.73
96.8
72.17
-6.33
12.39
-9.75
-5.49
7.14
-112.93
41.83
2.98
0.03
-0.85
-8.13
-38.03
10.38
-37.87
6.27
10.7
4.12
-41.83
-1.1
7.03
-1.33
72.53
0.71
-87.73
0.93
24.98
-4.27
41.28
7.11
39.2
9.08
29.27
10.57
11.71
-3.42
120.44
9.98
-33.96
-12.05
-52.85
-235.47
3.43
71.41
-26.4
-22.82
6.74
9.36
-19.33
-180.14
21.84
-4.59
-64
13.53
-101.22
-9.42
-11.27
1.72
34.34
-88.26
-4.84
-145.39
-2.69
4.81
35.58
81.6
-49.6
-10.81
28.35
-31.43
-10.66
64.33
7.47
7.58
-47.08
34.88
-4.56
-14.84
37.22
46.42
-7.16
67.48
32.93
-5.91
10.56
-6.89
-16.82
54.75
-2.84
-3.82
71.63
-14.9
-2.44
16.7
-3.27
8.48
9.35
-22.9
10.1
-74.33
-79.88
-5.32
-1.78
-9.72
-21.92
11.84
62.03
-109.85
-33.19
12.26
33.98
-9.18
-44.84
-31.74
-71.45
-8.02
1.84
-48.87
6.55
-78.33
62.81
113.61
11.51
-21.66
-61.68
12.87
34.46
-52
-1.66
-36.43
60.11
57.76
-1.1
-12.68
12.51
55.46
-61.12
-1.06
-4.28
-12.56
30.1
17.36
-84.95
-80.66
-34.78
-1.07
-18.06
8.33
52.26
-5.09
-15.96
50.32
-4.04
78.04
27.94
-150.51
10.02
52.46
-0.28
-39.17
0.26
9.32
-14.83
-9.47
-132.08
13.83
-140.49
65.37
-8.84
59.76
-4.86
0.65
4.7
-14.85
-12.29
-3.08
36.26
-48.39
-25.15
-34.34
70.81
0.07
0.13
34.48
13.63
5.39
14.62
2.8
5.71
-22.13
-46.46
-7.39
-71.86
25.13
22.8
1.05
60.7
-57.72
58.99
12.27
81.32
5.96
3.49
77.69
41.16
-66.77
18.63
10.11
8.93
-55.87
-1.21
-3.04
18.53
-96.41
-10.15
3.83
18.53
4.41
-29.16
127.89
-8.93
-6.26
1.66
-3.99
-10.02
5.75
-103.15
88.27
-4.06
-4.4
5.35
62.14
118.26
-21.05
5.13
63.3
-14.69
-27.39
-44.97
35.26
100.12
3.86
-0.69
-6.46
-59.82
9.71
3.28
12.37
-88.77
-1.77
20.62
-23.9
41.37
0.01
-25.24
-74.54
-64
-2.7
-16.32
-49.73
-4.11
17.53
6.06
-45.31
1.8
-1.07
-24.11
57.16
-46.43
70.66
-367.68
-30.08
4.52
-9.27
49.08
18.75
95.75
6.01
-55.24
-8.66
-8.75
2.1
-7.95
90.28
-33.48
4.1
-1.13
-52.54
151
4.36
6.64
29.27
-81.86
27.51
-19.79
12.55
1.58
-3.69
-62.25
53.46
-57.58
11.06
-26.58
-11.07
26.74
101.7
-3.65
-0.66
-79.19
29.39
27.63
-6.68
-6.02
-50.45
-41.58
111.89
12.58
-10.04
1.48
11.3
-243.72
-17.11
29.18
-57.32
-63.91
122.88
8.19
-108.1
1.74
76.85
15.47
-8.18
-14.21
-50.91
-20.69
-12.33
-60.9
3.12
-10.86
-16.55
-9.28
3.65
34.49
62.38
-6.33
-0.02
49.19
-6.08
76.08
-118.92
59.96
-11.82
-45.04
-85.81
-7.05
10.05
5.43
46.03
-23.46
46.75
8.27
-6.08
4.86
3.2
40.81
-4.28
31.45
93.81
-15.29
-5.37
-30.92
29
7.58
-12.95
-83.72
61.5
-12.75
-46.52
0.31
18.92
-52.95
-53.83
8.97
-11.04
-31.81
-123.07
2.42
23.97
18.54
-17.51
-8.1
12.82
22.64
-7.79
-44.66
46.11
26.6
-55.4
48.32
-13.33
3.09
-16.7
-4.55
-28.98
8.29
5.4
16.59
-138.67
62.66
101.51
6.92
2.7
1.32
-10.08
-39.38
4.01
26.81
87.35
-42.02
26.31
29.06
-1.52
-4.97
-23.25
9.69
1.27
1.73
8.17
-9.1
-14.46
-1.49
31.67
12.3
12.9
-41.49
-14.34
74.51
6.39
-27.68
-94.92
-33.22
-6.97
-17.24
-13.16
-8.87
19.19
-62.14
-0.45
25.73
-12.16
2.87
126.96
-11.8
59.87
12.96
11.52
35.56
41.41
-8.64
8.07
-65.84
-31.59
-1.45
-10.33
-1.98
-2.44
7.44
0.05
-7.79
-26.81
0.32
-6.56
-8.75
-18.5
-61.51
-30.15
-63.79
-13.2
1.15
82
7.01
-33.6
-7.98
-36.12
8.18
-1.17
-2.44
8.65
116.51
-74.61
10.56
48.01
-66.53
-20.57
