-14.17
-80.05
9.81
1.13
0.82
-92.69
11.29
22.42
23.01
5.44
19.77
4.68
-127.76
75.32
7.59
-10.46
-0.6
5.76
2.63
-15.08
22.13
-209.9
-14.16
-3.52
-9.08
-112.62
-183.9
14.65
4.84
-14.33
0.63
55.7
-8.73
29.51
-43.35
26.56
15.39
2.28
-4.02
-1.42
-19.96
10.54
-165.77
-61.96
-4.69
159.96
-35.53
4.88
-0.71
-7.25
-7.91
-50.89
-162.77
-1.09
62.64
26.45
69.01
-17.14
-0.45
29.69
-74.86
36.73
-120.18
12.37
21.64
-17.44
-44.38
-24.55
-18.05
25.44
-14.43
-2.84
-51.8
3.74
-95.92
-97.11
45.08
-2.38
-63.35
0.21
30.41
-8.75
16.95
-72.65
150.05
22.16
13.52
-20
1.76
-9.52
-17.93
-170.45
5.94
9.83
-26.15
51.55
-49.02
5.68
7.6
-14.94
-25.88
11.71
-98.82
-1.2
34.4
-11.54
-9.7
71.49
63.44
-85.99
55.06
0.01
-36
35.87
-2.97
-166.48
-4.43
41.42
10.09
-62.13
40.6
-7.4
-21.62
-2.06
62.13
34.39
30.38
8.15
14.85
21
-17.09
-6.13
-6.66
-41.44
-15.74
14.47
26.45
23.26
7.47
70.47
-18.68
-3.04
8.85
-26.88
15.57
25.62
-183.56
-10.61
-11.45
-48.01
-9.17
97.44
-5.18
52.18
-13.54
-0.57
17.49
-10.16
-73.16
-4.43
28.37
-10.27
88.8
57.54
76.46
6.3
-100.37
4.85
-0.96
-21.69
-8.83
10.16
-17.43
-0.31
-154.62
20.83
12.44
2.69
13.02
-62.91
-7.87
8.68
38.53
-6.6
7.05
-46.45
30.12
1.77
68.95
10.95
-116.33
42.05
67.82
-108.98
-205.24
10.85
-29.59
-81.18
29.51
6.65
7.74
-0.12
34
-0.96
9.36
-11.41
52.69
-38.51
4.14
-16.21
-19.16
58.26
70.81
-18.6
-13.34
12.42
-12.01
-4.51
-18.15
-3.37
4.09
89.02
-7.04
-7.22
-16.65
38.5
-13.56
-11.3
-90.48
-37.27
-37.19
-3.98
38.91
-25.34
-33.44
23.88
24.91
37.25
6.49
-114.68
8.91
53.48
51.13
-25.08
8.16
15.43
7.67
26.92
-13.91
0.19
-8.04
-110.55
-10.24
12.43
-21.98
-4.42
0.31
31.64
-7.98
12.45
121.28
-20.22
6.05
115.44
46.24
-19.87
62.57
14.35
-3.78
-0.16
43.87
39.57
55.01
5.25
3.81
-2.61
11.59
48.94
39.5
-9.58
31.82
55.62
134.54
38.61
-14.23
62.34
10.3
20.77
-39.91
168.17
12.59
22.67
-1.33
-135.37
-0.98
31.69
41.49
11.44
11.93
-36.84
35.33
1.18
68.39
24.33
3.55
-8.02
51.43
15
-8.66
0.44
-11.06
12.21
-12.29
-15.16
-9.67
34.32
-7.96
2.16
-29.07
88.99
57.05
-57.46
-5.65
-28.07
-143.39
-4.52
-13.87
28.25
11.69
-15.4
-3.4
-62.38
9.56
-78.96
6.42
-54.23
-13.44
21.26
59.55
-59.99
-11.65
-8.87
48.87
12.44
-0.27
13.56
-4.7
-2.28
21.03
67.77
49.95
14.41
-25.5
-2.89
-5.18
-143.54
18.59
-25.46
-21.78
18.25
-23.3
-14.04
-21.13
-57.1
3.56
82.83
3.11
5.65
-3.33
5.39
-124.21
8.65
7.75
-145.5
3.69
-47.08
-88.01
-0.04
-6.96
-10
49.31
-203.97
-8.97
-174.32
-24.13
-5.84
-39.41
0.88
-30.33
131.25
-9.28
-26.42
37.75
1.29
-51.34
10.66
11.1
-0.57
-65.22
7.13
-4.55
-5.5
19.09
21.66
7.69
9.76
-8.38
-35.61
-18.27
20.16
-28.52
7.14
-171.2
-48.56
-16
-18.56
-1.44
30.37
4.03
47.31
2.86
47.71
-14.8
-44.22
-8.04
-44.48
-19.28
-10.29
7.66
6.77
3.6
16.3
-36.14
21.75
-1.32
12.14
24.81
-9.03
-8.22
66.01
-1.32
17.2
-72.93
105.81
18.45
-4.55
103.84
26.45
10.73
75.3
7.86
93.69
-34.28
-64.55
11.16
58.35
12.24
5.41
-4.2
2.84
-22.18
12.71
-112.13
39.99
104.72
-1.77
-13.84
-1.5
-4.1
27.97
31.89
-28.82
17.7
5.73
-3.3
197.98
-1.25
-60.11
40.79
92.18
28.85
-13.56
75.55
16.22
24.17
-68.49
2.52
-16.41
5.19
-8.49
-10.39
64.66
33.92
1.37
117.2
-13.64
-24.69
26.87
11.31
-0.77
-4.1
-53.21
42.32
2.92
13.86
7.03
-10.87
-4.01
-10.11
88.47
1.66
2.92
7.83
-9.05
4.5
-8.41
61.6
24.93
-26.35
27.54
103.67
88.27
4.79
-101.38
-18.05
-11.37
-35.25
20.27
-62.37
86.43
-114.4
2.03
28.79
27.38
10.09
3.82
-24.27
10.9
-3.24
-4.25
-2.87
13.33
-2.36
-8.53
-187.54
-151.66
6.05
0.15
37.48
-15.48
-10.76
-7.5
1.71
-87.05
-15.35
10.47
8.74
-0.13
2.03
37.2
9.07
-13.82
6.57
-6.53
-34.2
39.8
21.82
-7.36
-14.1
-49.45
18.67
136.36
-49.31
47.27
9.19
-28.97
9.63
45.35
-142.07
27.41
4.93
42.95
3.8
10.5
6.14
-1.25
-26.42
-3.86
-61
18.75
-84.24
0.26
9.94
30.32
2.73
-11.54
6.11
35.03
-7.05
-12.16
-7.5
-60.57
27.91
-48.1
68.44
56.99
-3.09
-37.22
9.71
-27.78
4.02
12.01
10.52
6.28
15.5
-2.37
51.14
-57.73
33.74
-21.5
-13.85
16.56
-59
-2.4
-31.66
-5.07
2.68
-13.78
11.55
-0.61
-12.31
32.12
-13.49
-11.18
29.11
56.68
18.25
79.52
-51.69
-10.37
-61.77
10.92
0.36
9.91
26.25
-0.43
40.02
-14.14
-102.35
42.88
57.76
19.03
11.91
-14.85
12.42
-14.18
4.93
-4.11
-13.68
4.94
-3.82
-2.38
-14.09
-202.4
39.55
-6.68
-11.11
-133.99
2.69
0.25
0.97
-9.22
8.02
-22.03
-18.81
-1.6
-3.38
-6.69
60.04
-6.65
-39.56
-43.16
70.11
-30.19
-6.85
23.64
10.78
-11.73
-68.77
3.46
-120.97
60.63
-0.91
74.75
2.96
-65.53
13.97
-9.07
-12.44
10.96
40.15
-0.76
-0.35
2.67
-34.96
-7.8
21.24
-33.57
36.63
0.52
9.2
9.58
16.73
-27.01
-81.32
-44.62
-45.62
25.92
7.12
19.81
6.85
31.58
-0.47
44.25
9.61
-10.73
32.78
-70.86
-136.21
-101.44
12.64
-11.66
145.64
-52.05
-11.31
41.64
-79.98
-6.85
-2.6
54.39
0.14
1.19
5.91
-12.42
-1.91
-38.32
-33.27
1.15
-16.39
-10.49
-63.25
-12.23
-37.54
-11.07
-7.04
-13.06
14.72
-14.06
32.81
11.29
13.58
176.5
-71.38
-61.59
18.76
24.63
2.93
28.41
30.73
11.83
77.66
7.95
41.57
-43.71
-15.35
47.53
58.76
-4.53
-35.59
16.16
8.66
1.48
8.24
-9.36
-11.92
-0.53
4.56
5.16
-31.61
10.87
8.27
5.12
10.4
-33.26
10.69
13.4
-9.24
-61.98
-10.93
-39.77
7.89
0.39
-0.09
0.59
22.07
-33.06
-18.6
84.86
3
-68.2
-10.68
184.99
8.1
-3.14
-12.88
35.62
-134.91
21.27
41.92
-99.75
-61.39
5.48
7.78
33.26
91.52
-7.45
-6.27
91.88
66.25
107.78
283.18
93.33
4.62
1.52
3.85
13.33
19.91
30.37
-73.7
-12.19
18.7
-61.99
-3.02
9.44
1.97
-9.67
-8.93
-0.18
3.71
3.47
4.56
4.1
-7.33
0.35
-34.81
10.32
8.86
17.44
3.74
-12.59
8.59
-11.25
21.39
15.73
20.98
101.57
10.68
31.28
5.44
17.51
-17.01
-37.88
44.53
-10.21
118.05
-4.69
-15.29
-1.26
44.53
-24.77
5
-11.18
-142.73
62.6
-25.63
77.39
0.72
10.69
46.86
12.6
9.89
-189.01
70.11
2.63
-6.18
-4.07
22.12
-66.75
-5.66
2.34
-12.1
13.36
-8.14
-62.71
5.89
37.31
-38
-44.87
33.66
-9.44
32.26
0.17
8.53
10.65
-8.37
-7.37
70.7
49.77
1.14
-131.55
12.51
110.74
-155.83
11.91
32.17
60.15
-97.24
16.16
-130.05
9.6
-3.28
-0.88
-38.48
12.07
2.64
-52.51
2.37
23.05
-62.82
43.71
-75.5
-60.89
-6.74
-60.85
-10.3
-18.25
-10.05
4.56
41.77
-8.88
19.26
11.34
47.61
6.83
-7.08
-0.12
16.77
-47.72
-12.68
-16.77
33.14
-2.12
-10.2
-78.2
-8.68
122.36
-4.79
20.53
-126.36
54.01
12.05
46.24
-19.85
-0.88
-4.79
-5.46
10.75
2.68
4.42
-89.18
-81.78
12.52
0.92
-55.31
16.58
26.25
52.35
5.8
-78.13
-12.42
71.92
-26.35
-9.45
-1.26
13.39
-49.24
-7.75
0.7
-3.8
-40.67
37.83
-68.14
-55.92
1.72
-138.55
50.54
32.75
4.31
-37.3
-49.8
-10.38
71.62
-60.03
12.36
-9.55
-24.31
0.81
-43.64
-27.83
-15.11
3.71
-69.03
-10.15
1.66
