11.43
-9.59
-31.76
-6.21
83.64
29.41
18.42
-25.17
-227.45
-8.95
46.31
-11.17
41.69
-11.1
25.11
8.16
28.63
-18.43
-51.53
-2.4
69.12
83.05
-3.43
-30.13
55.47
-0.6
43.78
-2.83
-10.54
12.61
4.22
6.51
-4.67
-17.8
23.9
34.49
-11.74
-95.33
-23.79
-0.12
-54.44
-8.06
14.85
0.95
11.9
-13.19
-5.08
32.5
5
-32.29
31.81
9.47
-161.71
-12.26
-44.75
5.76
-37.56
-43.21
-116.96
-15.01
43.8
30.18
-1.7
-6.61
-2.8
137.74
-21.98
8.05
-14.31
-41.68
-13.33
-6.34
-10.77
-16.22
15.36
-101.87
83.64
76.85
3.36
9.58
7.75
98.81
87.77
78.46
19.27
-63.32
56.6
-4.58
49.67
-6.03
-17.42
-35.76
8.83
48.07
100.19
-9.13
1.89
-24.97
9.16
-3.84
26.95
90.37
-14.31
15.54
28.95
34.96
63.21
12.04
3.05
19.64
10.25
3.03
-20.21
18.48
2.25
3.89
41.11
65.24
-6.5
30.48
-31.82
20.41
-3.61
-49.39
-23.52
10.41
-19.81
45.48
-26.06
1.09
1.92
-8.17
0.52
-6.59
-48.75
73.24
-92.64
-7.45
63.24
16.46
-80.66
-55
-16.58
4.93
13.21
-25.69
9.21
14.57
10.53
20.55
-23.82
-40.82
60.58
-9.99
18.23
-22.61
53.01
-2.51
155.42
-112.81
4.74
1.9
2.05
35.72
19.17
3.39
29.9
79.58
67.42
-88.08
6.88
-23.97
4.8
-0.54
10.44
-11.04
10.69
-1.17
1.36
-20.78
-18.83
-2
-10.5
-13.76
120.5
0.34
-1.54
-40.78
-6.36
-21.73
9.42
-7.99
19.92
36.64
-64.16
-3.38
10.84
52.29
-50.07
-2.57
-12.16
-7.18
-10.52
11.16
4.87
-89.9
-54.75
45.87
-28.85
-49.12
32.85
-2.18
-8.73
79.7
100.71
-11.18
-25.46
49.32
1.34
-114.66
29.25
42.78
-26.48
133.84
17.22
26.56
2.71
20.19
35.3
9.83
-6.8
-93.7
167.42
-22.29
99.46
12.21
-11.13
-29.58
-93.87
33.45
25.26
2.55
-2.59
-10.12
-11.79
4.08
5.81
94.91
1.25
69.76
3.6
-6.35
-39.79
-0.18
-7.16
-5.11
5.05
-117.95
-22.14
0.18
-0.95
-0.82
68.57
-6.93
51.68
-6.7
-2.8
-8.42
-20.03
8.86
8.74
57.44
-4.85
9.95
-10.68
2.34
5.13
-0.51
4.56
34.39
-39.75
-11.08
-3.83
-6.81
-45.63
64.75
14.27
4.05
13.83
-4.21
12.8
61.79
7.96
21.69
-251.29
-4.06
-2.92
9.62
19.82
-3.77
15.86
1.27
-7.27
34.38
10.7
10.01
-323.36
44.98
-29.29
-8.91
-28.82
17.43
-7.52
50.66
-154.7
-46.15
-19.39
68.86
-106.57
86.8
24.12
12.02
12.78
-7.26
-2.37
-3.58
35.95
12.46
-7.08
43.84
-0.59
15.59
5.11
-18.93
-31.16
40.76
-38.8
10.55
-7.31
23.29
-41.04
-6.44
-8.99
28.12
-15.25
66.25
4.16
-0.33
-36.37
10.79
9.83
3.65
-7.58
-71.3
-10.74
-20.54
-3.22
13.07
17.69
12.65
77.61
41.51
-111.02
37.83
-30.15
34.54
-67.23
-22.86
13.43
-2.28
-112.79
21.67
6.93
-16.34
4.03
10.64
-10.05
0.98
48.38
-6.88
-25.96
6.86
-8.16
8.48
-5.37
-48.92
162.86
12.35
-36.08
-69.92
-21.34
10.1
17.73
63.1
-81.5
83.06
13.34
-26.24
-40.89
-54.22
-9.59
-7.7
12.36
-12.69
4.22
11.82
-8.1
2.95
-66.89
-12.91
4.56
9.97
76.76
5.94
29.47
82.49
-14.14
-20.52
1.56
11.33
82.31
-22.58
41.16
-0.24
-8.03
29.09
27.37
-19.72
7.61
-20.82
6.17
27.31
35.67
7.93
6.71
-9.48
72.01
-6.94
-209.75
28.85
-36.22
13.74
131.05
10.87
114.13
13.68
11.59
-0.07
-43.07
-84.7
-14.73
-3.84
3.77
-26.17
-3.51
2.92
11.18
-12.91
37.06
8.11
-91.44
5.41
-71.47
10.88
33.47
27.38
-49.54
27.66
3.22
6.07
4.38
-13.48
-113.59
-10.38
2.86
22.14
79.36
-32.72
41.82
-7.98
50.17
-75.84
49.41
43.6
-9.88
-9.98
8.14
-16.95
25.52
-137.17
68.89
2.17
-8.49
45.25
107.5
3.56
13.31
-0.75
-2.93
15.27
-25.63
-36.25
-18.79
-37.17
-7.15
-209.53
-8.82
39.99
-23.62
37.18
15.38
46.88
10.64
29.27
-6.79
8.48
-3.84
-9.03
-13.33
32.57
-82.56
-14.04
10.04
-21.52
62.33
-11.77
100.13
-60.7
17.96
2.68
43.92
-16.84
-86.86
-13.23
10.05
-75.41
-20.38
-24.63
16.29
49.1
-15.79
-17.8
-16.37
-98.49
2.84
-8.17
114.97
12.47
0.05
-44.01
-11.27
3.28
5.04
16.57
15.84
69.16
60.41
-83.04
1.69
-49.14
101.26
7.55
-11.89
-36.46
11.08
-10.71
96.98
-23.26
11.47
-23.18
9.33
-5.2
-1.64
61.6
73.41
-19.44
1.43
26.69
22.15
42.87
-9.8
10.36
-94.7
-34.07
-6.87
-8.15
-1.57
-82.96
-152.75
26.52
4.56
-14.1
-30.26
-76.05
-9.94
-57.24
-25.46
4.9
65.52
63.08
7.45
-261.56
31.07
23.69
42.93
-2.72
32.61
-9.71
-6.27
-52.23
-79.57
-93.12
-3.32
-59.31
-10.92
10.32
-17.56
38.17
-0.35
22.24
-71.41
56.63
-8.97
0.87
-4.44
3.43
-4.6
61.78
6.35
-19.88
-7.44
-3.58
-7.26
4.52
70.52
16.27
50.56
-6.99
40.61
15.04
-161.06
4.35
10.78
-5.53
4.3
-9.11
0.53
-23.46
-50.08
-76.53
-18.34
96.32
35.17
6.94
18.48
-50.91
14.47
9.75
0.65
-5.36
51.51
44.07
19.12
10.81
-0.33
-322.07
-36.48
-45.9
136
8.04
20.09
6.44
47.93
10.06
-53.03
-13.57
82.66
2.65
51.77
67.88
-39.71
-15.69
-11.14
13.18
8.25
4.12
-55.8
3.04
-3.86
-6.99
64.91
-9.79
91.68
8.47
-23.61
36.58
19.36
-31
-23.2
41.93
64.68
7.39
1.5
24.37
-9.3
-6.31
8.06
33.08
-25.49
-33.39
-15.11
-5.07
5.18
4.8
-0.18
-5.75
-63.53
63.92
-4.89
12.87
8.42
21.35
40.26
15.62
-8.18
-0.22
80.62
-30
50.34
-10.14
-17.94
-100.68
-5.37
-15.73
39.3
-2.09
-1.58
-0.55
34.79
-6.99
-121.44
6.55
-6
-42.51
2.26
29.82
-7.74
-200.28
-13.23
-30.66
-8.03
11.61
-9.76
-0.51
-0.16
-17.15
-5.48
40.97
-0.28
12.33
-1.16
-6.93
-63.69
-6.94
-2.51
9.09
-1.73
-18.34
120.59
32.8
5.11
1.69
42.46
-60.87
-5.95
-157.77
18.83
1.04
-8.81
7.78
6.44
-155.75
-7.47
5.84
47.15
2.51
-101.03
39.41
-10.78
-114.82
75.73
-12.75
6.22
-45.92
62.4
52.77
5.45
-0.36
-4.35
1.42
11.63
24.67
-74.18
46.4
-6.68
-94.76
-11.85
-6.12
-2.02
-5.57
-25.74
3.9
-3.72
-71.47
93.08
-50.3
-10.85
-8.86
-2.02
-13.09
-3.82
-3.07
-9.22
13.47
28.57
-30.71
12.16
-66.21
-91.47
-17.34
9.94
-0.29
8.22
28.67
38.8
0.31
-64.58
48.69
14.74
47.34
-0.4
-0.04
-83.4
-14.13
26.82
-7.75
-9.22
1.48
-29.86
-4.3
11.72
0.61
23.88
-25.78
2.84
-7.13
-36.75
-0.17
-50.77
0.83
13.37
-36.19
-39.9
5.94
38.39
77.63
-34.4
-26.98
-4.75
-117.3
-15.83
-176.76
29.73
-6.2
-52.33
78.03
18.63
33.45
-30.01
145.47
-111.7
-48.29
10.19
17.45
-34.65
32.88
-41.65
57.38
26.31
-35.27
63.01
-67.08
3.69
-66.45
8.77
10.65
-26.06
-11.38
49.07
1.17
32.85
43.12
80.82
-1.97
-3.26
-3.62
-5.03
-2.64
7.33
15.85
178.73
-52.99
-10.08
34.25
-21.86
-15.05
32.63
12.16
-11.32
111.8
58.56
20.49
4.41
1.5
-12.27
-3.69
-1.74
3.4
-9.76
-2.15
-65.2
-4.82
-1.7
5.74
-9.64
-5.32
-10.31
-39.73
-19.25
-3.71
-50.14
-60.33
168.38
-9.59
-3.69
-79.07
0.37
3.13
-0.04
42.54
0.5
-18.16
-7.74
24.47
177.84
-5.62
-10.85
12.39
9.35
74.15
-34.48
5.03
3
2.7
9.52
3.53
184.47
-67.48
-42.33
30.18
12.16
15.63
7.73
89.73
-13.06
9.41
3.73
12.15
-120.67
-57.71
35.92
-17.08
-20.73
-42.46
2.32
-197.82
-63.07
4.44
34.14
-4.48
15.14
34.26
-16.79
39.37
66.5
-3.48
24.93
-6.38
10.8
-1.46
-0.61
-151.48
-15.13
-64.98
-9.72
-8.6
-11.97
38.95
2.33
7.23
1.09
-24.07
17.49
4.12
-2.68
-103.54
3.72
-74.02
-22.8
-56.31
0.38
9.68
22.37
20.52
