41.91
10.77
-70.26
-4.11
108.39
12.34
128.61
9.69
8.32
-53.56
48.85
69.9
62.1
-7.05
12.04
-75.06
10.47
9.82
33.52
78.44
-32
-11.46
-29.89
-1.38
-20.48
-8.29
9.49
4.3
7.98
-8.88
-53.99
-22.73
-21.82
5.32
12.69
9.79
4.73
38.41
-41.21
21.88
-11.23
14.19
-96.56
32.44
3.32
3.53
-44.22
36.33
47.53
30.55
-31.1
-2.25
40.34
11.7
8.28
-10.9
-27.23
11.07
6.03
-22.03
11.2
-31.13
-5.36
-58.46
16.81
-2.82
0.74
65.08
29.07
-14.11
19.96
44.83
-35.81
11.23
64.89
-5.66
-4.77
4.72
-2.49
-46.03
17.26
6.99
5.62
-67.73
-13.26
77.63
-41.88
102.96
-12.53
-63.85
32.14
6.15
9.86
243.25
75.82
8.6
-9.9
7.44
-13.39
-9.58
-18.8
-6.52
6.89
-26.35
-22.99
10.19
1.35
-9.58
-12.98
-51.29
-47.49
-29.97
34.96
6.5
13.79
80.52
-14.61
8.5
23.52
-41.13
141.81
-12.22
129.58
-8.44
59.77
25.38
5.57
-9.5
14.23
90.22
-73.42
10.31
-122.92
20.76
2.47
-93.67
11.03
0.96
9.78
244.77
87.98
3.79
7.39
18.93
104.61
1.74
-38.01
16.79
-8.58
13.08
7.3
12.73
194.38
-0.46
-4.92
-38.63
-5.12
-3.33
-88.62
-64.55
106.92
-71.35
31.93
28.22
34.99
-43.77
39.38
-1.54
-31.12
-37.2
-40.9
-13.86
20.03
-1.32
-15.93
-17.35
20.36
-94.6
-42.66
58.7
-10.86
47.99
-1.6
-73.53
1.88
-4.19
8.6
-3.5
28.64
2.03
-25.25
33.44
-209.47
-7.28
8.84
129.74
18.5
7.14
-98.71
-14.53
10.86
-43.86
12.73
0.11
2.31
-9.61
-6.44
18.59
-5.43
-10.56
-29.61
1.68
-11.2
23.05
79.78
-20.51
-11.12
-19.86
7.6
5.83
-48.63
29.96
46.21
11.79
-0.58
19.83
45.12
56.9
7.36
10.36
-0.44
2.91
-17.37
53.03
6.6
8.86
-3.69
27.94
-9.3
-12.98
-20.83
9.96
-9.86
-153.46
-21.03
-14.67
-1.4
-9.69
-70.08
92.28
11.03
9.65
-3.91
-5.4
98.83
27.84
-44.92
42.53
-47
19.22
-12.07
-47.78
-102.05
2.3
-66
4.41
-4.06
32.51
52.14
-7.76
-42.92
6.69
-47.28
-102.3
-9.76
10.12
-41.9
57.86
1.72
16.54
-49.26
-35.77
13.5
3.65
48.9
-15.29
27.08
1.47
34.12
-2.8
48.57
-13.66
5.09
-44.55
-15.52
-2.91
-29.77
-61.89
-5.02
71.08
12.88
13.86
54.61
46.34
13.31
-8.08
24.02
-65.86
11.56
103.59
18.76
-37.44
-4.8
34.65
4.87
47.19
14.13
-18.89
-0.71
-28.23
-32.46
-35.93
-78.36
4.91
-15.61
-10.48
7.93
-37.14
-12.65
-0.41
39.57
101.05
12.77
0.43
-55.66
-15.61
-8.62
-7.26
4.42
9.9
-44.73
-20.38
1.49
-45.84
95.97
45.25
-140.33
16.71
-1.61
5.18
17.78
-23.11
-23.37
-7.91
-41.55
11.86
-27.88
-113.11
-11.07
28.95
-43.88
6.25
-86.95
5.51
-11.62
37.56
7.49
10.46
-7.35
46.08
-36.57
-35.43
9.66
5.53
10.65
-4.08
-2.67
2.93
1.83
4.13
12.28
-6.78
-9.69
6.63
6.86
-208.3
1.71
-16.15
-22.71
-53.89
108.16
16.17
22.2
-27.82
36.3
-0.47
85.33
118.91
12.49
-3.19
85.43
-4.97
7.08
-11.43
-24.45
-15.65
-21.95
31.21
-57.41
6.89
9.62
-5.7
117.44
-8.01
-415.87
18.85
-0.36
-5.73
-6.79
33.15
17.31
26.74
18.04
-22.98
-21.65
-10.06
58.72
-30.7
38.49
-28.3
38.87
-109.03
4.13
63.45
0.19
36.34
-102.85
14.48
-154.9
53.22
8.56
-21.73
-24.76
-12.85
3.53
-19.21
-139.29
10.66
-17.33
-8.48
4.58
-15.45
-127.83
-13.18
61.41
27.57
-9.26
12.51
-18.83
18.76
27.19
-8.02
-145.91
-8.6
-143.76
19.1
-2.71
50.14
0.04
38.26
-54.15
-2.59
6.9
-9.69
12.13
-1.34
-22.77
0.94
6.89
-11.94
-1.21
-59.49
-3.54
39.05
-10.2
7.82
11.37
2.73
-0.58
112.12
47.58
-47.63
-40.43
-59.74
-40.17
-13.22
-15.51
-8.02
-20.77
10.89
-7.01
-9.99
-1.17
63.06
1.39
20.28
30.56
-8.17
44.63
14.94
-22.56
-8.3
-38.87
-21.91
-78.47
55.24
78.69
39.82
27.24
-7.73
3.26
30.56
4.77
41.91
-1.55
70.01
-23.54
-28.08
8.38
5.3
18.27
45.23
-19.62
-46.55
7.41
-14.3
-5.84
-11.65
-52.58
-7.93
16.16
-56.96
58.53
34.79
12.54
108.01
-6.59
30.1
-13.76
-43.46
4.12
-5.89
9.41
0.58
0.57
-41.24
-1.4
9.81
2.29
29.31
48.58
85.2
4.64
8.11
4.8
33.27
-12.56
-7.46
-34.79
24.17
12.65
-3.89
-4.78
-14.35
-104.69
4.25
17.96
10.94
5.22
21.68
30.13
60.68
20.48
-31.54
57.37
10.23
25.13
42.97
-11.05
-42.35
-36.6
-126.25
-4.92
-6.75
-0.85
76.72
-51.35
2.13
24.67
-8.58
55.85
-8.4
-11.27
-8.72
33.99
-7.85
1.35
34.73
-21.85
-71.12
-9.01
-7.08
-108.81
-0.99
-1.64
60.14
19.92
-2.84
2.82
8.99
-13.3
16.19
-7.18
15.03
-21.86
8.56
-21.46
6.35
-7.94
-26.97
11.17
16.86
7.83
11.04
52.34
8.94
61.08
-9.97
-6.29
0.35
28.36
12.42
43.31
-86.44
-70.28
-32.67
6.79
-47.03
-0.26
-1.71
0.4
63.24
-44.98
-12.98
31.78
-85.15
-41.89
-505.99
42.13
-36.6
13.73
11.76
6.27
0.11
90.36
-43.05
-30.37
-92.36
3.85
-8.01
-94.82
1.15
-0.06
-2.54
62.2
-11.38
136.85
0.09
7.38
-56.76
-76.16
-23.72
81.75
1.56
-7.72
-1.83
-3.05
-38.48
29.62
0.78
-10.84
-18.21
16.07
-25.24
5.05
13.06
72.31
-104.39
3.49
58.45
-6.25
-7.97
10.72
-174.73
-85.31
2.71
16.64
19.68
-9.92
40.67
-51.83
45.74
-9.22
-4.43
-32.65
27.16
17.64
-35.13
-58.23
-66.24
-0.37
-57.86
-12.28
-4.42
-18.38
-0.49
24.19
-110.52
-55.53
-85.84
41.34
5.37
-25.41
-3.42
13.08
-0.75
12.08
87.81
-37.77
17.42
22.69
-12.28
11.32
210.17
-10.92
13.28
5.77
13.4
0.42
53.6
14.3
6.12
-13.61
-4.46
-135.7
16.25
-0.92
2.27
43.48
-24.43
-150.26
-170.77
-2.23
2.28
8.13
6.35
-4.21
95.22
-23.39
-8.94
10.52
-49.33
-9.94
22.3
44.36
13.45
62.29
-18.51
-7.53
-6.4
47.26
-24.95
2.2
54.26
-10.42
41.69
16.15
-1.73
-6.3
-68.28
-30.17
-14.75
-12.59
-2.93
46.96
-8.25
-33.54
-13.79
-15.41
-101.79
-57.15
-10.08
69.36
12.53
-164.63
9.51
-9.28
-22.14
-18.91
-47.26
20.26
93.22
124.92
8.62
3.2
-27
-22.95
1.02
7.61
103.02
-7.2
41.73
-52.49
12.24
-21.47
-0.12
-6.18
0.41
6.76
-21.08
-111.72
-12.83
34.35
17.82
-38.03
-50.8
-4.82
-36.56
-14.29
-6.69
-116.24
6.1
-2.23
8.03
25.49
-10.56
-126.41
-10.94
34.22
-7.26
33.98
33.67
-67.7
-15.15
-6.51
3.76
-11.48
25.55
2.63
6.39
50.51
-23.31
-14.94
-2.88
0.56
32.51
-5.96
-72.31
-92.24
5.48
6.53
-10.55
6.28
4.53
-11.16
-191.23
136.67
-39.32
-107.21
4.38
-10.01
-12.84
-78.83
-9.12
92.44
20.98
30.88
33.1
-29.97
0.03
71.58
-109.46
-11.26
-20.27
17.66
-6.41
-36.73
44.88
128.86
-11.97
5.72
0.33
-0.23
4.11
-25.32
-8.23
-95
-14.28
-19.35
62.09
130.04
2.62
16.08
-0.84
28.59
-27.1
-21.85
-33.82
-17.63
19.54
26.43
-0.56
-25.66
-4.89
3.34
1.36
11.46
12.03
-47.34
-8.02
-60.52
13.97
30.5
-16.67
-9.35
-35.94
40.86
23.51
17.03
83.67
-88.85
18.19
-41.38
2.89
-14.26
-8.61
-1.26
-6.86
-15.4
8.34
1.07
4.66
73.19
-107.54
-52.17
-9.84
26.85
-58.45
55.77
28.86
-34.1
-20.83
96.82
113.08
159.8
17.45
-29.56
42.84
98.13
57.04
36.61
10.38
3.27
30.12
13.23
23.99
0.1
-29.67
-7.66
12.43
-196.8
36.97
-74.92
-71.77
-10.19
-18.68
21.39
-7.99
-125.15
-64.61
3.82
16.14
-17
-7.98
-29.05
8.51
-10.13
47.07
-0.47
-71.96
-2.36
0.83
64.79
50.35
59.7
-7.49
-53.24
-0.01
92.43
38.35
0.99
6.48
41.67
76.67
-3.3
6.26
224.79
87.3
-26.91
49.26
17.18
-8.67
56.87
80.37
