0.08
22.72
-4.03
40.98
-59.17
12.78
2.87
1
-11.62
11.35
-7.96
52.18
10.54
-1.97
-17.98
-178.63
-1.74
-7.83
23.09
32.98
-10.93
29.98
2.61
-15.72
-14.72
-4.2
53.74
-6.59
40.3
-10.31
-33.22
-8.73
-3.36
10.81
-5.43
9.56
-168.55
10.76
44.94
57.16
11
-8.25
70.26
54.45
-17.09
16.02
8.42
15.17
7.72
-2.55
37.8
10.33
25.89
12.02
-51.62
94.32
165.59
8.57
-21.71
-68.87
-68.38
-9.72
-9.09
-11.12
6.5
1.99
-11.18
-9.85
13.66
105.34
14.42
9.29
-0.27
-110.71
12.38
-58.52
-13.78
13.68
-81.63
1.73
-22.36
-11.61
-19.71
-15.54
-56.51
2.69
209.43
-9.65
51.32
6.75
2.63
-3.31
8.86
-113.05
-2.47
-18.03
-8.01
29.79
1.43
-66.75
10.27
40.18
14.07
-12.12
15.61
125.98
-100.59
-9.64
3
45.01
-24.08
0.78
117.58
7.43
10.35
2.9
33.44
-9.96
80.47
-6.66
-2.57
-21
10.3
-6.7
-9.62
-98.55
-146.22
42.22
-17.5
1.52
-47.39
-7.46
-5.08
-2.98
-0.94
48.37
36.74
-4.73
30.87
13.11
15.98
-247.88
10.07
66.55
-8.1
36.59
18.13
54.16
40.52
36.21
-13.31
7.32
124.46
-7.39
2.62
5.45
-21.08
9
11.47
-8.41
-88.59
-7.71
-6.28
49.32
0.59
91.61
47.97
2.52
-3.48
5.88
72.9
-122.81
78.01
-2.04
-55.11
-46.85
15.78
-3.53
-27.1
34.1
9.56
-11.41
-12.41
2.06
-1.13
16.96
-10.12
8.44
-28.87
10.29
6.94
108.99
-88.95
-5.98
14.87
46.31
30.36
98.34
26.06
0.84
-3.11
-8.38
-2.3
-8.16
34.17
-64.08
-2.45
35.84
10.77
0.63
-134.69
-37.53
23.07
-7.66
-74.99
13.21
-8.7
-36.01
20.81
99.37
-0.52
-3.38
-1.69
8.98
-6.05
44.1
25.18
8.75
-15.1
40.38
8.23
7.21
-144.68
-13.03
6.82
3.19
-11.05
-37.65
6.75
17.2
15.86
-3.8
4.99
4.97
9.25
10.63
-77.28
36.62
-39.05
16.74
53.38
-3.81
12.81
42.72
17.96
2.89
12.73
-6.92
42.39
15.38
2.08
-77.3
0
-2.26
7.2
0.05
-1.92
-90.6
3.05
-78.73
83.82
12.78
81.56
3.16
-26.77
-177.46
-3.23
-90.09
7.13
-64.2
73.46
-2.11
4.49
-10.6
15.08
-3.45
-119.66
62.83
-9.91
-37.81
3.14
-8.26
11.33
8.4
-13.34
8.87
-10.64
54.8
10.87
-97.45
-2.55
14.97
70.11
-0.02
112.4
7.26
-19.36
-6.77
3.69
-3.9
81.86
91.59
-6.74
15.18
56.79
9.76
19.2
-1.79
-8.69
14.56
0.29
-7.6
4.28
-170.13
16.5
16.27
36.96
-24.57
4.92
-18.7
-12.32
-7.5
31.07
17.17
13.27
-30.14
-4.92
-21.21
47.95
-1.99
1.01
-9.61
139.85
-13.41
-9.61
-4.78
23.99
-36.65
-87.95
82.79
-27.08
-1.37
-16.99
-6.47
63.04
46.16
11.62
4.72
-37.72
30.56
28.85
-16.06
-9.15
-31.68
123.01
-81.67
-59.51
30.92
3.74
-19.23
-89.37
9.31
-8.59
59.4
-14.89
-7.58
21.52
-7.1
56.47
-6.34
-11.69
23.15
15.78
-0.58
-15.34
14.12
-2.44
-0.93
-2.88
-10.57
-81.98
9.98
103.7
6.69
36.94
24.47
-2.98
-28.78
10.18
83.05
-10.65
1.45
44.79
-1.61
2.92
45.12
5.44
52.43
47.05
47.6
1.55
-38.26
-9.05
0.35
-6.22
-10.24
-4.19
-10.31
0.11
9.38
8.85
-5.25
0.39
-9.72
1.5
-128.49
-11.58
12.1
9.92
-34.93
14.39
61.04
65.02
1.14
-11.37
-7.79
5.62
0.43
78.67
1.17
-74.24
0.5
-2.53
80.15
0.56
52.85
11.24
-80.06
-42.45
47.58
87.44
-26.06
-6.93
80.84
4.39
12.43
-8.6
-23.39
49.49
4.26
8.02
42.77
73.14
-360.8
4.13
-5.29
70.17
45.54
85.76
10.04
89.94
-264.46
55.94
-5
2.77
9.71
41.47
80.29
48.49
4.43
-11.62
-8.61
10.65
13.65
-16.15
39.75
6.4
-1.01
11.98
1.76
-7.57
111.05
-25.26
12.63
-9.73
82.31
-7.75
73.04
-4.11
-6.91
161.62
-28.8
-36.26
22.47
-42.2
18.81
37.77
-12.12
6.75
106.75
-26.3
-11.9
26.88
-8.99
14
-32.2
-102.34
-8.77
-13.92
-89.8
-7.39
-13.42
-58.42
-57.9
11.25
26.79
50.02
11.98
9.82
-92.51
-13.81
10.95
-79.21
1.06
-1.87
-65.11
40.89
-13.37
-5.02
-8.3
-88.09
-5.79
49.57
79.28
22.65
-1.87
71.97
21.95
-145.92
19.91
-22.95
0.41
-5.69
26.09
-64.1
3.35
44.26
-2.18
-34.48
120.86
-13
-19.12
6.61
55.29
-37.38
-84.43
-24.93
-18.55
-9.56
-10.77
48.54
-13.35
0.23
-15.8
11.66
-31.19
-0.76
-5.27
4.97
149.01
14.05
-69.03
32.75
-85.91
6.44
30.4
4.46
43.54
30.64
-9.03
15.73
22.17
-66.53
15.78
-3.45
5.56
57.12
-14.34
-20.69
22.47
-8.43
-15.64
-48.67
-11.01
-12.69
0.63
8
-152.78
7.6
10.7
6.97
30.6
-49.07
4.72
-37.32
32.81
-131.64
5.38
-61.63
65.16
54.01
66.63
32.77
-74.3
15.92
-18.56
36.17
-28.06
49.35
-25.21
-3.52
1.27
-1.32
6.86
3.13
-4.46
10.11
-20.94
-78.06
-2.32
12.83
-28.97
6.59
23.85
27.1
85.12
5.11
-83.73
-50.53
-86.34
2.66
72.88
6.42
-7.07
9.1
-12.7
-9.64
52.69
34.61
-8.84
-37.87
-8.3
47.83
-7.18
62.87
116.69
-16.4
-8.16
30.37
11.22
-108.03
5.72
-81.29
-108.62
-7.58
0.27
-21.83
-14.78
-22.53
-0.56
-40.45
-5.73
-13.12
34.8
24.32
78.25
14.3
-7.12
-10.18
-10.59
-2.54
4.62
-24.07
26.96
108.73
-73.27
-9.36
27.59
15.89
-50.3
-1.71
10.76
-5.74
-1.76
-90.59
12.91
9.26
12.7
8.66
37.72
-12.69
0.86
-2.2
-4.71
6.86
2.29
9.44
-54.63
-54.54
-7.15
82.14
84.75
22.82
-2.93
-3.04
38.54
122.11
21.76
12.44
-9.27
6.88
-13.77
2.5
8.13
5.22
21.15
-9.25
3.28
-87.83
7.51
-14.06
65.31
-35.87
-1.76
-13.71
3.86
-9.24
-41.45
7.21
16.95
17.43
10.71
-7.42
1.8
40.99
-12.56
-131.89
16.58
-68.94
-0.66
-5.55
-6.53
0.88
-6.43
-47.7
35.66
10.16
-10.7
100.9
-8.08
4.35
127.81
-1.07
10.1
-29.92
46.43
-11.81
-40.54
-0.75
-9.86
31.02
0.1
15.37
-7.84
2.44
8.98
92.25
68.6
-66.2
-11.07
-8.08
-8.1
-80.27
8.29
21.95
-62.89
59.49
-25.82
28.25
-49.42
-14.83
8.9
12.45
-5.69
51.88
22.4
-109.19
114.28
-56.81
-93.19
-5.53
-164.27
9.9
1.78
11.61
15.46
-40.52
71.04
98.39
-3.75
-0.4
-6.57
56.9
-93.77
25.37
-128.07
9.4
12.35
53.34
9.51
9.35
11.24
18.62
78.39
-14.69
-21.77
14.41
-5.57
-63.27
16.23
-66.54
-5.89
14.59
-9.53
46.28
15.2
-2.34
-19.85
-16.54
-14.39
-3.59
15.63
-41.12
73.24
8.7
3.19
63.92
3.62
13.58
101.64
10.2
-11.28
89.33
33.98
24.97
-13.37
2.95
-64.68
10.55
10.46
-18.7
3.29
-73.78
-7.42
18.38
62.22
-7.43
2.84
23.5
23.05
5.57
-24.09
11.98
14.69
-21.55
2.41
4.57
-24.87
-26.22
-66.65
43.32
-0.73
92.35
-33.04
-10.24
23.54
22.2
-6.77
-31.53
79.23
71.52
104.51
-55.36
30.97
51.92
-6.64
-17.9
-9.45
58.6
-44.69
-7.57
1.06
-23.76
-72.76
-8.47
14.69
-4.57
39.45
-2.51
148.38
-17.69
54.61
12.87
-7.37
-42.93
-2.49
3.32
-11.63
-5.18
-17.04
65.12
-37.21
19.18
-18.33
-2.1
-52.1
-17.05
-19.83
-63.37
57.92
4.78
15.01
-79.2
-42.48
15.34
6.87
5.91
-33.23
-30.9
-0.71
-11.42
26
-7.73
54.4
43.82
5.6
40.99
-45.86
14.37
39.05
-4.4
-115.07
8.34
33.72
11.02
83.54
85.28
124.44
13.41
12.48
15.27
5.8
7.84
-15.97
6.6
78.11
-7.27
-10.09
-8.1
14.01
-40.36
-1.76
-3.35
97.82
37.37
-52.88
-27.86
-29.07
66.71
104.66
-0.55
170.08
2.41
-4.62
-113.17
8.13
1.96
15.48
-17.78
1.07
15.6
60.53
-140.36
-3.61
-251.27
36.22
-15.4
-2.42
5.89
-14.36
13.02
15.64
11.95
0.8
12.76
-15.07
-73.6
-3.08
-23.61
38.85
4.7
85.67
77.52
14.22
