51.49
109.43
0.04
15.99
-5.99
-58.96
24.36
53.25
-2.64
-52.19
-4.49
28.1
-10.54
-1.01
-6.08
18.1
10.16
254.62
15.32
-9.35
49.23
-22.76
-40.92
7.56
-7.01
2.35
-14.69
-22.12
144.46
-6.28
-4.62
5.09
-41.39
-6.71
28.26
11.14
14.1
6.57
-12.32
78.77
13.07
-20.01
64.4
-4.07
-15.23
97.82
46.48
-71.11
23.13
3.93
-55.37
-0.73
1.58
-11.97
12.54
-1.13
-2.08
-5.88
30.44
-18.9
124.1
-9.91
-7.64
5.51
7.56
-8.42
71.25
12.88
-9.92
-4.12
49.05
17.58
85.08
-243.13
51.71
-81.03
-10.76
-41.95
34.87
-62.11
17.02
111.57
7.91
-80.97
0.74
-72.36
54.49
22.03
41.15
48.62
-23.69
-19.48
32.14
-9.19
11.66
9.44
12.21
-7.57
5.62
-107.06
5.52
-7.31
4.76
10.04
1.21
11.88
1.87
38.04
19.03
7.01
-102.6
-6.8
36.26
-8.47
17.69
-49.17
-36.08
16.4
-4.82
-5.34
-8.22
-1.85
30
70.37
-4.91
5.5
68.9
-69.07
-25.26
-8.06
-5.41
8.62
8.95
-12.15
-24.82
-105.43
10.17
7.12
-22.51
-9.68
2.29
-27.48
-109.97
10.29
1.14
158.83
-4.21
23.04
-4.41
3.77
-121.27
-59.09
-58.11
-15.89
5.76
74.63
-9.15
-124.18
5.31
19.97
-4.84
46.65
10.63
50.36
48.11
-10.77
98.92
85.35
9.59
0.74
10.12
33.26
33.94
-5.22
54.39
9.3
12.26
-15.22
-49.42
23.09
-8.59
-19.58
46.18
1.6
3.08
-9.87
1.67
38.34
27.72
50.5
4.25
-23.61
36.89
58.27
1.49
28.72
-9.85
-11.44
22.5
0.34
26.88
5.31
-21.3
-12.32
-10.38
0.84
14.87
-10.88
-1
-58.1
4.6
68.69
15.51
4.85
45.57
13.13
-3.5
9.36
-75.93
-4.38
-65.05
36.8
11.29
-29.76
57.59
-14.71
5.18
12.9
-72.75
12.06
-26.85
-22.58
-26.86
-34.71
11.72
-84.43
3.02
12.25
-8.14
99.63
-88.11
-3.36
8.5
31.4
8.37
184.28
9.33
-12.1
17.85
83.29
-6.3
3.79
25.02
31.09
-45.16
119.12
1.23
8.42
8.31
3.73
-5.52
-88.91
-19.51
-25.3
-40.61
-2.39
4.22
7.44
9.36
-47.06
-26.53
4.29
-7.24
-25.73
-57.02
-14.27
9.92
7.98
61.65
7.07
-6.93
-56.77
-17.37
89.88
9.74
21.13
-18.3
-16.05
38.8
-7.71
-56.23
2.73
-9.71
109.93
2.77
18.38
5.51
-62.52
124.79
-11.64
-7.66
23.63
18.37
-5.04
17.65
118.2
1.17
16.76
30.02
40.13
6.01
-46.25
5.29
47.94
45.41
16.08
-17.34
-8.24
82.19
-307.82
31.06
-2.66
-3.9
-5.1
10.2
68.49
6.17
-5.73
21.42
29.03
-9.78
-1
13.96
-49.5
0.43
-46.21
-9.22
-7.92
81.99
-7.59
-9.85
-50.05
148.52
-227.52
70.33
-42.36
6.27
20
-21.91
-16.78
-6.08
42.74
51.97
10.05
6.91
19.79
40.32
30.18
8.31
-37.89
-23.57
27.02
8.42
87.32
33.73
-11.25
-146.96
-67.2
9.42
-3.94
4.21
8.09
66.03
-20.08
30.5
56.72
-36.17
-17.98
-0.83
7.89
-41.07
56.7
-34.76
-8.2
13.15
135.54
-27.6
-96.62
-62.63
-61.03
-73.83
4.18
71.46
-95.02
-50.09
3.83
-8.77
5.67
107.38
-4.78
-6.16
-15.12
5.39
-7.55
-81.42
-2.8
15.53
-1.78
-60.25
60.72
-44.56
-56.92
3.41
3.35
-4.14
7.38
24.94
-142.99
39.59
-23.57
-6.11
-39.08
11.35
23.23
1.12
-36.1
31.36
-10.8
11.07
-106.93
23.39
-45.4
0.3
12.81
-9.89
-25.63
-14.74
-28.92
-31.14
66.95
27
11.62
7.54
93.72
18.5
-375.92
-18.41
11.21
-1.05
-0.09
-8.61
-12.29
-8.03
201.98
7.63
2.24
18.23
36.27
5.78
1.1
-6.86
-10.15
-6.32
0.41
32.57
4.19
13.53
62.03
-19.7
21.25
-4.74
6.76
-53.96
-10.23
-8.2
-81.05
-10.34
-31.51
-6.48
-68.52
-4.81
-0.98
2.65
6.71
-22.11
30.83
47.51
-32.32
-13.1
-2.24
90.56
10.34
7.33
3.14
-11.4
-37.35
-120.94
-117.8
-176.33
18.11
116.03
-6.18
21.34
-8.03
53.92
-97.99
18.73
6.86
113.88
5.01
12.19
-63.3
7.55
-94.63
-57.64
-19.51
-2.65
31.26
-1.98
-94.09
18.98
36.29
41.58
2.23
0.16
-59.39
27.85
55.72
-0.73
33.37
-1.28
0.68
-5.28
-30.75
-15.36
-19.09
-61.88
-10.71
81.77
1.38
-36.21
6.36
25.04
39.51
-13.18
261.22
-52.81
91.03
-0.08
35.92
-2
-23.98
-4.13
50.27
-3.9
-0.17
-1.48
-11.77
-15.84
21.84
-12.17
-7.77
-4.77
-4.51
11.87
-44.79
-102.81
9.25
-10.11
56.41
-30.2
9.98
-10.04
-12.53
145.84
29.72
-146.41
11.75
33.49
14.16
-7.09
-21.13
3.24
9.14
-13.96
9.46
-21.19
-10.85
-18.82
-52.62
-6.8
-72.56
10.5
-114.35
6.77
-19.43
-1.39
4.98
47.62
37.27
45.35
-70.97
25.92
-5.69
16.62
-78.16
17.4
-7.96
-27.45
2.48
21.84
-3.3
-33.34
13.93
21.55
4.02
-0.41
26.89
-86.15
10.09
11.56
3
19.35
-65.28
-86.81
-0.29
123.04
-9.13
-15.94
32.68
-89.15
-26.91
-31.56
10.03
22.08
-8.81
101.48
-4.1
55.8
4.22
-101.09
8.28
-4.75
-138.17
-3.63
-15.87
14.12
20.81
4.75
0.14
13.41
-43.95
26.51
-1.83
-11.95
15.96
-13.29
15.01
8.75
138.89
-8.37
5.31
12.9
-27.13
4.2
7.68
-5.84
-49.08
-10.18
16.29
-61.09
72.58
-96.6
23.97
62.49
19.93
90.4
4.12
-5.82
-47.75
8.67
-8.49
-75.84
-33.13
41.93
-109.77
164.25
-16.97
-1.55
-21.44
2.46
0.79
-3.32
-8.46
2.97
-1.32
-1.97
-21.82
40.33
-12.99
4.91
45.59
60.92
-9.35
35.97
-100.92
72.17
-77.24
-27.62
3.62
-37.99
-40.84
70.55
-12.63
4.98
10.37
6.89
-34.46
-12.49
-37.72
-39.2
16.51
-4.51
-11.06
12.49
43.88
-5.16
-4.68
-11.75
1.94
-4.39
111.98
-62.71
-18.93
2.28
0.25
85.87
4.41
-20.46
68.79
83.3
-6.35
18.14
29.37
5.12
-14.83
-1.79
33.97
-19.51
75.01
3.9
67.42
38.48
9.24
-46.69
17.92
17.13
-13.82
-27.47
67.83
13.11
105.24
5.31
50.39
-41.61
-0.27
-18.97
-11.68
-70.31
7.1
27.88
-21.21
1.9
-8.22
138.55
-33.14
14.81
-13.16
6.88
6.05
27.79
-9.44
-5.37
-8.27
-9.74
-114.58
-33.65
-0.47
-21.19
10.89
5.39
-10.77
59.78
-36.87
-7.14
64.55
22.8
2.27
-37.55
5.11
-3.27
6.91
6.44
-22.41
8.05
-81.31
-9.96
59.47
-20.11
47.17
-35.62
-19.58
-7.81
186.66
-6.98
24.75
10.17
-1.49
32.25
-2.48
-11.48
186.92
6.54
1.91
9.2
-21.9
11.9
-3.01
-5.38
-12.11
31.73
-49.94
5.36
-18.29
-83.61
48.59
11.59
-26.34
-2.23
-147.98
42.34
-70.37
-5.36
36.35
1.46
25.32
-10.71
-6.63
29.61
-0.91
-93.84
-6.05
48.79
6.15
22.32
-36.93
36.79
-37.35
-13.34
4.19
-69.86
-4.58
1.02
23.06
12.96
4.51
-62.92
-50.8
-43.38
68.41
-7.8
11.57
-31.77
-1.67
23.68
-64.16
-8.55
-74.19
10.31
-41.36
-14.5
100.76
13.14
-62.69
-7.39
109.49
111.47
1.28
-8.15
2.97
-27.35
0.56
14.99
-1.35
17.05
-108.23
18.3
-11.89
-5.02
307.44
-7.82
13.55
70.57
-4.57
-9.77
-47.47
8.77
51.45
-27.6
-69.85
32.62
-11.71
63.55
-62.53
7.53
50.77
-9.6
14.42
-32.21
95.53
4.29
2.64
-3.35
5.08
16.54
-51.44
26.36
-95.76
-88.72
-158.8
-11.79
-46.53
-10.84
52.66
2.82
99.97
-50.29
137.26
-25.86
19.05
93.93
0.46
11.99
4.47
2.57
-184.58
5.3
114.4
13.06
8.03
-61.77
-133.02
25.36
4.77
25.39
-29.7
21.78
-56.64
-58.61
51.21
39.27
6.29
-12.95
-39.81
24.86
-25.52
-67.71
-5.83
62.66
30.64
-13.85
18.99
1.58
37.63
-44.03
-7.26
-11.22
12.98
-28.29
-70.63
-41.48
-15.16
-9.45
-30.39
-2.78
61.79
10.78
35.12
-82.32
3.83
9.75
8.13
-78.42
18.74
-18.95
-2.29
-35.18
8.18
-9.78
97.67
-6.84
-8.08
10.64
-34.88
-12.96
-5.7
-65.36
-90.4
46.51
-11.95
3.19
-7.12
58.18
-68.32
-4.22
4.99
54.43
-50.8
68.73
-15.32
44.72
1.57
-44.22
73.37
