-10.88
-14.61
44.32
-14.82
-4.26
9.51
9.24
-18.4
-13.38
25.6
46.19
30.12
13.45
15.95
-27.96
16.58
-88.73
49.02
-8.22
-63.39
-51.24
8.65
22.62
11.92
-6.89
-2.09
13.92
-101.46
10.57
1.61
-53.44
-9.72
25.84
16.3
49.87
-28.7
-20.86
-60.45
80.11
9.48
42.11
5.78
-17.6
7.28
-11.51
-15.49
-30.32
-49.11
110.77
-6.37
96.38
164.19
23.3
-11.72
-1.86
-35.33
-92.18
15.71
-12.3
-58.91
3.23
25.34
-6.73
-13.32
8.46
76.41
2.73
79.39
11.9
-13.34
-8.94
-2.11
19.36
-3.05
-68.21
4.93
8.36
-40.14
-55.38
65.96
0.45
3.06
-8.63
-10.78
-62.64
-0.7
93.74
-12.9
5.57
50.73
-22.93
-26.5
71.19
-3.57
38.25
50.79
-86.16
-94.25
1.94
-94.74
21.18
-3.8
5.33
-1.81
-42.02
6.64
-0.73
93.81
14.36
58.82
7.31
1.61
19.92
-76.97
1.04
18.65
24.47
-15.54
-12.53
75.74
116.2
13
-54.43
-57.89
103.25
81.41
56.12
-15.2
0.82
-5.96
46.93
-10.02
-13.66
15.9
23.92
41.93
-77.32
18.11
16.77
-48.69
-40.62
30.63
50.71
-48.14
-30.42
82.35
34.14
4.08
-12.88
-23.33
-4.37
8.47
0.73
-79.72
81.83
4.66
15.28
-8.67
-39.58
27.03
-8.92
17.52
54.67
-4.91
52.7
34.34
-15.86
-1.62
54.75
12.13
-12.04
19.38
9.37
-65.24
-3.98
11.18
4.6
-14.68
82.3
9.29
66.13
131.03
45.16
17.35
-15.65
-89.28
23.22
64.98
-17.18
-116.85
33.07
-22.76
-20.86
-2.75
-4.01
17.24
13.21
-167.72
-9.34
1.28
10.88
-6.11
109.36
-13.76
7.87
75.31
25.11
-12.33
23.79
-17.13
49.85
6.86
-140.22
2.63
-42.96
5.66
10.25
9.14
-55.7
33.21
-66.02
-0.83
-12.39
75.69
-19.32
50.9
52.85
7.81
-4.98
22.13
81.07
-30.68
4.05
-22.94
7.6
33.23
72.99
25.57
-47.26
47.11
-52.51
-13.54
5.46
1.32
33.6
35.05
-0.9
7.5
12.39
7.9
31.71
-0.32
-10.95
-9.74
-121.3
-9.61
33.73
80.82
-13.86
5.68
-9.92
-74.97
45.08
-7.79
-22.28
-19.24
-8.41
16.85
-3.26
3.02
30.7
3.74
-76.4
147.01
0.05
44.85
28.52
-131.44
21.73
-13.73
-2.29
84.79
-44.62
-6.04
-1.03
-4.86
10.34
0.9
10.73
-6.83
-45.47
-16.13
7.31
-1.33
-80.25
11.02
44.31
-63.28
-8.01
5.28
11.53
14.79
-153.67
-12.32
-10.09
-14.73
0.51
94.5
-23.18
-0.76
23.51
-0.28
11.07
23.1
-6.98
-33.86
-1.84
9.11
-68.36
-80.17
-25.55
8.98
5.6
56.93
-110.42
-8.56
27.13
60.61
13.07
18.13
-51.55
-9.31
1.73
-11.08
10.34
58.83
40.35
-16
15.39
-39.99
41.5
-7.87
-1.91
-0.01
-51.37
-11.8
9.54
43.31
0.75
-32.26
-101.61
-27.76
5.84
6.04
108.79
-36.49
89.04
49.71
-23.06
26.06
85.84
15.71
2.25
-18.63
-12.38
-9.31
91
-7.99
4.17
11.36
0.31
16.26
-145.44
-17.66
15.63
11.36
9.16
85.69
-2.6
12.7
-14.94
96
-34.43
82.79
17.77
-2.99
-65.57
-40.07
-132.23
16.99
29.05
34.05
16.6
11.2
-6.85
2.72
-4.26
-20.85
41.21
4.39
-41.98
45.9
6.14
23.16
-29.95
-34.19
74.07
20.33
-85.34
-16.83
99.87
23.75
2.03
11.09
95.5
85.87
-4.74
19.92
4.29
-11.09
0.31
85.91
148.4
35.73
6.01
11.55
-2.14
15.32
49.51
12.66
-47.07
-14.31
-48.34
-16.74
-5.56
45.9
-43.75
-56.16
-9.88
-6.23
-34.71
-92.76
-12.84
-244.08
65.45
-10.67
11.48
-26.58
91.3
-15.38
7.19
-11.33
10.18
-5.31
2.97
35.89
3.31
92.5
-10.45
0.25
-115.25
-144.19
19.03
-19.72
-37.19
39.67
76.31
40.37
-39.77
-5.57
11.48
-41.87
-184.27
-2.62
11.05
-71.37
-76.53
-28.35
10.42
-4.19
-1.67
31.27
-48.88
-8.59
-7.8
-22.99
12.49
99.01
41.86
10.31
14.05
10.8
4.13
37.9
-10.65
-7.03
-6.6
-13.54
9.38
-14.99
54.16
-1.31
23.14
42.93
18.61
65.99
-8.75
-15.41
0.01
31.46
26.58
-13.12
-19.72
35.07
14.06
73.92
34.73
20.9
-100.89
-35.3
-44.66
101.14
-72.64
0.45
29.92
6.65
-63.16
-9.43
4.76
4.84
-48.36
27.27
33.46
27.43
91.56
-40.57
-7.31
43.96
82.79
130.02
11.09
118.72
-9.87
50.32
3.19
-6.98
9.93
-8.55
-65.16
35.43
-19.1
-8.51
-53.73
25.98
50.25
8.66
-5.22
98.83
11.98
-5.61
-98.65
-3.41
16.56
-13.64
-18.39
55.76
-19.23
-3.65
22.95
51.38
8.72
10.54
-20.52
6.66
17.28
-214.96
-11.82
-5.95
5.43
-74.46
12.59
108.74
-11.83
-17.52
-25.54
31.19
31.9
-7.29
-13.21
45.22
14.01
17.09
99.94
10.22
19.74
-2.93
19.05
-6.14
-3.25
192.16
-5.51
-5.64
37.02
-19.53
-13.81
23.45
11.1
8.12
43.7
5.56
-7.87
-14.76
-15.74
73
6.97
-1.73
-69.41
-8.27
3.54
37.49
-68.63
2.99
-4.11
1.72
-22.6
-30.6
3.6
-0.06
2.76
139.19
73.33
8.79
83.45
-80.58
-64.53
-9.07
84.09
67.17
-8.47
0.28
-2.28
48.46
-10.13
-9.4
-4.88
95.79
-5.57
9.08
-11.67
18.37
-15.75
-3.77
11.72
118.76
9.69
11
-4.36
63.46
-68.62
18.66
5.13
47.41
14.54
41.04
-51.48
8.03
108.83
-31.61
-9.37
33.01
9.54
65
-55.07
7.61
-121.41
65.64
5.92
-13.31
-25.98
-10.97
-23.82
39.07
-19.57
-78.24
20.09
157.7
-27.06
-12.77
-140.68
-0.97
-7.35
7.18
3.72
-61.74
11
13.84
-4.84
-52.65
74.39
-0.34
-1.71
-39.23
10.08
5.33
6.69
4.25
-15.23
37.97
-36.48
22.17
-48
92.67
-64.94
8.87
-47.8
9.25
-0.99
96.41
-29.35
-5.84
32.54
4.92
6.42
90.04
-7.91
5.79
-2.14
-48.12
-33.75
-0.13
-9.72
-4.78
-34.35
-34.97
-10.98
-8.62
32.11
-42.67
-12.46
-48.19
9.99
18.29
99.61
-9.43
-8.88
-8.65
-77.85
-6.04
16.87
53.02
-18.08
-16.01
17.72
-4.39
69.95
68.12
12.16
12
4.41
0.74
3.31
14.12
-20.74
-3.44
29.6
-105.11
-14.82
-6.57
-116.06
13.62
5.33
-74.47
-15
-4.74
-7.28
-8.43
8.15
82.16
-16.64
-51.16
34.19
-6.2
-14.48
11.92
-251.6
5.1
1.24
-1.16
-8.28
26.11
-9.41
-3.82
-6.59
-66.11
-12.07
-4.74
21.07
2.54
-51.32
29.84
28.06
-2.15
6.23
-17.07
-24.75
-161.97
-3.31
1.8
-8.18
-243.56
-0.99
20.45
10.46
12
2.98
-11.7
4.07
-10.33
-281.59
5.49
-5.87
-41.44
6.44
-167.48
-7.68
-8.59
44.43
9.92
4.14
42.76
72.23
10.85
6.17
-13.83
0.3
-39.13
-8.78
-8.43
8.95
8.36
-130.95
4.37
-85.02
6.37
6.64
-13.4
54.44
-47.04
-4.1
5.45
12.46
13.78
177.88
-8.37
87.04
21.12
-3.01
69.76
2.51
16.67
-12.31
6.94
-13.14
124.41
-26.44
-20.17
17.24
-16.29
-37.54
27.5
-20.38
-2.38
-36.13
59.84
-62.47
-29.38
-32.68
15.33
-8.38
-8.23
-57.71
-92.23
-113.33
41.46
6.85
-33.05
23.02
-59.55
15.32
42.27
3.7
-1.68
15.78
-180.91
12.45
-26.69
79.36
8.06
3.6
-15.2
80.02
-6.4
0.8
-43.36
6.76
2.48
19.63
-512.62
10.13
37.55
0.1
-224.54
21.59
5.36
16.25
-26.79
42.04
-226.15
-8.23
9.52
12.46
-8.49
0.48
2.47
-26.7
27.13
-12.55
21.52
7.99
-78.98
21.38
-70.21
-5.31
-27.36
8.99
0.52
-4.3
-13.04
-5.43
68.02
3.4
8.28
-54.32
40.15
-61
-27.01
-10.83
14.27
7.22
26.79
-11.67
-5.92
41
43.27
-3.3
-3.65
-4.36
-7.12
-59.5
27.46
9.95
15.5
65.14
-48.4
-20.74
50.51
-41.17
-69.57
6.94
-11.89
-36.07
-0.41
14.51
26.85
-58.73
4.1
-10.29
15.6
-32.33
40.59
-114.65
137.64
-4.94
3.37
64.29
25.96
-10
30.26
-6.27
11.96
69.09
21.05
-0.89
32.13
1.03
-8.98
-11.91
72.75
12.41
13.54
2.71
-9.32
11.11
-8.56
35.39
-8.84
-197.85
9.21
-16.2
-11.87
63.87
-47.32
-184.64
55.71
-13.36
-72.11
-7.27
7.39
38.45
94.4
12.19
2.86
-1.56
23.97
