5.95
14.82
-5.58
-94.85
1.24
3.1
38.13
-55.21
2.48
-38.75
11.4
-1.31
-1.72
24.11
5.56
-3.33
7.33
127.28
-72.48
-1.48
0.27
-37.59
31.44
1.23
37.69
5.02
4.14
-5
3.94
55.02
75.45
-14.91
8.56
-135.7
6.26
6.7
6.78
10.35
49.23
111.5
2.35
105.98
-7.16
-38.27
2.24
-10.85
0.16
-37.04
-15.66
-7.73
10.12
52.41
78.98
-37.84
-9.62
-10.04
-15.97
-33.6
8.62
-35.52
-16.76
85.27
-18.14
-58.3
5.13
4.13
-2.22
6.59
2.7
6.87
-65.81
16.92
-21.8
-24.1
10.77
-54.72
10.68
6.73
0.85
-11.11
12.43
-51.59
-45.32
-6.7
-56.16
-33.88
-22.53
14.19
-4.57
4.86
-7.3
-112.67
135.49
-3.86
-9.51
-71.88
46.48
-7.31
2.85
22.66
3.95
-61.37
151.98
9.41
24.5
50.88
17.82
-20.92
14.17
-11.2
-85.28
16.51
-118.96
-26.69
45.9
45.83
-9
21.74
2.45
-20.33
30.25
10.05
-139.95
-18.48
-46.77
-7.74
-5.26
17.26
-78.34
16.89
67.78
8.5
44.97
20.89
107.18
-19.37
19.36
25.27
4.95
-38.15
18.37
10.02
-34.33
2.99
-5.98
-61.9
-5.99
4.99
-61.01
-29.19
-82.15
-57.93
10.17
-82.55
4.57
-13.29
14.33
-143.96
-16.1
-7.51
5.98
1.58
-0.9
-75.41
-8.78
-0.5
-15.13
7.35
-3.06
21.76
-5.48
49.41
-31.94
-85.99
50.34
46.49
28.59
-1.94
-69.55
5.23
-16.04
-12.32
-0.92
5.15
-7.1
2.26
59.95
72.15
-7
54.15
-52.09
-2.36
-9.95
-43.65
32.63
-106.02
3.56
-41.42
-79.34
11.83
-36.51
-8.01
34.32
-11.55
5.91
-11.09
-9.73
8.89
-8.1
-96.63
10.26
4.77
17.31
-0.18
6.84
-68.72
-33.87
-2.74
58.02
46.06
-7.62
16.46
-23.71
75.92
40.99
3.81
-24.34
16.4
57.12
-30.77
73.83
5.81
8.33
11.13
11.49
41.11
33.64
12.72
-6.81
0.77
-111.4
-0.22
61.72
23.52
-9.03
-3.6
12.26
-4.11
122.65
6.41
2.77
-16.11
59.63
2.59
-86.16
48.82
-3.77
-7.68
-19.35
4.74
72.17
3.4
75.35
-69.99
1.07
-212.03
11.81
9.68
-8.48
-3.54
1.51
6.27
37.58
-0.87
-3.48
97.31
13.47
80.51
-3.74
-110.37
4.34
-16.24
108.84
21.54
17.55
-113.04
-0.1
9.82
-6.92
87.54
-16.1
-15.75
-7.17
-15.61
-4.79
-11.01
-9.18
-15.92
-11.05
28.93
-15.35
-31.79
37.8
134.55
0.14
97.53
-87.3
2.96
-8.18
-7.94
5.17
-148.6
26.14
7.47
3.8
2.46
69.94
-5.08
14.44
-8.28
17.24
-12.85
1.05
-123.64
-47.49
10.26
5.43
68.6
59.79
36.61
-13.87
-28.77
-13.63
102.13
-59.23
3.16
-6.21
-107.74
24.69
13
4.17
-67.48
7.09
-37.56
-51.46
-5.23
-0.21
-68.62
3.31
6.02
-28.8
-71.96
-7.74
-5.24
-6.37
15.48
-6.53
7.01
-5.1
-10.86
1.71
37.38
24.49
-5.84
30.13
40.1
11.1
52.67
7.89
21.26
5.09
31.15
8.19
-4.34
45.84
-12.03
6.33
-37.9
-103.15
96.63
74.06
-8.45
132.6
-112.72
62.3
-3.71
-58.57
20.74
-227.55
-0.86
103.48
32.75
16.72
20.77
-14
52.1
-79.56
-21.3
-109.56
-0.1
60.17
0.42
-4.09
-109.23
26.81
-3.48
-65.29
-47.39
3.73
-20.26
-2.48
-4.9
-29.73
-1.61
-5.1
24.35
6.62
60.77
0.71
30.63
1.16
44.86
-29.09
26.73
43.25
10.52
-55.59
-11.06
-8.84
-4.01
-71.73
16.01
11.39
-57
39.21
-8.95
-19.11
-7.79
20.2
73.29
5.32
21.15
-62.31
-7.82
0.09
19.26
-12.27
-11.8
79.77
0.06
212.85
-29.58
28.4
-1.61
65.58
7.06
36.81
42.28
-4.89
82.82
-11.11
-3.8
3.64
-96.26
30.13
17.25
45.21
-73.1
-11.61
-37.84
-2.23
137.75
63.81
-13.04
82.13
82.37
32.04
-19.42
25.3
-121.79
9.1
24.57
-9.15
-55.59
-46.74
-8.37
4.9
-4.21
-6.01
3.91
19.73
33.47
-5.19
-64.46
-36.04
-190.37
9.01
3.31
8.27
2.18
-43.1
60.24
-8.87
-11
-3.76
-1.2
10.53
-3.71
-1.75
8.65
11.52
-190.91
26.38
-207.36
120.22
11.08
-6.52
3.19
5.2
23.33
-10.13
-23.45
50.61
10.48
-30.32
9.02
35.86
5.69
42.54
4.44
-18.48
38.29
1.98
-7.61
7.44
102.48
-8.14
-14.98
-1.84
-4.7
-11.68
-14.48
7.15
7.97
-16.49
-121.89
-205.32
2.63
1.58
-7.71
100.34
-12.76
-12
52.67
5.11
10.37
-12.57
-5.89
11.18
3.2
-9.77
24.09
-3.86
212.57
-25.67
14.35
-7.19
1.08
-8.3
-7.01
11.28
5.91
-11.77
-44.27
9.89
12.18
12.77
-7.8
-99.03
-54.39
-36.06
-12.34
8.53
40.69
-4.11
0.68
-8.78
75.16
0.14
9.09
-81.19
-3.26
-5.78
17.99
8.99
70.83
7.8
-15.8
-5.12
3.86
56.39
8.26
9.91
-8.32
8.26
8.93
17.05
-22.01
-36.12
7.35
-18.15
41.72
15.39
-6.75
-15.18
31.8
-7.14
-111.47
-13.7
-12.5
13.61
-136.03
78.71
11.9
1.07
-47.52
5.88
-8.98
35.88
-9.34
12.32
-9.41
-32.86
-10.77
-68.07
64.52
-14.2
40.86
76.28
16.92
-72.1
132.64
42.18
-25.09
-19.61
-10.99
7.56
-2.75
-20.05
-4.54
-128.2
20.65
-2.72
-5.54
45.11
-32.17
-5.92
6.95
-25.84
46.79
-70.28
49.41
-90.18
-9.57
32.28
23.92
11.09
6.33
4.71
20.04
-8.68
-11.76
9.52
152.96
-9.46
-8.18
5.93
192.91
-71.41
-35.09
-262.19
-3.15
7.16
66.73
-20.41
-20.11
-50.16
26.5
18.99
2.68
10.15
5.5
-3.79
13.69
2.38
-47.79
-69.78
37.01
5.34
-23.63
81.52
7.03
-8.8
10.44
18.46
-3.17
39.46
-14.04
10.47
44.02
180.48
14.73
-8.28
-11.99
1.05
-9.09
9.63
-44.1
16.38
-61.73
-27.82
-4.46
-3.35
26.37
50.87
-9.47
29
10.2
7.21
-55.14
-14.93
1.26
53.92
-75.42
19.31
3.41
-6.79
10.86
-3.71
4.61
-11.32
-33.48
-27.43
7.91
4.23
-12.06
4.13
-52.08
-185.38
15.6
-5.47
55.94
-18.39
-82.46
50.88
30.83
30.75
38.02
-121.34
26.71
9.55
-8.59
-3.15
-5.66
23.99
-54.58
10.21
-1.63
2.06
2.49
15.81
9.46
39.48
51.91
-341.77
-103.85
-59.36
15.03
15.24
1.4
-15.66
-0.67
-3.68
-135.69
-15.29
38.14
-4.46
75.25
-162
-35.8
131.36
-59.07
-18.37
12.16
-10.2
49.08
6.82
0.6
-2.27
-57.26
54.15
20.94
-4.91
-100.39
-7.04
36.97
15.53
59.53
-9.29
20.31
19.64
-5.02
1.32
74.54
-57.3
-28.25
36.5
3.43
-0.68
6.17
-4.73
-2.19
180.73
-3.6
-10.4
61.68
-12.85
-7.35
9.47
-99.52
84.83
-22.22
15.21
68.33
-5
12.53
20.36
-3.34
13.1
23.04
-1.75
12.77
16
22.88
-11.77
30.65
1.42
-69.82
-11.61
8.1
-78.17
-29.79
-5.35
5.44
7.29
3.43
109.5
29.92
36.83
13.13
-28.86
12.15
123.75
12.77
1.81
75.05
-20.36
-11.27
-76.68
41.17
-80.83
0.25
-10.4
-7.53
-6.74
23.25
13.9
-4.67
40.76
4.04
46.15
24.72
-93.36
-7.46
16.06
-8.87
-8.84
-75.04
18.06
-58.5
-135.44
0.64
12.78
-0
35.34
21.24
56.96
-47.96
-6.65
-106.46
170.07
-120.39
6.77
63.37
27.75
-5.84
-57.45
-5.15
-18.79
66.61
73.29
-33.63
-5.5
9.28
12.58
-17.39
-14.83
117.98
-21.73
43.77
0.02
14.35
-180.39
-45.5
9
-119.84
95.76
1.51
-3.19
0.59
43.34
-114.1
-34.57
-5.71
15.87
46.32
67.47
30.67
-18.91
1.96
62.85
-4.34
-6.56
-74.66
83.75
74.2
-41.94
-46.02
0.16
39.75
84.54
38.26
4.61
82.95
6.01
-7.12
13.36
-107.63
24.09
-8.66
30.61
-13.68
-29.65
-33.35
-31.43
13.92
-106.1
67.43
5.64
3.1
4.92
-16.61
-17.65
-11.63
46.65
-45
-57.06
-11.06
42.65
9.54
-52.58
60.88
69.49
-3.25
-16.46
-12.81
-3.86
8.94
12.01
27.65
-20.21
-12.68
-35.33
-124.42
80.83
-11.3
-20.31
-16.76
6.57
-17.81
-17.77
-9.75
6.08
-9.42
-130.51
37.26
-240.51
-10.49
-9.95
8.73
44.63
341.89
-66.5
-9.84
0.58
23.76
31.71
-1.67
25.06
-3.92
5
11.75
55.58
2.46
