48.88
26.83
-92.74
-43.88
-70.7
-2.07
111.1
-2.79
-107.37
-4.16
5.6
-43.11
42.22
78.62
65.22
4.13
-56.79
-9.31
-103.55
-13.33
-39.54
-26.02
8.29
-10.47
-39.92
42.04
19.02
8.14
-0.82
50.4
-4.19
19.11
-28.15
0.1
8.97
7.66
16.58
9.76
-64.52
9.3
-54.4
-42.01
-8.85
-4.43
-2.15
-50.23
-5.01
14.18
4.43
-57.99
-11.29
-57.37
-2.35
11.54
-104.56
16.36
-4.34
82.28
6.5
-37.48
10.69
-107.23
-38.8
79.23
8.29
91.49
-13.62
55.32
6.83
0.08
8.38
-3.56
54.57
7.07
-12.45
-4.06
70.37
-60.46
16.98
22.94
4.84
2.99
50.5
8.89
-13.12
101.17
-54.04
-79.28
0.05
7.81
-4.35
4.49
-8.61
6.86
-14.94
-151.19
-8.94
1.69
-0.13
-10.66
-16.35
40.05
6.12
88.57
11.97
-67.79
46.45
-9.17
-30.75
-15.87
-1.96
-8.4
2.66
45.28
0.99
52.5
-6.31
-4.42
8.79
55.51
23.81
37.12
1.69
-2.4
-10.82
52.12
-0.81
45.01
-33.8
93.81
89.24
6.34
23.76
6.81
14.16
-11.56
30.08
-5.41
-60.8
-11.71
-33.71
-44.58
17.59
-21.93
-49.53
94.71
-21.8
-52.72
-8.48
-10.27
46.52
14.15
-22.85
14.04
-15.24
-5.15
-18.85
10.25
34.9
-11.73
25.48
25.04
-56.51
4.94
-8.84
-9.59
2.03
2.84
52.91
-10.02
-99.04
58.15
-61.69
10.58
30.11
24.2
-22.12
-5.67
41.9
49.55
31.94
54.5
0
9.01
-5.2
31
15.06
-8.02
16.28
-35.07
-70.82
-33.52
20.32
50.48
89.1
-63.18
27.25
22.73
91.81
-5.84
6.49
60.57
24.15
-74.92
-2.86
-136.63
-21.3
-2.8
-39.55
-22.39
16.9
-12.58
32.75
90.1
75.24
-48.47
13.52
51.53
52.08
8.78
5.66
-41.88
-35.03
-32.51
-5.49
-5.06
-103.01
-163.06
6.47
-152.53
12.83
-28.19
15.25
-4.95
-106.01
-2.75
-63.16
2.47
-0.83
6.56
-10.49
-44.18
117.81
-9.66
5.96
-62.97
-19.61
71.76
12.22
-1.09
0.91
-200.83
-7.25
-12.73
-3.47
54.46
1.76
8.51
64.49
9.6
-161.78
-70.46
-5.38
2.26
-103.96
12.2
-19.37
10.59
8.73
-17.51
-1
6.05
-3.6
-100.38
113.98
13.59
-7.42
-3.88
28.49
-8.95
-12.55
-41.01
9.61
12.23
-10.13
-2.47
6.91
-12.78
-121.1
7.46
19.43
-7.14
9.15
-8.32
13.24
-5.22
47.21
-12.78
-18
10.45
-112.43
107.37
2.56
-2
-13.07
40.75
25.91
0.86
-3.96
-0.22
-30.45
65.74
1.11
56.1
-18.73
-206.5
-3.82
-1.79
-84.2
-44.7
-63.77
13.52
31.28
-49.42
-4.66
-29.62
5.39
-75.36
44.42
23.11
-24.92
124.88
47.11
-40.15
-6.13
1.01
5.87
13.78
14.74
-5.81
-5.27
20.55
42.47
2.93
-13.13
2.92
10.62
-16.89
8.01
-5.61
-4.42
-33.68
-10.27
-5.27
88.28
-8.12
5.06
15.88
7.52
2.46
-8.93
3.28
92.77
38.88
-25.25
-35.06
16.44
-91.69
52.76
-2.96
50.03
18.51
54.42
24.8
-68.04
27.38
-80.69
-3.33
66.94
-1.42
80.05
24.35
-5.33
-3.01
-3.69
50.35
-45.61
-81.26
-3.08
6.65
-58.52
26.52
67.82
9.5
39.54
2.86
8.65
-12.65
20.39
15.69
-7.62
12.85
-139.43
-54.2
-118.71
-38.7
-24.95
6.59
72.32
-14.36
-31.51
9.89
56.76
156.32
-2.42
21.16
7.47
-4.14
29.55
13.56
30.02
45.53
-40.83
-3.91
-39.36
-11.98
0.55
6.28
-1.7
27.65
215.28
33.88
34.16
-4.08
19.99
9.85
46.46
-29.86
5.08
-96.28
37.49
0.37
7.31
4.2
56.66
-9.22
26.29
2.6
69.05
-10.43
-75
7.1
128.77
13.24
2.91
1.6
-118.07
-213.02
-8.28
80.03
-4.43
3.32
40.7
-91.33
-3.12
8.76
0.84
-7.66
10.67
17.22
-17.36
-55.38
-27.02
1.19
-97.37
51.37
15.03
-12.23
8.12
51.29
3.7
-1.46
-45.79
-3.75
-154.15
-2.95
-9.86
-8.35
-1.35
-16.08
-4.33
-10.24
0.41
-19.02
-13.73
13.61
12.1
-115.17
8.93
18.45
10.18
35.38
1.35
-2.54
4.62
2.64
-131.39
13.37
12.04
-26.28
-36.73
6.66
-57.87
29.91
33.24
49.89
2
-34.42
-74.88
-19.69
-3.72
28.48
-56.25
-2.84
-44.31
-15.15
18.57
32.51
80.51
-8.24
-12.69
-0.89
65.52
-19.97
33.3
-7.2
14.8
32.05
5.54
-3.8
32.49
-11.6
62.67
-77.52
-1.95
36.11
12.72
52.98
64.16
-32.48
-61.24
12.28
-6.16
-46.95
65.12
29.51
0.35
55.99
0.53
25.13
45.29
68.77
-9.97
33.43
10.42
-5.75
47.04
-43.38
55.21
18.61
-8.54
5.75
83.02
22.79
23.4
-23.87
-48.01
-96.5
-11.38
47.55
-2.72
-28.31
43.29
-22.85
0.38
-7.11
12.78
-96.57
-96.52
-13.09
-21.46
17.21
32.71
4.41
-8.81
-14.85
-3.67
-1.92
2.34
-8.22
-12.61
-3.26
37.89
5.48
8.7
-13.12
-33.55
-36.58
18.4
24.13
42.57
36.02
-9.87
-39.8
10.08
9.92
-72.74
4.1
-62.55
-8.91
0.96
10.85
-5.78
-0.02
11.46
40.22
-90.25
-2.54
51.77
-1.65
-159.69
35.33
2.18
-15.77
-5.4
-3.74
-11.81
4.05
-15.45
-1.77
8.42
202.32
-5.2
-10.59
12.62
14.36
-64.63
-10.35
48.8
-10.69
-80.56
9.98
-53.73
48.24
118.58
-26.41
-35.32
1.04
11.85
-15.79
-5.69
13.95
32.96
-18.96
120.84
-17.25
7.59
29.2
-64.81
2.48
36.06
-19.2
10.93
35.43
-9.93
99.6
88.77
-1.82
-11.08
19.93
48.89
-2.18
5.96
12.73
0.86
-10.01
41.45
-11.23
9.43
-8
42.61
-35.37
-17.85
-52.9
-33.96
51.58
133.51
61.52
-26.01
19.42
79.03
-49.17
50.75
-11.18
36.24
-46.16
-17.54
-6.36
29.7
-29.14
-19.33
22.41
-121.28
49.81
-20.95
-1.71
-132.81
-44.61
141.17
9.72
6.71
-2.13
32.47
-22.88
-28.89
-16.73
18.12
-4.94
9.16
-65.15
-86.9
59.91
84.22
-13.6
-1.78
40.38
-24.45
19.59
6.58
51.26
-17.83
-46.92
-32.95
-71.4
121.79
17.86
9.33
-60.69
1.3
2.53
-10.37
7.03
-17.55
-10.72
4.6
-13.78
-14.25
22.26
-3.08
13.19
-16.16
19.08
85.63
-7.21
-0.84
2.26
26.36
-0.54
-14.61
31.43
45.59
-5.17
-71.55
-143.32
-18.21
8.59
-49.1
38.76
2.19
-4.1
-2.11
-131.4
-5.9
-37.13
2.53
-6.52
-1.1
-3.08
30.94
12.55
1.3
12.52
16.65
-12.4
-57.01
47.08
-9.31
10.47
15.96
126.13
26.3
32.49
2.85
-10.16
-14.11
-33.17
-60.28
-31.02
1.77
-20.82
-0.66
-170.5
-62.38
-25.22
-5.98
48.28
-4.14
31.09
-24.89
-8.89
-15.05
-43.12
-1.63
-64.14
-88.51
-6.94
29.52
-3.81
-38.44
27.72
-1.09
5.19
19.43
-7.08
-7.9
15.59
-21.5
60.18
27.31
4.27
-1.15
4.1
-21.48
7.18
-75.23
36.23
-10.89
89.8
-4.41
17.54
-128.87
-31.79
-186.1
-87.96
-58.78
-51.74
22.25
-0.67
7.3
0.49
-36.59
32.12
0.33
-5.99
7.58
-20.92
41.11
10.66
-15.66
-14.82
118.78
5.72
-67.14
-1.56
175.73
3.27
-90.06
36.44
-8.96
19.77
10.11
56.35
9.47
-24.76
21.44
-0.36
-112.35
7.32
23.47
25.31
3.79
-137.82
41.05
49.72
55.67
-39.12
2.45
-38.26
-9.61
29.51
-6.86
61.28
19.92
-41.49
-5.45
32.43
25.72
-8.61
7.95
-10.86
-98.23
-98.63
30.44
2.75
-18.84
-7.16
-16.38
-43.61
-85.76
8.18
70.58
-17.2
9.39
-58.14
62.58
-32.44
-12.85
82.28
-12.67
-69.35
6.1
-13.9
58.06
-30.57
13.45
4.95
-7.73
-83.08
-48.21
8.9
11.22
22.25
-46.73
45.44
7.81
-35.33
-9.34
-3.51
-7.57
-174.99
-66.1
5.11
-4.49
13.57
128.63
-3.74
-27.89
1.18
-10.38
-7.76
-105.64
65.9
27.44
11.03
54.83
-3.01
-19.33
-5.38
-12.22
27.45
-54.51
32.59
11.93
-10.9
-26.67
-14.53
-27.66
74.44
-11.12
2.96
-2.48
-12.15
-20.9
18.69
48.04
-40.07
-41.34
-147.21
11.17
-14.77
-86.08
-75.21
2.57
40
2.88
23.09
-81.43
-12.6
13.58
100.88
3.55
11.34
-66.61
-52.79
-15.08
-116.93
5.23
-14.56
-23.3
-119.15
4.26
99.3
-77.62
-33.78
-177.68
-12.61
3.58
-21.16
-5.34
10.34
43.72
-37.63
36.99
-11.03
