-4.23
-18.84
102.7
11.4
-31.1
-28.6
-11.08
-13.65
-135.01
102.3
5.28
-39.87
167.19
68.23
74.14
21.41
-24.5
6.66
-35.41
3.98
-9.81
-155.86
116.64
16.69
11.54
11.72
-7.49
-5.64
-10.85
-4.59
8.51
-9.81
-3.89
38.59
-11.39
-128.04
-1.12
1.99
4.05
0.62
6.29
-121.74
118.09
85.32
2.75
-24.87
-16.62
13.43
-1.08
6.82
-3.55
-6.16
23.35
-1
6.55
-77.82
10.44
-2.88
-12.52
27.27
-64.9
-82.5
-71.91
3.72
-5.28
-9.46
57.15
18.75
20.62
0.93
-37.58
11.4
4.72
-142.77
-69.3
-3.24
-3.74
-15.12
57.17
21.08
2.4
-8.73
-40.16
-68.12
-14.09
-35
18.78
7.55
-10.72
-9.16
11
-19.87
78.83
-1.96
-16.82
2.17
63.21
-114.06
-3.71
16.25
12.75
-44.81
2.94
23.33
-90.97
-17.69
-49.71
57.64
-8.33
32.41
42.4
-0.27
10.45
6.29
13.74
30.48
-108.63
6.79
-7.22
-3.34
64.09
-38.79
-17.51
-9.46
33.34
-6.74
18.19
7.48
-33.65
0.64
66.75
-86.71
11.78
9.73
-11.37
10.64
-83.23
66.35
11.48
-2.04
42.97
43.96
98.11
17.78
-15.2
0.48
4
-10.92
11.02
-14.13
-16.41
105.78
9.47
-58.94
-50
-7.29
1.84
-49.16
-12.89
15.4
-2.17
24.09
-3.33
61.38
-206.19
-3.86
35.36
-9.49
-61.52
-0.64
-2.54
-39.12
-77.22
-8.49
84.83
13.54
69.89
-77.26
44.65
-4.77
-16.32
32.44
71.63
13.26
0.79
-66.84
7.44
-7.84
-8.22
-6.24
-3.52
52.19
-38.69
8.3
-8.65
17.22
-12.62
10.12
32.84
-32.82
0.27
-3.66
-2.34
48.62
-15.98
-8.81
9.87
-7.81
-12.69
-6.61
29.28
-1.11
6.96
25.23
-9.82
3.99
17.71
-17.8
-2.29
-5.11
-6.31
-84.4
-93.18
0.61
-185.67
14.23
-16.55
133.31
57.73
13.09
-22.88
134.44
2.98
6.55
-132.15
-1.76
119.85
-35.1
15.79
3.13
-112.13
31.1
-64.55
-6.64
62.87
-38.8
-49.92
5.93
11.4
-220.49
30.14
34.02
40.27
14.21
-13.51
10.16
16.54
21.97
1.34
-20.27
-11.24
6.44
-16.5
-47.33
-24.14
-5.51
-0.78
-44.94
63.09
67.13
104.35
6.79
4.31
11.44
91.52
-8.83
92.32
58.43
11.13
52.84
7.95
9.44
26.62
7.53
-84.93
49.51
-5.98
59.88
2.45
-10.37
1.86
8.8
63.46
-13.44
39.54
-108.97
28.25
1.65
24.59
-63.49
-106.42
-70.54
-14.63
-7.15
42.23
-8.68
-101.88
8.77
-58.79
48.43
-10
-30.16
32.33
-19.89
-0.53
14.59
-7.3
105.97
2.12
8.28
-8.88
-61.37
11.97
35.54
12.01
88.24
9.67
-54.8
66.14
10.43
53.25
5.05
-75.18
-73.14
29.12
-3.22
-31.59
-3.7
5.81
6.99
-8.56
49.29
12.94
-29.08
10.14
31.33
10.78
4.86
-31.26
-7
4.29
77.64
2.6
74.93
-10.33
-46.02
17.28
10.54
12.91
4.42
0.03
-20.86
-80.69
-8.01
-15.84
13.66
-30.43
-3.57
-8.41
-52.57
-32.19
-100.95
-7.71
-87.3
-13.1
100.71
-62.81
-39.49
-76.43
0.41
-6.81
25.34
16.75
-20.95
11.46
-7.3
-49.39
98.8
10.67
-80.34
-9.34
44.31
8.34
-17.93
-31.35
-13.23
4.28
24.59
4.39
-13.11
-7.52
-35.51
-69.3
50.55
-28.79
13.37
60.03
-4.29
9.57
-12.99
7.4
-4.39
-2.34
10.44
-78.59
-4.71
4.58
-21.88
-17.37
-37.34
9.56
-12.24
-60.88
203.22
-8.68
68.8
3.08
70.19
-81.16
60.16
-3.12
-5.69
-0.69
-12.89
-16.03
44.02
-8.91
-18.43
16.32
-3.34
5.8
-64.29
76.67
-89.44
-11.37
63.49
27.76
11.53
14.02
-12.77
-21.66
18.73
30.9
176.22
47.21
-37.39
-8.88
2.47
-24.2
9.24
-33.09
-55.73
185.95
-0.8
-23.65
-16.65
2.48
7.24
9.68
22.74
45.44
3.98
-0.69
-19.71
-90.61
17.93
-53.41
6.57
18.13
3.64
-7.18
-22.03
6.91
-20.7
12.43
7.12
54.26
36.69
11.24
8.83
-3.71
-18.92
-27.9
-14.76
10.01
9.05
-37.71
-12.97
62.12
40.34
-44.39
-5.64
-17.08
7.64
1.75
-40.1
8.16
99.99
3.49
54.86
5.32
82.01
-12
15.12
3.08
-32.07
-3.22
-0.71
54.81
-13.46
-46.95
-77.49
-48.83
-21.86
-2.45
-2.27
-13.09
15.96
72.75
10.99
-62.11
8.81
8.55
-19.05
21.54
-4.15
28.25
20.96
-65.12
-12.69
82.1
-91.13
-29.1
-46.22
-10.95
19.82
9.72
13.13
-1.29
-23.6
-45.79
-15.64
8.92
-6.25
-5.88
2.89
23.84
8.29
2.31
-9.21
10.26
0.02
-5.87
-5.01
-188.56
22.57
4.69
8.22
-2.89
52.83
-46.13
-18.19
47.86
-1.91
-3.25
59.06
-15.04
51.84
14.7
0.35
-161.9
-10.33
58.24
-29.42
-80.26
-11.71
18.46
30.6
-39.48
-9.6
34.1
35.83
7.39
0.51
6.32
-85.38
97.54
5.6
53.27
7.33
-13.49
-74.68
7.33
-34.03
-34.37
-11.89
-23.01
2.3
11.33
9.23
9.18
-28.29
-94.11
97.45
-37.48
51.53
19.68
57.87
50
113.63
26.42
12.52
13.72
-31.65
-10.99
-25.86
11.81
-3.51
41.44
-62.23
2.66
29.47
-73.24
24.14
-148.91
19.57
-12.75
-54.75
11.42
-5.08
-56.3
110.54
-0.25
-5.81
-74.12
-23.08
-119.22
2.72
63.97
-8.2
-10.45
-6.98
24.09
-10.73
6.92
-7.38
-19.86
-3.56
-20.86
54.45
17.64
-196.56
-16.02
7.63
-15.34
-4.12
20.79
32.16
-7.88
89.8
154.23
206.34
-118.46
8.54
5.71
-126.38
21.08
-24.8
-85.54
155.4
-85.45
-3.23
-13.34
-33.74
-0.3
49.96
-71.58
28.77
-33.54
-12.04
-13.65
34.82
-170.15
187.13
-0.78
12.44
-109.53
-33.28
7.57
-110.37
-4.12
24.21
51.33
-12.89
8.21
34.86
2.21
-18.42
-9.16
-21.33
-52.33
-37.69
219.83
46.03
-4.91
20.83
3.17
4.58
5.59
12.81
-11.54
57.99
13.83
22.78
-28.15
58.21
-59.81
26.66
-22.55
-204.47
-4.19
-34.88
121.76
27.94
9.13
9.74
169.93
7.69
52.36
-4.26
33.92
-28.72
-13.51
11.46
94.41
-73.25
30.86
-10.52
-2.17
81.79
12.65
-16.51
-19.78
-41.2
-126.07
24.54
-29.53
3.43
-6.97
-1.25
71.89
3.03
-5.3
-2.61
84.28
-41.21
-23
-13.84
9.05
17.23
17.41
58.08
-88.31
-6.83
25.14
15.35
186.67
8.86
20.55
-69.81
-3.9
-40.36
-17.8
-8.21
28.56
12.25
-7.22
-40.6
2.44
-62
-13.91
0.49
-43.56
-39.41
135.94
3.33
2.34
1.5
4.19
-17.75
-6.03
-9.02
-97.73
5.69
-26.21
19.81
9.53
-55.36
-11.53
-46.07
29.97
-5.92
10.02
-1.15
-40.55
-0.69
6.9
10.37
-2.32
-8.17
-50.33
9.89
95.64
6.1
-10.99
-2.02
-62.2
-13.54
-7.13
-46.78
7.33
-14.03
1.34
1.61
37.69
5.81
0.99
3.46
19.48
17.19
5.78
-21.29
4.81
-11.94
-64.72
-7.57
1.84
6.93
-8.8
37.9
11.12
-94.82
63.79
90.85
14.4
46.82
-8.1
9.99
1.88
5.1
-18.07
132.81
10.21
-1.28
13.66
-14.09
15.4
261.96
-2.44
-2.53
21.02
-11.1
21.75
15.36
13.94
25.21
-65.85
-17.74
-11.11
-6.52
0.67
1.82
-7.02
6.74
-1.97
11.24
41.2
52
-8.72
-2.42
2.03
-1.45
-29.25
62.32
-22.42
59.67
29.39
2.07
1.37
-4.26
-26.77
28.8
6.32
12.25
-8.19
-4.69
116.09
2.11
-33.3
-5.08
-96.21
132.91
-27.4
107.74
29.28
-53.07
20.69
-4.34
29.4
25.66
-4.78
34.43
10.2
2.59
64.18
5.36
2.05
42.2
-8.9
-15.42
47.76
-55.62
9.54
9.55
4.49
1.38
47.32
-40.45
2.76
2.68
-7.83
-120.49
-8.59
22.11
-41.12
-86.32
-0.25
-11.06
4.51
61.75
15.69
19.4
17.46
-7.47
7.5
-22.17
16.22
-10.44
3.33
-61.45
-4.24
63.39
38.89
9.12
9.41
2.69
-8.12
-10.29
-145.59
-3.66
-1.1
-9.93
-27.11
-53.43
-55.34
15.36
-35.99
5.69
-3.37
41.16
32.13
-122.95
-44.92
12.58
39.7
4.86
-25.2
-7.94
35.22
-6.91
24.37
8.12
72.55
-2.94
18.71
25.23
32.14
-20.35
12.46
11.65
1.14
-1.9
2.24
-8.02
15.22
4.89
-95.75
-13.79
6.24
-16.35
38.74
9.5
-128.86
-14.18
2.69
-7.28
-6.75
-3.87
-133.67
-62.93
10.55
48.08
-10.36
14.07
