0.96
6.92
36.94
96.75
-22.6
-8.14
-45.62
19.9
-3.59
100.12
49.9
11.43
-5.81
-0.32
-9.13
26.57
29.56
-103.36
38.27
27.37
5.15
-13.25
-6.47
-9.71
9.75
9.36
-9.46
20.16
-5.72
4.41
-54.78
-27.81
6.93
11.46
-10.63
-1.56
12.79
2.76
60.31
8.62
-8.64
20.38
29.12
65.04
-15.45
29.8
-14.69
70.75
-27.49
42.69
-3.99
56.04
49.47
-0.75
72.46
-62.24
39.47
-71.48
-8.76
-63.67
-3.88
-2.05
-7.66
-0.53
27.71
69.09
79
4.97
-15.43
6.41
-2.67
16.87
42.5
62
-2.35
11.61
-6.27
10.62
30.43
-15.38
2.94
-0.22
-42.06
43.58
-110.41
1.13
37.73
4.4
33.64
7.98
59.22
5.6
88.57
19.45
-6.46
-30.34
-12.79
9.44
-0.24
33.5
-34.39
19.81
-47.51
-68.45
10.8
-17.62
51.89
-11.56
2.65
-18.01
-11.82
-1.68
-23.52
-5.3
-53.84
-8.28
44.01
-5.82
-6.7
106.3
13.22
-1.12
36.28
23.83
-1.28
1.26
-128.46
8.42
6.99
81.7
-15.15
13.8
-8.9
-4.14
-53.12
44.45
14.36
15.21
1.81
5.46
-10.74
-18.12
-34.78
-7.09
-0.07
61.52
57.96
24.1
-175.01
-17.77
8.47
-102.8
22.84
34.88
-4.65
1.81
-2.97
7.3
6.58
11.04
12.89
7.88
11.66
-50.56
-6.1
-50.14
3.97
23.31
-60.52
35.18
4.86
10.13
0.15
22.12
3.05
-44.14
-7.16
-10.22
2.22
-21.29
-10.75
-27.05
82.61
-7.56
-187.07
-10.82
2.29
9.48
-228.89
17.14
4.07
61.04
-1.21
-6.07
0.49
6.38
-44.69
29.11
-12.66
12.58
4.74
40.17
38.12
-9.41
-62.32
-39.49
8.41
73.38
-120.75
70.33
-9.02
-34.73
-12.71
34.73
2.29
-27.17
-1.27
-13.61
116.72
-9.48
66.15
1.13
-20.47
1.75
79.14
9.44
-0.27
10.49
44.42
81.49
-39.6
-48.81
7.46
-74.55
6.52
-4.31
12.52
-63.24
-37.3
-13.94
40.99
-33.22
120.89
2.22
92.15
29.85
-95.32
-6.13
1.58
2.11
-10.73
9.12
6.65
21.45
-399.62
-8.75
-69.74
11.79
2.64
96.46
9.76
2.2
-33.31
9.69
11.83
-18.52
64.31
16.42
-2.39
-9.42
1.63
-2.32
-32.27
10.88
7.74
-21.07
-4.07
-65.56
-6.18
43.68
-17.63
-12.93
5.96
-18.37
37.94
-49.14
-14.88
-3.21
49.45
-50.64
-18.41
24.61
4.9
262.08
-9.64
18.55
-30.08
1.23
0.04
20.43
-12.65
1.92
14.47
52.5
10.04
7.72
-2.72
83.06
-2.7
-98.12
-1.06
8.71
-20.15
45.4
-9.06
-3.32
-218.87
30.52
1.45
12.91
40.6
11.27
56.19
-7.8
0.04
22.56
59.15
8.1
-12.11
5.3
53.17
-6.98
3.85
56.03
-24.5
-31.78
-6.83
5.2
-150.52
-29.28
49.23
-12.32
-23.84
-36.96
-34.37
35.74
-13.41
-9.17
14.34
69.12
-7.18
-62.28
12.23
17.6
71.84
-2.04
-15.93
27.59
-18.91
0.61
-45.21
16.72
-13.89
15.77
-8.79
-16.78
8.22
-12.64
-52.57
-34.82
-14.42
-35.01
13.1
12.01
32.79
-13.27
5.96
-0.88
16.74
8.34
5.45
-10.47
-101.64
-16.05
4.86
3.9
-26.33
17.32
81.61
-14.73
48.73
-17.47
-11.24
-0.77
-32.64
46.33
52.61
2.65
9.79
-11.83
23.37
-34.2
-8.65
-52.26
14.96
53.48
25.79
28.76
-44.98
30.76
89.01
1.63
-0.99
-6.97
-5.9
0.85
11.54
-67.86
49.52
-5.62
-98.48
-31.68
25.79
3.46
12.66
-32.39
8.88
10.14
-7.58
-25.6
-15.05
-38.84
50.54
34.2
139.17
-45.56
-29.79
-10.55
23.68
49.49
-137.81
-44.53
-11.35
-4.58
-6.9
9.87
153.52
-16.7
52.29
-32.33
-38.62
-118.37
6.24
26.72
-6.58
32.64
5.19
-10.87
-22.42
-129.21
-2.07
-6.87
-31.13
-78.75
24.14
-18.13
-16.72
0.72
14.38
-11.63
14.37
5.96
0.08
75.37
99.86
0.54
4.08
2.36
-79.28
-13.58
-24.62
64.72
66.39
28.94
24.6
16.35
-9.3
-0.99
22.01
-5.96
43.13
-13.39
9.76
10.6
4.98
26.79
-96.97
-1.29
12.44
5.16
4.13
-5.92
-12.3
-258.39
11.3
-60.86
32.29
-37.24
-10.36
-66.81
9.57
68.37
55.73
29.72
-24.96
-12.87
71.27
21.09
32.28
36.28
10.72
2.5
-3.79
-8.37
44.73
14.48
2.03
-13.89
88.49
58.45
3.99
12.08
44.97
-7.57
-23.15
-46.33
-48.79
8.33
81.59
-1.82
18.98
28.13
33.51
152.43
5.45
7.14
119.84
52.52
14.29
88.58
110.12
20.16
-49.13
-4.36
-40.35
31.16
1.97
15.01
0.98
18.9
-13.66
4.69
11.57
36.23
-49.62
-7
81.21
46.35
-13.64
-8.18
4.06
-28.31
10.49
-40.42
-61.53
26.12
61.5
-31.02
50.89
-52.79
-216.06
6.69
-37.66
8.21
58.35
-17.49
-16.07
-38.52
-78.57
-70.59
29.27
-79.19
56.11
146.38
-11.83
-14.7
-12.89
-3.89
-17.8
-8.99
-22.17
48.4
4.66
-246.42
-1.38
-1.83
6.96
5.35
4.38
42.51
-23.73
-30.49
124.34
-23.72
3.85
5.33
5.64
19.57
-213.29
-32.11
69.58
13.44
-134.34
-3.89
29.05
1.76
46.48
-7.33
-11.77
6.62
-4.11
-7.6
8.1
10.75
-8.99
-1.38
4.84
22.4
-68.87
-64.58
17.97
-42.09
11.3
-149.41
13.96
-4.05
31.68
-56.89
109.16
16.38
-25.65
5.61
28.71
18.63
-8.43
67.95
12.28
22.35
-18.78
46.06
10.91
65.38
12.27
19.02
11.59
81.85
-1.87
-47.94
127.97
118.54
94.82
22.92
-0.97
-3.24
-10.22
73.5
-66.85
-20.65
-93.2
-17.15
0.56
45.87
18.42
20.91
6.68
-9.98
15.1
7.95
12.41
3.58
-69.54
-113.24
33.94
-8.86
-131.65
7.4
5.75
4.7
58.19
1.3
73.56
8.65
-70.52
7.13
0.73
2.98
0.23
-3.12
-9.54
25.4
15.93
3.83
-5.79
-7.56
-8.67
5.41
-4.04
-31.4
0.64
-11.14
5.08
79.67
1.15
19.5
4.74
2.77
0.98
21.1
11.26
45.49
81.74
6.77
-40.53
55.44
14.77
5.42
-10.94
79.06
-9.36
35.27
-16.83
-2.94
-63.59
0.54
4.46
-7.54
-13.53
-11.37
-53.25
9.51
87.11
-0.37
-0.11
-12.02
10.68
-92.49
18.64
44.23
6.21
-50.58
47.16
44.24
-7.53
-33.54
27.21
-17.5
157.39
9.26
-25.76
-86.21
61.92
4.48
-3.28
-3.97
-1.04
-78.78
2.07
11.6
28.93
6.02
51.94
14.26
-2.59
-34.91
127.46
22.12
-54.05
-20.31
-34.9
-7.3
121.47
28.8
12.31
126
7.5
-17.63
66.4
-6.43
115.57
-9.09
-7.6
7.13
22.83
9.96
-12.16
197.18
-2.9
22.96
-4.42
-116.73
-39.36
2.29
-27.96
9.39
7.45
-314.97
-11.29
-11.43
-6.01
-11.84
-48.52
9.26
-55.78
2.04
-55.86
-105.22
7.5
-4.33
-4.87
-35.24
-42.13
54.69
83.69
-67.13
-53.68
-7.92
-11.93
-77.06
-12.69
-5.17
12.8
-37.6
18.07
28.12
14.87
5.29
10.1
13.89
-4.51
6.7
-5.54
-3.45
10.39
75.72
-5.11
-9.53
-57.67
51.51
38.38
11.67
7.01
-16.55
-8.06
2.82
-86.51
-39.57
-4.22
-224.63
-9.41
29.11
53.34
-7.67
-12.11
117.54
33.67
-13.57
40.8
158.94
11.86
12.93
42.73
-4.23
-14.07
58.72
42.19
139.37
1.04
10.55
33.16
-10.45
-32.27
5.31
2.38
95.8
-4.42
-13.64
60.5
2.22
-7.14
7.4
-18.85
-12.07
-25.67
9.98
62.37
29.66
-26.97
-43.54
31.9
-11.29
34.29
-27.16
-21.73
14.77
8.5
-5.47
19.51
-16.64
3.93
-5.28
6.17
68.39
2.51
35.21
39.07
-23.04
-45.55
1.2
44.45
57.76
0.09
34.88
-3.65
45.56
-50.91
18.26
-100.1
63.21
4.76
-16.76
0.63
94.06
3.23
36.73
-14.01
-21.58
-79.99
58.07
77.19
-0.01
-45.06
-35.37
62.63
36.68
38.92
-78.44
-37.41
-9.71
-156.74
11.49
-0.78
-13.62
-76.87
9.06
-14.98
35.96
98.37
-22.16
-14.28
7.64
28.99
-4.85
101.71
0.53
-8.43
96.53
-0.99
2.16
-0
21.03
3.9
0.57
7.27
-13.68
-50.32
107.83
-15.03
-52.67
0.89
22.46
-12.92
22.35
-5.29
50.38
-3.81
-33.16
54.63
-1.84
-5.4
-1.37
63
-45.6
2.02
-60.64
52.99
87.34
-85.75
-76.93
24.71
-36.6
-1.39
-11.23
4.97
66.96
80.02
4.67
-2.99
44.62
-29.89
10.84
-10.73
-5.68
-37.73
-21.87
