-77.09
37.35
-88.04
-2.88
-18.9
-3.72
7.21
52.11
-11.45
2.12
32.43
38.03
-9.76
-17.77
44.63
5.08
13.61
-29.33
-61.4
24.68
-141.78
37.43
-33
-19.69
-6.99
-15.68
-104.06
98.45
80.66
-10.45
-210.35
93.8
-3.48
47.77
-3.12
4.93
44.93
-92.25
24.14
-70.77
-3.69
-1.38
74.43
-24.11
-63.01
-11.33
53.17
-0.3
-138.38
43.75
85.77
28.16
15.54
-25.99
-21.24
4.99
-15.49
-41.78
-43.24
79.27
-18.6
4.87
-17.08
-34.28
59.45
-157.47
14.97
35.94
14.96
-48.9
11.2
77.32
58.84
24.1
2.47
-62.34
-16.69
-4.66
-11.78
10.07
-31.68
-44.83
-9.86
-25.97
20.82
38.36
-9
8.97
3.85
-9.71
1.5
-130.59
-4.69
0.7
110.6
37.9
9.61
65.17
2.35
42.21
-26.38
-7.15
-9.29
15.87
133.47
-60.22
-10.84
-44.35
-38.18
32.95
-45.52
7.48
39.7
3.99
-12.94
19.06
55.8
-1.54
-7.7
34.44
-57.94
19.67
6.31
36.53
41.58
6.65
-3.04
41.5
-33.38
14.04
1.57
-6.51
9.57
24.09
31
-74.52
-19.33
17.11
-3.43
6.77
-30.5
-11.09
4.18
33.79
-29.05
45.19
16.12
-12.88
135.21
-230.92
28.3
-10.57
7.9
-49.74
-138.28
5.08
1.45
-37.35
15.94
-29.34
-18.81
32.97
15.23
1.32
-47.8
-41.73
4.74
92.59
-8.79
8
14.34
1.06
-39.03
-7.48
6.72
39.48
9.16
29.2
-17.83
-25.76
-29.04
-28.8
7.9
-7.75
14.15
26.94
-40.09
-115.67
5.77
8.64
96.84
17.03
38.59
30.29
-3.47
9.01
-14.73
67.42
49.36
27.54
-3.81
-11.98
-26.06
-2.97
8.93
45.04
-6.37
3.5
120.21
-2.43
22.87
-15.2
-21.45
-5.17
18.45
53.73
9.89
162.71
4.23
-3
9.84
-13.9
-26.85
44.85
-47.23
5.51
-45.7
113.55
8.98
-82.45
12.58
-13.6
77.98
87.8
5.44
-180.03
23.76
-6.67
-14.57
18.13
19.52
-15.29
-69.4
54.65
-190.65
-16.24
25.79
3.95
-6.47
11.55
181.82
-17.87
9.37
1.85
2.32
-58.26
37.18
-10.06
-13.24
49.36
-22.12
5.24
-31.38
10.83
-28.57
-9.07
27.84
3.52
1.47
-17.2
-38.35
-73.35
-104.21
-3.1
13.37
-15.78
26.72
34.22
-123.15
10.13
7.82
-23.16
6.34
26.27
-150.66
6.98
-12.1
-4.34
59.25
-32.62
-8.49
-11.99
-4.2
-6.58
58.88
11.85
-9.35
58.97
-0.18
2.35
-22.14
-6.11
-15.28
-71.63
-52.75
0.78
-36.04
-14.39
-23.55
4.8
0.47
20.42
51.69
93.85
16.75
-5.04
-8.83
-7.5
-15.69
-37.4
-9.51
-24.33
-143.38
6.74
12.81
42.07
-40.66
35.95
8.01
-14.25
-7.37
76.23
29.43
4.38
48.7
-6.43
22.22
-16.38
-283.76
25.44
27.45
9.66
-4.68
-11.48
8.04
12.25
67.11
12.56
13.14
4.29
6.22
-1.68
-34.58
-20.45
75.61
-69.9
44.22
-19.08
-105.62
-7.6
41.09
-42.6
-10.25
-19.6
-70
11.14
-33.73
-14.83
34.23
-48.97
3.01
-8.9
17.27
31.59
100.52
31.74
2.08
-8.82
-52.39
57.65
-0.44
115.72
-13.55
3.25
-0.09
-7.77
5.01
-11.89
-37.13
1.77
5.38
12.44
-19.74
10.49
-8.66
-14.6
-29.04
-59.45
6.93
-11.56
84.14
2.61
-1.7
23.65
9.77
7.75
4.72
10.94
0.4
37.58
-54.14
12.11
-12.8
27.26
48.56
-3.6
41.38
-14.83
-12.23
-47.28
-0.13
29.16
-73.62
-58.93
-88.09
144.42
-0.71
-6.92
-22.03
-47
-11.98
12.59
-5.46
-5.27
12.78
-3.91
-11.05
-11.71
74.78
8.09
25.9
-3.54
1.45
7.03
7.4
-1.95
63.06
6.57
38.14
-2.33
-3
-19.43
5.77
-14.88
18.04
4.16
54.84
10.02
-123.09
27.08
-13.03
-30.69
20.2
0.18
-26.8
-50.49
53.94
8.55
58.02
-71.92
-115.31
85.6
-2.9
-8.46
52.29
12.57
0.07
32.12
6.93
-16.95
-4.3
4.38
6.27
-10.93
38.65
34.72
31.09
-48.19
-115.04
8.08
11.35
9.71
-9.81
68.38
-13.27
-102.41
-32.2
0.12
11.78
27.71
-8.35
9.06
-71.27
72.91
10.51
56.26
-5.1
59.64
-120.93
-12.38
2.87
24.87
13.44
-187.83
-4
78.75
-11.74
21.43
19.84
-53.52
49.04
41.74
-2.87
64.17
-164.68
44.01
9.54
5.4
10.33
-6.86
-53.31
-109.56
39.98
-32.83
40.42
-0.23
30.23
42.19
6.52
147
4.14
-86.73
-2.29
59.55
-1.34
6
-27.49
-24.59
51.47
67.19
-41.25
2.91
-145.71
-2.61
-6.53
-313.1
11.85
-2.28
15.46
52.6
-2
3
-7.78
89.27
-45.89
1.24
28.1
-3.21
27.3
5.08
-5.46
-4.54
-86.51
5.98
10.69
-12.51
77.8
-6.45
-144.22
-30
1.67
8.72
15.63
-9.29
10.3
-11.68
-91.34
8.67
13.63
-32.06
31.97
-64.66
-24.22
-23.16
-6.58
-8.99
48.41
0.03
5.69
3.72
-71.68
-28.84
104.05
-18.5
-4.96
38.04
16.5
37.52
38.39
59.4
-12.02
4.51
-6.44
-10.11
108.8
-12.45
29.95
-10.81
7.79
-87.47
11.63
4.57
-2.1
11.81
-0.89
23.88
154.89
-50.82
-7.76
16.25
15.25
62.48
8.57
-12.07
-4.64
-12.37
9.49
-3.94
15.8
5.35
31.55
-14.14
-38.83
41.46
7.33
-7.13
-56.06
103.15
-74.64
-15.95
19.08
52.18
38.22
-38.27
-8.77
128.31
11.84
5.24
-56.63
-3.62
-14.8
160.8
9.21
-21.33
-20.3
22.14
22.43
78.42
6.26
-2.72
38.58
-1.68
111.64
-35.94
11.2
-89.11
-20.9
10.05
24.5
-11.45
9
9.11
-4.03
-1.79
-1.56
50.44
13.84
10.61
30.13
-6.69
24.9
-15.97
-64.05
-59.56
85.68
39.29
-9.55
-7.08
-46.88
-10.75
7.76
10.44
-18.2
34.4
0.77
122.04
37.99
0.59
-9.01
-15.36
-4.39
-4.33
1.08
11.21
91.58
-2.01
-124.4
-57.52
43.42
-3.22
-77.58
-3.15
15.84
59.96
168.07
-109.27
7.41
-38.75
-22.8
4.97
-21.87
0.36
2.12
-51.12
19.3
-1.78
87.51
-20.37
9.21
19.37
69.82
-21.99
-1.71
2.93
-19.8
5.14
41.24
-102
76.63
8.19
2.55
99.42
-5.96
-168.55
-6.82
23.77
9.26
-10.38
-41.28
98.23
16.38
9.33
73.62
51.15
-55.32
104.6
15.24
0.74
-2.39
-6.56
6.02
16.81
-5.3
-4.72
40.83
-6.2
-174.18
28.69
-45.33
4.88
5.76
-30.14
16.6
12.63
-11.98
2.11
7.14
-18.12
90.25
-49.24
9.06
-0.3
70.98
21.74
-6.96
-11.24
52.56
3.56
49.62
-30.18
-0.83
12.83
-40.26
-2.85
7.64
1.1
8.25
42.11
-3.53
-19.5
-10.13
-4.7
8.38
6.04
48.64
-7.17
73.58
5.83
-119.14
-54.24
-41.4
24.39
-0.63
-0.47
80.43
-28.17
5.1
-1.56
-10.51
-1.41
-47.86
-20.34
-9.75
17.06
32.42
16.48
43.97
-7.94
-43.63
-65.03
-30.16
-100.92
-0.9
-58.67
-106.96
5.95
-7.97
-59.5
-4.95
-110.33
96.1
0.72
-13.88
9.22
1.93
-1.12
71.93
6.86
4.69
6.02
-14.46
-9.37
67.63
-1.4
-6.46
4.02
94.6
13.22
-89.46
1
-11.82
-5.04
56.41
6.68
159.76
-105.85
140.8
13.85
-104.66
7.92
44.19
-0.62
-8.44
6.89
42.23
40.92
-11.54
9.7
31.37
-12.71
64.27
-134.38
8.98
-55.11
-24.5
29.78
4.92
37.86
-67.3
10.31
100.59
32.33
-0.78
-42.36
3.91
141.76
65.19
40.18
19.69
26.17
127.4
0.84
-15.76
53.58
-9.61
-7.92
17.8
5.92
9.46
-16.09
97.82
10.66
-0.04
-27.56
23.93
14.33
43.09
57.41
-109.21
28.94
-6.02
3.73
-18.05
16.27
-15.88
16.03
5.94
3.11
62.78
76.16
16.4
-15.1
-43.88
-13.78
-55.3
-140.87
12.23
-46.71
79.84
4.12
13.56
45.62
28.18
-36.48
-18.2
-124.46
83.17
-7.56
-9.61
-200.34
-1.86
6.27
-10.15
6.66
-4.38
-15.3
70.4
1.6
-13.08
23.84
8.26
-40.43
-6.02
56.15
2.08
-137.07
-12.25
-7.61
-1.38
37.61
-78.88
-10.09
-125.24
-64.4
12.77
10.12
12.2
16.16
-43.91
60.81
1.03
35.4
-2.04
-44.44
-10.07
-1.26
-30.35
-10.29
45.84
40.3
-6.09
-8.48
36.42
-13.31
7.06
8.15
59.36
1.36
-20.71
64.77
19.6
-27.15
164.33
-77.06
-28.84
71.57
-6.15
-3.7
2.5
-1.56
16
3.13
-2.68
2.89
