6.67
8.27
9.85
-8.73
30.03
-51.63
-31.14
3.14
-26.94
88.91
72.14
9.56
21.96
-12.98
-32.67
-34.04
40.81
-18.78
44.53
10.9
61.13
-13.89
-4.54
67.75
11.85
-42.09
8.57
-11.82
36.18
-12.43
-9.53
-30.05
-48.4
110.67
13.29
-8.28
-0.17
121.96
-31.54
-10.37
-32.66
-46.57
-26.58
30.03
-30.02
15.15
-148.34
12.83
3.28
20.84
-11.68
53.73
-18.67
50.98
14.81
-35.69
5.71
-11.73
-10.9
4.86
-7
-98.75
8.8
8.15
-32.72
-3.56
37.58
9.38
26.38
0.4
18.84
5.99
-49.03
-10.07
-6.37
-8.9
-4.58
-10.85
-100.26
-19.52
-9.16
7.8
-44.06
5.1
5.42
8.87
-4.24
-36.15
-5.93
34.71
-23.03
49.49
-7.26
86.61
76.62
8.77
27.51
-118.16
-60.42
-7.58
52.87
20.6
6.12
-55.22
103.92
10.76
-11.81
32.63
-20.99
-6.92
0.68
-5.06
12.88
15.32
26.25
-14.37
-10.09
-19.56
21.24
10.53
7.89
14.94
-22.85
-6.92
-127.17
-19.38
7.87
9.78
7.4
34.85
-73.65
48.71
70.65
12
0.96
-10.45
6.43
-8.7
2.38
89.55
39.57
-30.19
58.79
45.48
-14.75
-9.96
-11.34
-13.62
-86.91
8.73
-24.82
8.83
11.23
-2.21
-6.17
14.07
-7.95
24.96
-10.61
-9.1
-178.18
-118.88
29.03
7.46
10.12
18.67
-13.04
-139.93
-0.39
-4.62
-10.74
38.44
43.11
-2.07
23.41
46.84
-0.5
-55.3
-178.45
-80.14
1.12
-75.2
-9.28
11.23
47.92
48.88
-87.42
-14.27
-31.86
-8.88
52.77
-20.29
-19.75
17.01
-12.42
-103.32
12.57
-10.85
-3.22
-180.41
-39.4
54.09
1.8
-232.51
-9.11
2.25
-89.03
9.46
-163.88
71.57
-65.61
-64.25
-17.45
-10.57
-1.85
-5.8
11.58
4.03
-6.33
-4.99
3.13
5.74
-0.46
-67.6
-14.48
-13.12
50.03
-5.71
-15.47
-49.68
-8.53
56.4
-0.26
-0.41
-12.03
-4.94
50.1
-0.52
-19.6
108.82
30.43
-5.66
-9.26
117.74
43.7
36.35
12.98
9.09
-17.82
-20.07
-75.07
10.77
12.11
21.43
1.21
-10.5
12.31
-32.27
5.77
-21.87
52.16
-27.24
58.96
-113.27
46.43
41.44
12.03
-31.1
10.85
-17.16
-1.44
7.77
29.1
-9.26
1.48
-2.51
-53.51
139.46
-93.31
73.07
23.67
-197.05
14.79
-4.03
-69.59
7.75
6.18
-53.04
49.14
-46.65
-22.98
-15.26
5.91
-58.06
26.38
14.04
11.9
58.02
45.41
-6.66
9.27
2.96
13
-18.73
-20.1
116.5
-20.3
-2.03
13.06
-22.59
-4.84
24.41
-29.07
2.56
-133.58
35.15
-23.22
35.28
0.46
123.48
22.46
-7.42
51.16
32.45
-114.39
5.48
7.83
15.43
-45.54
-68.94
18.94
52.9
-6.21
8.45
-43.57
-2.32
3.57
32.06
-17.1
31.32
15.97
29.84
17.79
24.69
59.15
-22.81
-26.91
66.78
7.63
7.96
7.67
-10.61
-24.87
-48.42
73.84
20.94
-9.54
7.21
-2.21
7.02
7.89
17.27
-1.09
4.67
34.31
4.53
86.07
53.67
5.37
0.79
-24.65
37.42
-2.96
-2.64
-62.71
84.31
94.06
-2.43
6.51
-9.13
-0.7
0.54
255.62
-11.01
-0.5
-43.65
30.84
-86.29
-0.54
-4.57
-44.9
-0.53
-1.42
33.15
-4.06
178.1
53.54
58.07
91.52
29.01
-78.69
42.48
8.59
-57.47
8.56
-1.04
-39.91
-9.45
19.41
-8.92
-31.35
-0.01
-40.84
9.55
-39.15
12.56
50.5
9.16
-11.86
-0.95
-122.67
-25.77
-9.9
5.24
-0.07
149.58
16.74
10.03
-47.46
-8.92
-14.44
-36.59
2.58
14
-72.08
59.54
-3.51
-0.96
210.9
-3.04
-38.06
16.7
4.29
-23.27
-58.28
12.49
3.67
-10.24
6.69
49.03
3.11
21.75
3.28
-38.61
-45.53
-4.05
-0.95
8.61
-0.22
-11.78
-31.53
49.65
2.56
10.58
-5.06
2.33
0.09
-9.3
8.33
-130.5
2.12
22.17
14.08
15.06
7.03
-5.88
-4.91
1.09
8.1
11.44
4.71
-5.5
4.47
34.23
13.32
56.19
44.41
-31.9
-22.94
-8.14
-4.68
10.87
-2.23
9.9
105.09
-10.76
2.02
6.26
-16.78
51.83
-87.77
29.69
36.46
2.26
52.82
28.19
-4.95
7.67
140.65
-72.15
-76.25
-13.94
-37.05
9.57
-4.86
-4.22
15.1
-15.34
11.17
-21.85
13.66
23.47
1.9
-5.07
-29.22
-30.52
4.81
-11.13
1.87
1.82
-193.16
-30.14
-12.55
-8.68
-15.12
-11.85
94.62
-7.56
-0.37
16.06
5.16
10.11
5.78
-86.57
8.65
-4.52
8.99
54.18
1.59
-9.28
-3.15
-48.23
11.05
-3.07
-29.98
-37.01
5.43
-31.42
-31.88
-14.32
-25.34
-5.71
14.74
-1.64
-25.5
0.9
1.69
-4.06
1.9
14.47
-5.16
-8.01
-0.15
222.7
10.14
0.91
37.48
92.25
70.44
3.86
-80.06
-0.15
29.38
1.8
25.72
-2.19
-6.65
-6.12
-47.89
112.29
10.41
20.58
3.39
10.79
-7.99
78.48
-17.15
43.19
6.81
12.83
-12.29
-35.45
5.53
12.36
10.82
8.07
-19.6
27.09
8.37
-67.33
-1.83
229.33
13.58
-77.34
-18.57
31.83
-15.56
3.53
-42.73
-84
1
-7.88
-5.15
49.1
-138.79
-57.96
59.87
-16.97
5.77
52.38
-41.57
-7.08
-64.86
1.65
2.1
7.41
-22.17
53.52
5.74
2.75
-4.74
73.81
26.26
-5.72
13.19
25.83
-0.21
-7.17
35.92
-3.51
2.11
17.96
7.06
-2.78
-6.43
-18.87
12.36
7.96
-33.67
-9.59
57.6
1.36
42.66
-9.08
0.14
11.26
27.71
-28.59
-3.44
-30.83
15.04
-10.19
27.88
-24.4
21.73
-13.33
9.95
2.35
20
31.85
-10.2
49.21
-75.63
-8.35
-5.14
14.13
13.05
94.28
-73.84
-7.17
-27.1
41.28
-8.51
49.05
5.87
23.27
-70.24
25.14
19.57
19.34
-27.85
-15.91
-8.69
43.79
11.59
18.15
-11.53
28.65
2.6
-17.56
4.01
-12.46
-68.38
13
4.34
-7.6
33.36
-103.88
-15.5
-94.93
9.28
12.56
9.99
1.95
3.81
-30.49
57.03
1.66
-56.6
-42.24
-5.2
-259.22
8
59.76
-24.27
-8.36
31.14
-3.93
15.16
-22.01
16.1
34.85
-101.34
-9.55
49.22
44.34
-81.73
-25.73
3.31
-5.37
17.18
-45.39
30.47
-12.07
-13.18
10.34
-71.31
40.28
-27.59
27.58
57.63
-76.48
-14.37
-1.27
10.86
-137.51
2.62
62.12
-18.58
-15.9
3.1
46.47
-27.76
0.57
-9.6
9.54
-132.5
-38.81
-4.75
45.71
-5.13
-2.02
-3.58
14.02
30.61
-47.93
21.06
35.73
4.73
6.37
-40.34
-48.92
10.56
-8.75
-5.24
-10.14
65.81
-12.75
-4.75
-9.89
-14.88
11.19
88.52
12.65
7.43
-78.48
-55.38
-2.34
-9.15
69.77
-9.06
-9.38
-40.26
-100.98
17.94
37.19
10.84
-199.08
49.91
-59.41
8.72
-4.23
61.34
-19.39
-151.73
-3.91
-0.17
5.41
36.68
8.92
-2.34
239.4
21.04
70.49
57.97
-14.05
0.29
-9.33
-85.64
-5.11
-12.33
6.4
11.08
5.01
-7.9
52.51
27.04
-54.73
-3.15
-24.09
-29.96
-52.82
9.64
-18.23
61.06
17.99
-10.42
7.34
15.28
32.66
4.79
-15.06
2.32
-25.54
-13.26
-8.8
6.57
1.76
44.82
47.32
6.32
-5.49
12.52
8.35
-28.24
36.15
10.89
-8.56
-12.29
-37.19
-124.85
-36.94
-70.26
-19.89
-23.59
-17.02
39.24
18.36
76.55
9.66
34.46
48.3
6.07
-5.14
8.37
22.88
3.83
98.73
54.8
8.75
-18.84
7.02
11.78
46.82
7.15
22.11
-202.92
-64.45
73.36
1.15
11.49
0.82
-25.49
11.93
22.08
-5.94
-3.31
16.67
53.12
-8.17
-8.71
-4.18
-20.33
7.33
7.46
8.12
45.22
3.84
3.65
-94.61
0.9
-39.99
21.12
36.7
31.28
6.01
10.35
-31.16
94.09
101.69
5.57
-43.05
-29.49
-3.52
13.75
-23.02
130.87
-5.1
16.48
10.99
17.63
9.12
-2.09
42.85
7.49
37.25
1.41
18.11
-2.5
-45.52
-18
-140.3
149.97
-5.41
-24.25
-0.68
-10.04
-10.05
8.65
58.74
12.88
-70.94
54.07
-1.63
-92.42
6.14
-1.25
-31.54
-21.97
-10.44
-17.54
-4.67
2.9
-4.47
-11.89
20.19
-2.84
-82.38
-23.89
40.92
-75.29
-21.29
20.48
7.66
83.2
-19.31
-5.11
0.95
92.45
38.85
90.45
7.19
-8.06
5.99
21.08
-19.13
36.31
66.13
-21.45
39.81
-18.22
-4.96
-23.12
-16.91
4.47
-9
41.53
34.06
2.07
-9.36
8.2
-9.99
-10.46
0.03
