13.69
14.75
13.55
22.74
6.43
-14.37
40.19
-75.54
-2.36
35.62
-17.38
-3.33
84.31
143.29
-36.8
1.38
67.94
25.94
-87.35
2.02
14.31
8.03
-35.84
61.67
-10.99
-0.4
-18.22
-1.58
50.89
-17.46
-7.55
9.7
-0.29
-2.54
-9.12
2.39
-3.06
-101.44
13.69
79.81
-2.9
-5.81
-7.74
16.13
23.75
-21.09
10.04
147.66
19.46
136.26
7.86
-43.54
26.34
-122.63
-23.71
37.65
-29.78
31.66
-11
-24.94
-99.44
11.73
10.77
-62.39
-8.75
76.87
-0.81
5.19
6.58
30.61
6.76
-34.6
-4.37
-10.77
-8.75
5.88
12.9
11.53
51.79
-161.03
9.67
-78.41
-12.05
4.68
16.61
25.25
-17.48
8.29
-18.49
5.78
-110.49
6.87
-14.94
15.9
-38.85
34.43
-8.76
48.35
-1.68
-8.37
-40.79
7.84
-23.07
-6.57
20.12
-13.02
-7.49
14.16
28.19
-27.49
-17.19
16.64
46.36
29.86
75.65
-17.11
-6.64
-0.19
11.9
10.85
-4.68
-19.04
-52.63
13.33
-36.23
26.66
11.13
-9.93
-40.47
-24.2
5.86
-4.04
6.85
1.22
0.81
50.58
-183.86
3.52
-8.47
0.7
-29.35
-97.99
8.56
-43.04
-128.35
-10.29
-4.18
-31.55
58.83
8.9
15.95
-13.45
11.72
-48.4
-25.53
3.64
-9.83
13.27
2.08
2.91
89.34
4.92
6.19
-78.8
0.12
39.58
-153.87
38.94
134.41
-41.64
1.56
-20.26
15.78
-27.71
74.39
-1.73
1.87
90.39
146.48
-68.56
-85.68
279.73
-35.05
-99.35
-9.82
60.07
-8.47
-5.66
-1.05
-29.26
9.61
13.58
-43.68
-4.7
-18.15
-4.16
5.88
19.75
-7.71
-7.35
-25.96
-115.82
-33.86
-3.33
9.12
-16.49
9.35
62.27
-59.19
40.98
-2.97
13.72
44.75
-18.33
-28.96
-4.83
6.56
12.88
-17.75
-43.18
-176.43
-11.93
-10.07
-18.01
7.82
13.39
19.78
21.14
4.59
-46.32
-79.27
-6.43
-28.13
137.82
55.81
71.98
5.54
-14.59
90.59
-13.13
31.55
-196.14
21.61
-49.67
23.98
16.22
14.73
13.27
-42.29
55.63
-30.14
40.31
-70.21
53.93
-35.77
0.96
-0.42
-37.22
-99.62
48.28
-29.61
-2.16
64.46
-50.23
-7.59
6.26
-3.91
10.78
5.73
22.16
11.95
-5
-1.74
-44.95
77.44
-33.58
-45.15
-79.34
22.63
0.82
-101.02
4.34
10.74
-22.59
6.28
13.57
-27.96
31.44
5.9
10.21
11.19
-21.55
-12.56
11.12
72.37
41.14
-2.53
-4.39
172.53
-7.03
-9.12
-23.55
8.57
4.61
-29.39
-92.58
-0.61
10.72
-11.39
-14.76
68.27
-12.7
11.45
0.69
-12.06
9.7
59.62
-5.6
-34.35
-59.44
57.82
24.72
42.51
-30.94
-51.03
-10.49
11.68
-40.88
-46.33
10.4
32.46
8.56
-5.58
89.96
-11.77
63.73
-5.96
17.2
12.03
15.49
8.46
17.3
-80
27.38
14.93
12.02
8.37
45.15
-114.94
0.33
-13.07
-3.1
-79
-13.6
-141.86
7.11
52.16
6.49
-0.38
9.36
-9.44
50.6
-12.56
102.93
3.49
7.49
8.72
-3.37
66.95
-53.8
10.83
71.86
-50.69
19.76
58.96
-8.79
55.29
8.79
7.41
-4.2
24.43
-3.72
-11.16
25.2
45.51
-28.96
50.93
26.18
6.37
-2.12
124.07
10.14
-59.87
48.95
48.8
66.86
0.09
6.41
1.47
28.42
0.29
63.94
-10.35
24.82
6.05
-32.54
4.29
47.51
-23.12
-12.06
47.06
-66.68
13.06
20.98
-7.32
-47.17
-138.81
0.59
-28.8
-16.01
-14.17
-20.4
-25.61
6.76
6.98
-76.7
0.92
98.52
17.06
-8.76
-9.47
-8.95
112.85
-2.72
-40.79
3.48
7.09
7.15
-1.78
-28.01
-63.85
40.96
-2.99
-2.83
-71.07
-30
-0.18
-7.1
-3.65
-85.84
-41.05
-119.15
1.4
375.13
-18.85
-9.6
6.92
-18.75
-9.28
-131.25
-39.11
-11.42
17.5
-15.14
2.53
-4.12
9.99
8.03
10.93
-9.62
-6.06
-14.41
15.67
-80.58
-90.89
-71.45
98.6
-84.43
8.08
2.64
-1.04
40.69
7.2
7.3
4.89
-5.01
-31.33
6.56
69.27
10.54
83.77
-1.28
6.16
-5.52
18.01
-114.59
28.56
-3.91
-6.79
7.82
-56.17
59.23
3.23
1.19
-6.51
32.04
80.6
20.96
7.41
8.62
-58.03
56.4
-2.63
8.59
20.74
-13.94
-4.4
15.64
-46.66
-17.34
-26.78
-25.91
125.49
3.77
22.04
-6.55
-7.59
6.39
-22.4
14.58
37.94
14.61
69.43
43.19
-14
-46.35
9.87
-67.92
2.3
-23.03
8.3
100.34
-4.41
8.15
-6.66
-28.63
52.26
12.46
9.71
17.13
50.19
34.62
-92.35
83.06
-3.07
8.49
-90.86
3.13
-83.27
7.82
48.4
-21.97
18.84
-134.13
-54.72
6.21
-4.55
13.19
-3.74
3.36
49.12
-46.31
16.44
-9.94
8.39
-221.15
-76.82
-10.35
-2.43
13.22
13.95
12.58
6.45
21.33
-6.95
70.12
1.35
32.06
-7.12
12.28
-8.51
-28.63
1.72
4.68
-2.14
2.08
-4.3
-15.51
81.51
-3.9
16.04
35.4
-0.09
0.62
12.34
34.34
-39.64
-54.11
25
-4.32
-7.52
-78.95
37.18
-23.45
-15.53
-4.58
-31.27
-6.33
-3.55
65.22
-31.84
-37.4
18.9
-7.22
-6.43
-65.6
16.23
8.67
46.55
-11.92
38.18
-32.59
11.89
-5.67
-11.93
-7.49
-1.46
-4.09
40.54
13.76
65.92
29.28
45.82
103.2
41.46
-107.67
-23.79
43.93
-87.33
-1.52
-7.54
-30.45
58.11
-29.81
-13.26
6.73
2.55
4.36
-15.7
-69.84
30.76
-10.09
8.77
29.07
55.47
4.63
-10.29
8.12
-6.77
82.95
-4.13
-16.62
67.09
0.06
34.38
-12.07
-3.65
46.49
11.42
-148.79
-174.43
-7.94
148.14
1.57
-2.25
-4.42
-3.9
-40.66
-14.64
28.44
-67.05
8.69
38.62
-7.79
-0.63
-7.86
-42.11
-131.46
30.52
-129.77
48.66
12.03
11.19
-131.48
12.21
-16.18
-20.47
7.28
9.35
135.04
-144.89
-7.47
3.31
-1.26
-49.53
10.32
56.3
-16.13
6.09
-0.74
4.09
30.02
-1.74
35.67
46.62
-24.57
12.61
-19.44
-22.75
23.42
59.64
-16.73
0.62
-52.99
-51.23
5.37
-62.57
3.21
10.59
-88.63
3.39
-5.91
0.27
10.99
-0.06
41.3
17.19
1.3
4.51
-0.97
-28.44
-14.56
-37.24
-6.6
31.21
-5.04
20.56
-37.26
-29.65
17.96
9.75
1.7
-140.47
-11.5
5.03
26.91
-78.46
286.23
-48.22
-4.51
24.69
8.38
4.91
9.37
-4.81
50.65
-64.85
1.87
-2.29
-2.81
34.1
17.23
50.69
-9.08
61.69
4.37
53.8
-37.59
29.72
53.43
57.59
-1.54
-8.85
-22.83
78.31
-164.17
-7.99
20.67
4.26
123.61
-40.65
-23.79
-46.94
-60.02
14.18
-15.26
8.44
-55.5
41.6
11.88
-11.84
-11.99
58.89
8.94
-0.99
12.74
38.43
22.22
51.17
-9.15
8.27
7.29
17.18
-26.49
4.58
7.46
-10.39
-16.86
8.29
-6.62
-11.7
78.71
-10.55
-3.42
-9.48
1.7
-6.25
-32.14
-2.29
61.25
31.32
-4.06
5.13
6.87
6.51
-13.33
-4.34
-4.61
7.76
5.5
-15.31
19.69
62.32
49.25
5.66
39.87
-15.35
1.83
-5.61
-12.82
5.47
-81.12
-44.15
136.53
47.65
-13.88
3.49
4.2
-55.52
5.99
143.58
3.3
-51.78
-13.74
28.8
2.39
13.79
-7.98
-7.76
-3.97
-49.41
-11.05
33.03
-14.12
-26.16
-34.59
83.57
9.07
-16.22
34.46
-5.68
-165.99
65
92.95
-4.62
11.11
-40.56
45.85
-12.96
-35.25
4.96
9.7
-62.42
-0.35
9.15
2.21
-55.24
4.21
-44.31
-6.11
7.02
-176.63
19.66
9.3
66.41
-1.35
4.42
-6.09
-2.69
-16.78
4.6
-9.02
46.77
-11.35
26.55
-59.48
-8.83
27.42
-39.12
90.66
8.75
-20.95
26.49
-4.88
-14.93
114.63
-155.11
6.04
-4.63
-6.08
16.04
17.72
48.17
-123.59
29.74
-4.33
21.29
37.74
48.21
11.84
-5.85
15.7
-42.59
0.95
83.44
-32.35
-3.4
6.71
-5.89
-15.39
12.88
3.27
43.02
9.85
4.12
-4.49
-41.06
75.82
8.65
-1
67.65
9.71
13.6
-74.03
20.03
80.58
7.38
-7.96
24.42
-5.36
-22.99
16.6
-16.95
-10.19
22.84
38.03
-62.49
-0.01
-3.28
70.47
96.33
204.11
-16.22
3.65
-28.97
56.29
90.52
-13.93
-69.81
74.44
11.62
-47.97
-5.63
91.61
-19.71
22.72
-11.72
34.43
44.66
-3.99
-167.15
-40.91
-94.95
71.75
-123.51
32.18
-0.8
-32.45
8.73
15.01
55.2
-1.27
3.94
8.41
