-16.97
40.44
9.85
-15.02
-4.72
-217.22
16.33
2.56
0.35
-27.95
63.42
-93.17
10.32
-17.7
6.06
-4.84
-7.55
20.91
7.66
-64.27
-13.05
-26.89
-32.29
62.04
49.18
37
31.26
11.26
-36.73
-4.17
-31.05
-33.2
6.41
16.19
-0.52
29.35
47.59
-42.65
66.98
9.46
-6
-4.96
23.21
-108.01
54.97
-22.51
-0.7
-14.76
-63.31
-6.24
10.68
-36.49
-2.79
3.18
-1.86
7.64
8.51
-7.3
2.06
-20.03
31.5
0.16
-6.97
42.07
15.69
-32.2
-160
-31.9
-9.88
33.31
82.83
14.61
-13.94
-5.46
36.43
99.53
-11.62
-27.19
53.28
38.03
9.69
8.74
-78.02
5.36
4.05
83.71
14.4
43.99
86.66
28.48
-44.95
-7.77
-116.59
-46.07
-0.56
-91.58
-12.91
-18.28
5.91
3.93
9.46
-3.76
69.9
-3.52
7.85
-8.29
-2.45
11.62
118.29
48.37
-10.82
-4.38
18.07
4.25
1.48
277.29
-0.37
55.73
-25.28
9.87
-12.94
4.63
-10.27
6.61
-87.49
-4.76
71.08
1.6
4.48
1.77
79.79
2.15
80.56
18.93
5.99
11.09
6.33
-14.12
-192.48
31.18
-23.32
-4.69
-13.09
25.21
4.83
-21.67
14.63
-0.33
-2.86
-5.05
-14.5
-98.72
11.64
-19.8
-13.72
8.75
96.48
-14.09
42.33
-37.13
-44.22
60.16
5.8
1.07
32.27
16.63
-10.72
22.13
9.75
14.69
-1.9
6.26
-2.82
13.87
16.71
26.45
-25.18
-5.03
-17.96
5.77
13.12
-26.57
4.61
34.66
-55.5
34.65
123.76
-44.19
58.51
-37.61
49.15
27.32
-52.36
27.94
6.96
-44.38
-9.71
-74.28
95.3
24.98
-15.25
142.29
14.42
19.62
32.69
-6.85
-24.16
141.53
-23.09
14.65
4.82
-96.73
-5.32
5.51
11.78
16
4.94
-89.59
5.63
-42.54
15.01
7.78
-2.35
-14.36
88.29
1.84
-7.78
-2.34
-10.22
12.02
-77.51
7.26
127.28
5.47
21.74
10.58
-8.73
-5.1
86.1
56.25
-54.99
-48.21
-21.36
44.48
7.03
-173.88
4.91
-7.35
-2.37
-59.83
-52.81
8.87
-66.13
-369.07
2.91
-5.08
13.64
-15.44
66.59
-3.47
-8.98
-4.64
15.6
-0.97
-10.9
-0.16
-13.93
-16.98
36.48
-73.5
5.52
-25.13
-44.65
-6.97
2.14
-13.13
-15.31
-70.05
-57.05
-129.69
-44.68
11.4
10.58
10.96
-0.53
20.15
-2.14
4.85
45.43
50.94
-4.89
99.06
-17.25
23.34
-139.15
21.92
-156.62
5.98
-13.83
9.24
1.17
158.35
-12.89
6.85
-40.34
-19.96
-2.54
46.47
-5.92
318.28
4.43
-27.95
5.82
-38.4
5.64
19.1
-25.83
-14.14
5.91
62.68
13
46.86
5.8
-11.09
-0.15
5.49
18.65
0.69
2.38
36.94
88.65
-41.18
-11.56
-77.27
-0.65
-88.65
-129.82
-141.49
-5.5
11.58
-39.75
28.31
-38.65
-14.16
-32.14
2.88
-93.97
-4.32
6.79
1.62
-12.52
13.48
17.86
70.75
5.22
125.7
8.24
-11.05
22.14
5.8
5.81
2.82
-10.81
-4.75
45.52
-0.63
6.68
-21.44
1.02
8.66
0.16
11.52
4.65
2.82
6.02
-15.59
13.78
40.76
-3.52
-14.85
-9.36
88.92
2.09
68.65
28.92
-15.46
-0.79
9.88
-140.27
-4.79
99.96
-6.03
-8.46
18.01
-7.22
-0.78
6.49
9.88
41.66
12.36
30.93
0.67
9.54
-8.47
6.4
52.3
98.92
0.02
-6.46
-92.69
-36.01
-7.75
43.08
-61.18
17.3
21.46
4.08
-6.94
91.91
-88.25
-9.83
5.64
-43.83
10.41
89.18
26.75
10.53
20.57
15.83
-42.46
17.61
17.1
46.61
-96.86
10.38
75.65
186.22
55.93
5.79
1.91
85.6
11.7
-6.05
-40.1
-39.41
9.08
34.93
20.64
8.96
-63.7
-7.9
10.59
2.76
2.87
-9.01
-74.53
7.27
45.79
10.95
2.87
-0.45
10.75
-7.25
-10
95.33
-175.19
5.66
-7.8
7.46
-22.73
31.13
-12.51
27.76
6.75
19.39
-7.57
5.29
2.04
-27.46
-40.73
9.65
-3.7
3.22
-54.12
49.83
59.22
-174.54
28.28
-0.85
-32.15
39.76
12.94
39.1
57.51
-22.97
67.78
21.67
44.09
-10.47
5.46
4.21
-11.45
67.99
45.51
6.75
13.2
-0.13
-69.56
-141.64
2.49
-0.19
17.71
3.54
-110.86
26.83
51.7
-2.15
-24.16
10.56
7.87
-0.98
87.7
2.9
48.92
-12.56
-72.54
24.42
17.48
35.44
-66.82
49.06
-150.66
13.72
50.82
-3.4
-12.55
0.82
22.06
7.34
-11.45
-11.72
-11.2
-49.26
11.34
-12.79
7.71
-2.65
49.37
8.7
-83.62
-67.95
9.76
-3.82
0.92
-24.73
48.37
-39.63
-33.61
-8.37
11.71
-37.14
-2.9
4.19
49.97
2.31
7.43
-63.81
11.86
-1.49
12
67.15
0.37
-56.78
9.98
9.02
9.83
-4.68
136.6
-36.36
11.2
-11.23
80.07
-55.63
-105.98
-18.37
-61.32
-17.13
-3.3
27.07
5.16
-141.24
10.44
-64.24
3.73
31.55
40.84
38.03
23.79
-11.16
14.3
26.91
-16.4
-61.66
-18.51
4.12
-53.21
-149.64
16.22
-8.94
71.96
12.06
10.31
16.12
54.92
-1.02
-26.69
-68.66
0.9
-9.69
128.16
-3.05
-14.71
-42.71
4.92
-19.1
-29.77
-14.36
-2.35
14.62
-128.37
-17.86
49.55
32.83
-44.02
8.45
-47.19
-58.15
10.96
-5.33
27.72
10.92
-144.45
-11.28
18.83
32.21
-17.21
10.34
-7.56
-8.48
19.58
203.8
9.52
11.3
-10.96
34.34
41.31
17.32
118.93
-46.25
6.88
20.73
4.41
-2.47
34.16
-159.49
-135.44
17.5
32.22
-8.57
-1.86
1.96
4.75
37.31
-11.4
-23.5
11.55
0.24
13.36
22.63
-4.46
4.98
85.61
29.14
-18.45
2.85
-1.17
6.81
-11.34
-7.33
-157
54.9
43.45
7.08
-6.62
0.95
-64.98
-59.64
-141.52
-90.57
8.79
14.24
-48.59
-40.7
8.43
4.1
0.87
1.54
50.77
-8.87
-2.23
-1.61
6.61
-3.15
-5.22
-40.59
39.17
4.99
0.54
61
6.32
43.36
64.64
-43.93
-34.37
-11.58
-40.99
7
-8.61
-46.15
-50
7.01
-35.43
8.61
8.19
-13.89
19.17
-39.29
120.32
-6.72
34.06
2.94
-21.95
-15
179.46
14.71
-32.7
-0.61
-6.18
-10.82
-133.48
14.6
2.56
-31.12
-7.67
43.56
-24.62
6.68
-26.52
-105.85
21.68
5.99
8.82
12.23
0.02
8.65
29.9
-32.42
5.51
-38.47
-34.19
-131.36
5.07
0.16
2.43
15.27
-34.14
-1.57
59.83
9.3
-29.19
-63.8
-97.79
9.61
-11.22
66.16
-19.89
15.71
-64.88
11.95
6.91
-25
65.36
7.68
11.74
-8.89
19.86
-36.48
-16.38
-10.67
-27.59
79.23
1.18
3.19
-99.17
3.34
-40.35
70.87
47.88
-18.96
-19.22
12.05
-1.74
-25.03
5.98
72.7
19.52
-50.11
-6.6
-14.78
44.04
-3.95
1.96
7.57
18.87
-2.31
10.97
25.09
-14.16
19.19
-12.73
5.52
46.62
27.3
70.76
4.57
-14.28
7.34
-11.86
3.93
2.45
-53.72
-3.37
14.39
1.32
50.77
1.79
72.34
-10.96
33.02
-42.76
-156.35
111.38
-75.66
5.45
-6.76
-62.88
10.67
113.59
88.82
-47.49
-3.46
-10.03
-48.85
-13.58
-18.65
7.01
4.81
-4.3
-30.47
-0.82
-1.34
-12.92
12.58
-1.93
5.69
-5.61
-5.93
18.68
-57.53
-9.79
99.55
-46.14
-121.49
16.09
15.34
-41.49
-0.6
-14.71
35.07
36.81
10.66
31.27
-66.7
63.64
26.21
-3.14
-9.82
103.63
-2.2
-11.71
1.73
38.53
3.09
-79.21
76.64
0.37
33.08
-3.36
-15.03
103.47
10.44
2.88
-45.96
39.04
0.65
58.88
42.93
-14.9
-29.94
0.59
8.13
-56.46
-39
18.73
2.9
-8.92
8.22
3.71
2.24
-4.61
-28.71
30.38
254.46
8.22
-92.41
7.03
-48.96
-9.41
0.9
27.5
-7.89
7.1
2.65
-4.74
-113.97
-20.91
1.45
10.92
124.71
-7.75
9.52
-0.77
11.29
-167.37
120.85
21.31
26.3
50.51
-102.88
4.17
9.3
9.58
17.34
9.1
31.09
8.16
2.83
41.25
2.65
-53.12
15.31
21.83
-19.11
32.41
-3.18
-2.68
-77.19
-11.75
-1.6
65.62
-88.24
-39.12
-128.84
-93.12
-11.79
27.55
-29.82
-9.32
9.32
-13.61
-15.55
-49.38
12.73
-6.16
-18.71
30.48
32.02
9.25
54.96
1.34
9.02
-9.57
31.76
-7.77
24.94
-16.24
-79.34
-1.71
-62
3.42
-1.3
3.96
-12.56
-22.05
-4.05
9.92
101.8
7.79
-47.64
-0.57
30.05
-92.47
10.99
-10.8
