16.44
33.13
-77.42
15.03
-64.75
1.28
10.17
17.95
6.95
-60.92
-5.09
-13.9
18.1
-11.29
-56.81
21.92
1.88
22.9
25.12
-27.66
61.47
-8.64
-69.89
31.52
16.42
-22.89
-4.02
99.59
-4.79
244.07
64.68
-26.27
3.77
36.78
60.62
-8.19
53.23
-141.99
46.81
-36.68
2.26
-41.05
10.27
12.94
48.25
53.41
-16.37
-6.71
49.27
4.16
133.55
-9.59
-79.69
-107.02
40.69
-41.62
10.12
20.33
-40.39
-92.21
4.74
-15.45
-161.81
-1.28
26.7
20.95
0.39
1.05
-17.38
-23.7
-72.16
130.44
-18.78
-64.12
15.07
-62.46
14.74
111.79
9.79
-4.89
0.6
-24.78
-83.29
44.55
20.65
6.02
-9.83
76.27
-13.74
15.21
64.69
-13.68
-45.69
-2.68
-30.12
-6.04
-61.41
-8.41
-7.39
51.11
18.49
3.67
21.96
-157.99
-10.97
-24.93
1.02
-39.03
-9.8
1.68
7.74
39.88
3.44
-12.38
50.41
-0.3
2.17
-8.12
-4.23
-91.51
-170.29
-2.96
3.89
-18.9
-69.76
-6.14
-67.7
-6.01
-22.24
69.85
18.09
12.21
-6.99
47.69
12.48
-13.28
-9.46
75.01
-65.77
2.4
-36.2
-78.98
-45.06
-15.53
-10.56
17.27
6.21
67.96
-7.72
5.4
79.6
-26.26
43.66
-9.16
-24.13
-33.25
-22.13
-23.08
-3.77
-32.35
-11.99
28.87
-73.46
-0.23
61.49
-6.53
-0.08
151.6
-28.73
-29.63
-3.97
8.69
21.26
43.2
79.89
-47.83
-21.83
17.14
-22.04
18.21
-7.28
45.12
14.54
23.58
27.52
-52.23
-35.23
12.08
15.17
14.05
89.5
49.44
-22.41
-0.5
86.63
-12.78
25.22
-19.91
24.45
58.64
-1.09
-13.43
-6.06
0.96
-10.07
-9.42
-0.1
3.83
26.76
12.92
-30.04
-107.64
63.89
-30.13
2.68
11.79
-44.82
-16.64
80.88
-73.69
6.34
121.37
12.43
-11.84
-54.52
-4.74
-36.56
-13.4
-4.74
-7.48
-21.06
80.97
1.41
10.24
-90.4
-22.06
25.81
29.08
-12.51
-8.01
-6.49
-0.55
116.52
-39.67
83.99
-47.47
11.89
-4.82
20.42
5.88
34.46
-12.56
-36.07
-78.84
-20.12
-9.14
9.79
30.1
-1.78
9.16
38.75
57.9
80.78
7.93
127.76
-7.51
11.34
-1.49
7.04
9.14
2.59
17.34
-8.82
-14.94
65.68
1.7
15.17
33.09
-32.98
-44.8
75.32
11.22
-340.2
-20.79
27.46
-136.82
8.99
-7.53
7.52
-605.17
-18.54
-29.05
15.22
6.12
-2.42
-31.85
3.51
-13.86
-144.65
-132.58
83.74
-13.7
56.76
-6.36
3.3
-66.77
-2.26
7.44
-7.12
-92.78
52.81
-7.29
-0.4
37.35
-9.47
12.25
-3.72
-4.31
14.43
83.1
0.41
46.57
-27.28
-12.22
91.53
-67.84
0.59
48.55
-11.93
9.25
-32.54
39.52
5.6
20.06
11.59
0.88
6.88
13.76
-91.08
-58.88
-81.7
41.28
-11.51
7.16
3.56
16.91
-23.37
-0.98
-24.79
1.53
0.38
38.27
-6.25
60.19
11.4
-10.29
-4.13
7.53
-74.72
-11.27
16.96
-89.59
-32.74
-3.01
18.58
-9.35
17.78
88.96
17.41
-3.7
13.03
-15.07
33.63
-127.5
11.49
-58.71
-44.39
47.69
41.93
9.59
-1.32
7.11
5.8
-3.36
70.38
28.64
2.25
23.24
-71.51
-251.23
94.43
-9.93
-0.45
7.74
-133.15
114.73
-0.81
-11.17
-9.36
-30.1
33.88
1.42
-109.32
53.86
-12.37
25
-167.37
5.97
-40.47
122.59
-5.69
-6.16
10.11
-50.74
41.23
4.88
11.71
15.56
11.85
0.51
-187.79
-15.12
-73.9
-9.17
4.76
65.23
-12.15
154.69
-152.7
21.22
8.94
-318.15
12.61
-28.85
-61.22
76.79
8.71
-11.69
17.45
40.55
6.04
5.34
-5.9
-4.29
3.18
-4.63
-25.12
-3.6
-44.99
-8
39.69
55.59
-8.22
2.66
4.29
-33.1
26.46
-6.43
-1.09
-8.59
-18.54
17.09
6.23
17.11
1.53
6.89
2.75
7.38
7.86
4.42
0.82
-125.19
-90.46
-4.91
4.27
15.84
24.93
8.47
-9.7
-10.48
-11.42
-4.28
78.44
-3.76
18.76
-1.6
-4.69
-26.83
25.97
-93.55
-8.09
4.03
11.26
-67.85
10.57
-19.39
9.32
-81.05
-2.38
14.49
-148.35
18.63
9.23
-136.61
-164.75
11.58
32.42
-1.02
-0.64
-81.23
-12.13
11.75
-7.81
28.96
-9.95
-54.32
5.83
9.31
8.73
113.04
-6.06
-6.83
-4.31
6.07
9.71
-32.33
-24.85
-15.26
-12.84
9.86
71.15
-61.15
-17.23
12.41
-104.49
7.46
-43.39
-6.52
113.79
-10.39
4.84
4.7
-17.51
-31.7
-8.23
-8
99.53
-1.38
-11.22
28.39
89.61
-77.9
-8.75
6.93
3.52
-32.13
87.78
8.33
-43.26
-82.2
22.84
8.46
1.03
69.36
-41.78
-6.82
22.13
7.14
11.34
0
-9.81
10.04
-2.65
33.8
10.32
6.27
4.53
-13.51
-18.06
-30.77
51.78
-85.69
-5.59
-30.27
-82.83
-43.63
2.77
7.91
-12.89
10.16
12.81
46.5
-10.05
-29.74
-52.18
10.78
178.41
10.1
2.94
16.32
-18.58
-13.35
9.29
32.85
-16.25
-7.48
42.16
12
-48.44
10.62
9.2
-15.37
-16.99
-40.43
-8.89
-66.52
20.42
4.78
-5.82
-48.22
-5.23
40.6
43.55
33.3
5.31
5.71
-28.96
5.67
20.32
-4.73
51.36
-30.34
6.56
-10.65
9.23
-46.64
9.19
-24.97
7.27
1.73
-5.42
23.64
35.62
38.99
-0.85
26.95
80.51
-10.15
4.42
4.1
-4.68
-4.33
15.21
-15.26
12.99
-22.99
-29.26
38.99
16.44
142.96
38.89
-73.07
-49.6
1.15
34.15
37
7.02
4.3
-5.74
49.92
57.51
-49.58
-18.26
5.84
54.23
5.3
-2.08
71.93
19.64
12.25
-5.76
0.6
-27.61
5.59
1.51
-5.09
-78.11
-66.96
-1.5
11.26
-25.44
-7.92
-0.34
-2.8
-4.82
-91.81
14.87
87.3
24.47
-8.74
11.94
54.09
10.5
118.2
3.21
-9.81
7.4
18.38
-96.37
86.34
6.49
6.04
-5.63
-8.48
0.75
5.53
-43.8
13.39
23.48
23.39
-147.57
69.75
8.86
-51.35
23.04
24.12
-14.4
11.37
-12.78
29.37
-119.18
-32.3
-9.78
55.32
40.67
92.65
-11.55
39.98
14.79
12.56
-1.23
-11.05
6.53
58.72
-7.81
-1.93
3.88
7.44
28.97
300.89
4.84
5.29
-59.04
-12.41
-5.54
9.69
32.68
-0.47
-60.86
104.11
-52.57
-4.37
-3.54
-149.76
2.13
-1.4
-0.77
-8.63
18.32
12.82
-0.65
2.45
-32.2
9.42
8.68
1.13
2.12
-7.89
-6.26
-9.54
-9.77
62.57
-10.02
11.18
34.3
-12.87
74.51
1.69
32.98
9.22
-11.18
-8.6
15.04
13.43
-113.1
-38.42
-28.06
196.1
-26.75
-51.19
-3.08
-10.6
-65.02
19.29
-7.17
-6.58
5.05
13.36
27.16
-8.33
17.3
-7.57
9.97
78.48
28.76
5.51
-22.61
-89.89
33.8
8.81
-18.56
-52.74
4.22
68.65
42.08
-47.42
-43.88
12.17
-193.74
-151.89
-11.83
7.86
13.76
-120.7
4.25
8.36
-20.61
6.93
-5.81
-11.48
-12.38
-24.3
-8.45
3.73
9.4
-10.14
34.05
-0.82
-9.54
1.14
58.13
-96.26
11.89
-127.77
9.15
-27.06
-2.62
4.14
52.12
36.6
-34.59
-123.41
33.08
-23.39
26.29
-45.65
-12.18
-8.95
18.81
-12.05
-0.75
6.86
-0.13
-15.3
-18.66
132.69
-10.93
-0.63
-9.31
-8.48
6.67
28.75
35.18
-32.74
-1.54
71.46
-58.61
-15.08
-16.44
-13.88
-5.49
-86.5
-44.74
-10.28
-59.92
11.25
7.5
22.33
-0.64
-27.69
-35.47
16.02
-12.39
54.47
44.95
-6.76
-29.79
8.77
7.02
-34.18
-129.77
26.75
-67.59
27.36
6.38
-10.12
-172.11
132.57
30.47
-87.62
-33.21
-75.55
-7.18
-10.1
-2.35
-13.57
6.02
-40.33
21.15
38.11
-8.75
25.69
-33.98
-14.34
-16.02
-38.73
31.76
-23.84
-39.12
15.51
3.2
-19.92
22.83
-7.36
-7.44
46.66
2.97
1.21
-10.84
11.39
-5.01
12.73
2.81
-5.5
7.76
-1.86
-151.78
-24.35
10.06
23.01
-45.59
75.55
-13.34
-29.3
12.59
8.04
-44.22
-41.99
62.87
10.56
6.8
-3
140.65
4.73
6.69
13.57
-6.95
-10.6
-39.98
40.81
6.48
9.66
-6.81
170.43
9.5
74.17
-42.47
-9.26
79.74
11.32
82.48
-41.87
98.61
100.53
-27.49
8.98
-5.27
20.99
9.2
42.69
61.31
-6.33
10.64
-4.93
52.48
-20.74
4.12
-8.53
4.22
7
-56.26
26.46
-124.15
-5.62
10.23
2.54
13.48
-26.11
8.57
-1.41
18.74
51.59
-7.28
60.49
