-5.15
44.96
11.53
-49.33
2.96
-0.69
19.11
-17.58
17.63
0.81
12.49
-17.9
-16.68
-89.33
17.68
54.25
48.11
49.39
-0.22
-10.15
105.59
-42.3
11.48
73.65
51.51
11.15
20.9
8.06
-3.58
-32.85
-25.89
86.94
10.39
-8
-32.72
11.76
-11.37
-30.08
-6.44
116.67
-36.98
-4.11
-6.3
5.13
-16.17
-137.14
-9.14
-0.23
-116.71
11.85
-12.62
-12.21
-3.9
-63.76
-141.07
-44.26
8.58
2.32
32.65
-14.08
-71.32
40.31
8.5
7.87
35.14
-11.7
-51.25
-126.36
52.17
-50.76
25.11
81.69
1.36
-13.71
6.97
21.65
-13.16
-18.24
61.79
49
3.11
-4.87
-1.12
-34.55
44.67
0.59
12.02
-80.91
25.48
-3.36
52.5
-24.71
9.79
4.14
23.63
98.91
-99.83
13.5
10.39
-6.15
-17.29
-3.52
16.57
-15.19
-13.38
10.35
39.02
-6.89
34.81
139.81
10.33
-48.17
12.14
-33.2
-22.55
-9.31
1.43
22.44
6.76
-5.07
-16.91
8.58
-22.22
10.74
5.04
67.13
-73.4
-65.29
-180.2
7.13
7.63
32.25
38.83
-4.41
-7.55
38.62
36.29
10.68
-10.76
3.62
-35.56
-127.23
16.34
46.01
32.27
-81.24
-14.19
2.87
78.46
35.86
11.18
-42.1
11.02
-44.9
-51.56
86.44
85.54
-5.32
4.6
-128.79
-6.94
24.89
-8.13
-130.19
-9.85
-54.42
28.3
43.11
-5.16
3.62
-8.46
5.52
-71.1
-42.98
11.79
-4.69
62.19
-50.58
-2.31
-20.64
55.07
-10.13
-50.16
4.07
-12.3
7.3
51.51
1.58
35.52
-7.45
7.53
-33.29
-45.46
10.41
-47.03
-31.74
-20.65
189.11
12.63
24.58
15.29
-16.89
-0.01
0.99
-2.97
113.35
0.08
-6.06
30.3
-6.76
39.08
27.27
-11.16
-11.45
18.88
-11.42
12.56
8.35
-1.98
-8.8
25.2
-2.63
-1.2
48.53
2.54
-212.71
-5.01
2.78
-2.19
39.57
37.9
38.28
-8.33
52.92
-9.76
-7.03
-2.95
1.91
-2.77
-67.31
-10.12
-9.07
36.96
-3.97
6.92
-22.5
-45.34
-8.87
-47.26
39.2
7.04
50.45
34.26
-6.45
32.05
2.11
13.33
10.2
-24.34
-3.43
1.67
-31.15
2.98
-4.4
14
-17.14
-0.19
12.92
-9.74
6.66
-2.59
-57.56
3.35
-3.27
-7.59
-8.73
7.36
36.49
9.45
-129.35
-15.53
127.32
-11.43
-2.28
-50.43
5.3
53.04
52.01
-38.32
-158.03
16.86
-2.63
12.69
103.82
33.44
-218.7
7.88
-10.13
71.05
47.59
32.86
39.56
0.36
-27.47
-278.69
23.84
2.33
-69.19
-2
-24.77
10.89
11.66
6.52
62.03
-26.18
34.04
-12.52
12.14
-9.77
6.66
26.16
-190.06
-5.1
-86.35
12.19
10.93
24.38
8.15
-7.95
-17.47
91.17
9.99
-3.56
31.88
-19.35
4.07
-121.99
-26.28
-28.04
2.56
-38.57
5.52
8.8
-18.61
-22.87
-12.65
21.6
-10.53
-8.97
-3.68
29.99
-25.73
21.9
-7.27
-25.41
-8.56
85.13
-66.87
9.86
-18.55
68.58
-7.33
2.01
32.2
72.97
-60.35
20.95
-224.71
7.56
1.92
-4.34
2.04
3.1
-15.91
4.94
-10.12
-24.97
4.21
-8.13
-33.12
60.27
-106.35
12.46
49.2
-92.8
-8.69
-11.71
7.32
7.86
-7.4
-22.54
15.41
10.29
-35.73
-15.35
-10.42
-2.21
-2.29
177.93
-9.06
-62.72
6.79
5.93
8.7
10.79
69.31
-41.08
-11.58
-4.31
-3.9
18.77
0.23
1.53
22.86
4.03
99.51
62.2
31.83
-68.84
48.44
5.62
7
2.86
-11.99
7.5
21.68
21.92
-5.75
7.99
-9.09
-6.07
-2.46
2.54
-67.3
-48.4
-14.27
-11.47
61.97
-6.3
9.05
14.53
-16.71
-2.13
0.43
-13.8
-2.8
128.3
29.6
10.25
102.07
-2.39
11.08
-10.84
6.17
-5.53
38.22
33.44
-64.27
19.38
69.33
74.24
-12.21
-3.06
-8.27
-98.3
10.27
41.51
-8.16
3.87
-35.97
-111.1
-0.26
3.79
8.69
-15.2
0.43
55.31
18.88
-34.59
-5.28
-18.97
-10.61
1.54
-107.19
-0.32
-23.09
-72.44
16.58
10.33
28.84
27.69
34.53
-7.72
-42.08
12.72
8.93
8.8
-5.51
-20.59
-187.07
11.79
-1.23
-126.07
4.96
37.94
0.36
-2.27
-120.39
0.6
-14.96
-10.85
-10.61
-24.82
27.39
8.78
-78.44
-30.55
-9.53
-9.94
12.58
3.37
-127.13
-65.1
-1.54
-22.29
1.91
-16.33
39.56
9.28
-55.26
-45.09
71.19
10.11
-3.33
42.09
42.7
-17.41
-47.47
-5.07
0.66
2.22
5.07
-9.82
105.01
18.3
48.69
1.81
58.5
68.84
24.93
173.15
-16.46
94.66
12.84
-13.76
55.77
-27.75
5.31
-71.95
43.67
-47.52
76.65
20.28
76.32
-24.04
7.18
11.26
23.26
-15.4
-18.38
-44.47
6.13
11.84
11.66
-1.48
13.44
22.99
11.6
105.86
8.55
17.19
-22.81
-18.37
137.87
-5.87
-30.81
30.97
-115.89
4.86
6.53
-42.2
9.57
-121.56
-114.88
-107.43
-1.49
-2.1
1.1
7.88
26.19
-3.49
29.99
-9.28
-117.83
-18.84
-6.39
-4.82
-77.89
-21.52
2.7
-3.88
-120.67
25.18
-26.27
39.64
-29.75
-6.4
58.5
87.28
54.45
-92.94
9.67
11.57
-36.74
-7.93
11.39
2.55
-56.32
10.89
-36.63
-21.18
13.34
35.11
-30.33
58.23
23.85
3.73
11.4
5.1
-16.26
3.97
1.45
-14.61
-114.21
-18.88
-6.18
34.42
6.83
-168.71
6.41
-11.72
-2.56
2.42
22.01
-30.98
0.28
-11.16
18.59
40.93
9.74
0.21
8.45
-9.88
77.88
-31.88
-49.78
-101.36
23.01
10.09
68.33
13.25
34.55
-12.99
78.66
0.32
9.49
7.01
-41.65
17.18
4.15
-21.98
51.48
-12.9
16.92
-28.09
-60.96
-13.64
-19.08
17.87
20.34
-18.07
-0.32
-7.42
53.37
50.64
-38.06
0.15
-100.99
38.72
82.36
-16.93
21.86
4.29
81.27
-111.49
-74.89
-16.71
27.93
4.75
9.04
1.89
-49.06
-11.32
0.07
10.4
-5.88
18.18
24.49
6.86
-8.45
-29.56
-26.07
156.62
76.06
-59.15
116.04
32.54
-17.68
1.62
36.89
4.15
-7.75
0.19
24.3
-13.01
-1.22
-48.42
-37.55
5.22
-9.35
-10.45
8.71
61.56
-2.72
-167.95
-16.95
-13.38
21.32
5.7
1.65
-6.53
6.29
-5.99
57.71
78.93
7.95
6.05
-7.6
1
-37.3
62.5
-73.86
-55.71
53.55
-3.4
19.87
-9.15
-25.17
-15.2
8.81
49.26
-72.15
-72.16
49.37
-8.2
-21.89
-8.06
17.94
52.67
35.74
-82.77
66.28
49.06
4.91
-8.2
0.81
20.72
-10.57
64.67
-28.03
1.52
-21.12
-11.96
1.01
-17.72
-2.38
4.13
66.07
11.27
4.23
-21.55
-61.73
72.38
12.18
-38.33
51.33
3.13
10.96
31.38
1.76
-5.98
10.79
-11.18
-21.56
-3.67
55.21
24.2
-3.3
71.45
4.71
42.43
5.48
79.7
-1.87
-150.63
-9.47
-28.27
29.98
-12.8
54.91
-0.97
-10.59
-13.86
80.43
8.38
14.68
11.77
9.23
10.09
8.15
4.24
-7.94
29.72
-62.87
0.64
-9.08
35.31
-18.53
-38.02
-5.91
-52.65
6.53
-16.86
12.5
26.98
-3.15
-10.4
-233.12
94.12
-10.65
14.88
5.05
26.33
84.69
0.16
54.45
-47.86
-5.58
122.56
115.45
21.64
82.66
-40.77
4.43
31.35
-53.01
-1.54
-11.4
-9.02
-41.26
-2.91
46.93
-3.96
10.12
-44.97
5.08
-45.09
68
54.67
-3.47
58.5
66.22
36.09
-49.03
89.52
9.68
-40.59
-15.26
11.72
-19.4
-1.87
-8.19
90.97
13.14
11.12
-120.26
-7.43
-1.49
7.56
71.11
3.8
-2.74
-10.32
23.22
-16.77
-65.3
-6.15
-11.77
20.87
13.8
8.24
-17.99
46.41
57.19
2.75
66.31
5.76
-7.14
15.77
41.31
-0.89
8.93
86.32
-9.96
-28.34
-30.83
0.56
23.96
128.3
-3.55
-3
0.83
16.32
76.52
-20.17
86.97
-31.83
-57.81
1.87
-0.79
6.56
-10.74
-2.76
-9.62
4.45
10.29
-13.61
-47.03
10.16
14.25
-77.51
7.2
17.43
-13.38
50.51
-4.95
10.58
0.08
10.79
-16.48
-68.59
5.4
22.9
-16.18
154.6
-13.33
-30.34
-22.91
11.84
-23.28
-13.73
-51.51
10.98
5.48
-13.93
-4.85
-114.35
2.17
-68.45
10.71
59.09
3.85
-0.06
30.32
39.13
-8.07
41.89
-158.56
30.95
-44.55
-3.81
-43.04
12.21
34.58
-6.16
4.38
47.79
10.57
-25.76
15.31
-9.18
11.14
39.24
8.73
-53.82
2.04
-6.16
83.19
-1.14
-122.92
99.26
-12.9
138.53
52.61
