-1.91
-10.68
25.8
23.34
22.87
18.79
-3.78
260.21
9.58
13.33
-162.72
32.17
-51.23
30.09
-2.32
28.11
-17.07
6.11
8.35
-15.49
-8.58
-101.31
4.71
0.43
33.98
-1.72
131.49
-20.68
61.22
43.68
21.6
8.38
17.52
-18.29
-17.44
59.64
13.08
91.52
27.02
46.83
9.11
-10.97
-7.44
131.98
41.89
-103.67
32.91
89.29
8.78
34.54
11.44
-12.37
7.73
8.63
10.55
7.65
20.47
4.19
-9.38
-56.41
66.27
100.15
57.35
3.64
6.12
-78.88
1.08
-46.51
19.65
10.81
7.61
15.28
94.43
-7.26
82.12
40.79
-15.85
4.6
-19.53
45.88
-6.69
68.36
9.75
70.96
-102.06
1.86
-4.71
15.75
-4.7
-29.79
-14.61
-0.48
3.96
-12.95
8.45
-16.59
63.34
-3.39
2.68
-6.72
-63.69
45.19
45.51
-11.82
31.11
-7.38
3.35
-70.68
-187.99
5.46
-119.28
58.4
7.33
-2.31
-17.55
5.48
4.85
-8.18
53.86
59.93
-8.19
-13.54
-8.1
13.15
-3.95
-39.37
-63.85
-22.41
-5.37
59.01
-94.33
-36.73
-1.53
13.86
58.59
18.66
8.28
-10.95
33.06
100.97
-4.22
64.18
102.13
16.06
8.81
-32.04
-19.45
-29.04
329.16
104.1
4.44
-13.82
-14.2
-11.58
-6.08
3.19
5.07
28.65
6.07
2.46
-15.59
43.38
7.06
5.37
-128.53
-9.32
51.12
0.87
45.84
4.57
-4.76
58.61
-0.72
67.29
-9.97
10.12
52.42
-6
-26.74
-30.02
9.95
-12.58
2.61
-27.15
10.01
-9.28
-15.16
18.48
-27.45
6.24
8.93
-7.06
-56.11
-66.92
-69.12
-7.19
5.97
-23.49
-4.03
-31.91
62.01
17.85
54.39
44.83
56.38
48.91
-14.68
44.44
-11.35
0.94
-3.45
9.01
-88.36
13.69
55.18
-48.68
14.54
10.17
7.39
-9.31
6.25
-70.92
72.32
-74.71
-6.07
41.93
7.06
6.52
23.86
47.7
3.43
-12.75
-38.82
10.1
-3.56
-0.1
1.4
80.05
2.16
-46.61
1.41
37.07
67.16
12.22
-24.71
-147.68
21.69
8.4
39.41
-8.38
-4.3
-122.79
-5.7
10
-41.05
15.29
-4.06
-76.78
-7.35
0.52
6.57
-9.89
-2.19
7.09
-36.74
-3.74
1.68
-30.57
108.31
-12.51
-17.97
-47.2
47.54
50.75
10.68
-4.42
-13.43
5.34
-37.23
-83.31
186.53
-0.49
43.65
41.86
22.67
92.37
84.08
100.43
3.15
4.92
6.41
-2.33
-4.51
-4.54
3.07
13.36
-5.32
-10.92
4.78
67.56
38.74
56.36
17.78
38.02
-12.59
24.48
-45.79
4.68
-6.23
35.79
51.35
9.75
-19.58
41.27
46.17
0.24
90.48
-32.9
-23.62
2.31
-7.1
43.15
68.35
5.84
-74.59
1.35
-131.76
39.21
63.68
24.47
-11.25
1.5
-25.16
18.4
-67.34
24.66
-53.92
-9.35
-32.35
9.16
56.53
16.72
93.33
10.49
74.65
34.15
75.91
-5.92
1.99
-8.4
75.32
2.35
-16.1
5.54
-48.86
8.46
-15.55
17.19
11.33
28.3
52.12
55.37
11.28
38.29
-97.84
28.98
66.91
-18.77
23.21
-3.26
-6.7
47.42
-21.5
-14.51
-14.46
0.12
-67.68
-6.27
-159.62
12.74
-10.04
-4.77
-69.26
4.98
14.74
-6.78
-3.89
12.45
49.14
15.68
-13.41
9.21
-8.08
-39.55
13.45
2.85
40.74
0.46
-6.72
41.3
64.71
-3.95
15.67
63.06
10.13
39.1
-3.32
39.92
37.05
35.15
-63.73
55.43
8.46
-81.65
-19.99
-3.58
-55.33
8.55
-125.48
31.94
-2.86
-55.9
9.22
57.3
48
13.86
-2.75
-123.03
11.13
121.02
-32.78
-9.01
51.37
-71.99
-26.12
-14.48
8.56
9.72
12.99
68.5
-1.34
48.25
9.54
-69.55
16.04
6.55
38.31
-85.66
-110.22
-51.08
-71.4
0.21
-159.1
29.34
0.86
-96.85
79.46
2.61
6.13
-73.19
-95.57
6.99
-9.19
21.42
0.08
-60.34
16.85
13.65
-10.46
71.86
-5.74
15.1
-93.45
1.62
7.86
21.06
-36.21
210.45
-16.72
34.59
-54.88
-17.96
-14.59
-9.05
-7.26
-14.05
43.16
-50.6
-3.02
-25.86
33.95
29.4
-10.23
-8.74
5.21
6.52
19.58
30.12
47.91
-12.6
-9.2
16.88
-75.85
-23.87
54.56
-26.24
20.35
-10.95
-21.58
16.22
-5.38
30.01
13.92
-82.02
-0.29
-59.88
-139.85
57.76
12.53
53.65
9.25
-23.55
13.35
79.67
-109.42
12.54
-5.83
-34.14
19.7
-19.1
11.86
6.5
-2.39
-2.39
-6.44
-86.27
71.36
10.22
-49.2
7.79
-4.3
-8.15
20.26
171.06
3.13
10.13
8.54
2.93
27.11
-6.89
0.5
-11.48
13.93
4.95
37.4
6.39
13.81
28.49
63.46
9.79
-20.15
-6.7
116.72
-26.05
-3.59
1.41
-113.35
-5.79
24.37
37.51
3.08
102.05
-2.16
36.08
49.16
-15.33
13.05
-7.51
99.13
3.94
-119.67
48.25
-8.63
-30.81
18.1
-4.01
-129.89
15.21
-11.91
149.41
-9.39
-46.69
3.53
-7
25.25
-2.78
92.09
22.02
-10.08
53.63
33.2
76.01
6.61
6.77
-17.61
15.23
-106.74
29.96
-17.04
-1.44
37.43
-4.38
37.76
20.34
10.57
34.41
15.97
-9.99
10.64
-1.4
5.15
-51.71
118.86
-4.6
-4.33
-6.94
-14.71
52.53
-15.81
9.69
-10.23
27.7
-7.13
30.83
26.75
68.64
-28.07
72.87
3.16
6.66
-5.32
-7.02
-44.98
49.78
-34.08
6.11
17.28
-5.62
60.23
-143.77
48.48
-188.87
-48.13
-50.1
-1.02
0.35
21.21
-8.71
-101.6
0.17
30.42
3.68
-10.28
-89.46
-10.36
-28.15
-17.69
26.49
-2.6
-11.27
-64.17
110.12
104.03
-77.9
16.15
-14.14
-21.75
-9.49
140.94
-12.21
101.39
90.27
32.8
72.98
-99.26
2.76
-52.98
-3.3
-31.48
0.69
22.91
-3.71
-15.33
-5.57
40.28
-7.05
14.25
21.56
3.04
-8.2
-11.52
-0.22
54.94
2.04
12.28
-12.02
-11.71
-39.38
-2.57
14.65
6.91
-51.7
48.53
12.46
-14.38
-56.16
-13.5
-60.45
-10.32
2.47
-18.02
-9.33
-0.53
8.35
-4.5
-10.6
-9.19
-25.49
-7.79
-11.93
11.88
-11.25
18.23
4.43
-19.82
18.6
24.37
10.86
-5.92
-3.71
6.63
-35.25
8.05
-9.14
-1.62
0.13
6.41
-19.69
13.9
15.17
-2.68
38.73
11.61
-45.02
-3.04
13.95
0.61
132.69
46.06
-33.04
-10.88
5.35
54.11
114.49
-2.8
-21.99
-13.76
-28.49
-35.4
-107.88
21.23
13.83
1.14
-27.29
29
-4.05
-16.68
53.36
-3.37
12.73
-31.62
-11.8
46.24
-19.03
-1.87
51.37
-73.92
-31.53
-14.76
-43.02
26.37
-2.69
-25.38
13.03
-29.05
7.01
-0.04
-31.98
-2.73
-90.79
-1.55
-12.07
24.87
-24.68
-10.85
20.9
118.12
-98.86
50.31
8.46
30.31
-47.83
-155.94
-58.15
81.83
-114.65
-40.9
-26.89
69.8
-1.45
-161.59
62.98
76.38
-8
4.05
14.53
-34.04
17.49
-52.79
11.7
11.44
45.29
-16.71
-38.59
-1.67
-26.25
5.61
-14.39
1.58
-17.7
0.79
37.86
-9.08
-10.71
-20.01
91.41
21.62
22.36
8.9
-4.94
17.99
7.72
6.3
48.43
-40.69
-13.67
10.45
5.45
10.38
13.25
9.73
24.84
51.99
-11.36
1.01
60.76
7.34
-7.13
-12.2
-81.28
4.14
24.91
9.25
66.8
-43.27
-11.62
-60.03
-54.12
-21.03
184.58
49.45
27.9
11.21
2.94
21.54
-11.88
-4.62
-1.24
-11.73
-48.79
-97.18
5.32
36.01
-10.61
13.53
-148.65
5.44
18.42
-69.28
-8.95
-3.25
-0.36
11.87
3.44
-8.94
-42.5
51.29
-5.26
25.43
-43.46
4.27
55.11
56.24
1.26
-11.09
4.66
-6.49
3.27
-2.28
-48.44
-39.97
0.98
9.23
2.44
0.19
-19.22
-127.53
26.3
-13.63
72.94
3.77
4.76
-159.07
-81.99
-14.88
58.16
12.58
7.48
-17.42
107.77
6.16
-9.51
-170.8
0
-8.19
59.74
-37.3
-60.55
-0.4
14.38
33.78
32.31
61.85
4.65
-3.42
-8.32
-94.92
-2.44
15.71
18.08
9.88
-4.81
70.47
63.37
4.77
-5.58
-2.48
122.12
-56.82
12.74
13.06
44.25
-12.5
5.55
43.93
23.31
-11.21
-11.23
1.97
12.76
-26.15
-91.61
-5.13
-25.11
11.08
1.64
31.78
16.13
-55.97
-3.71
-8.35
-14.43
8.63
-11.72
8.03
-36.48
-28.49
14.68
-131.96
90.33
28.39
6.72
23.61
8.11
-59.44
-37.68
-29.73
10.68
47.13
-3.96
91.08
-59.7
-21.13
-11.32
-6.65
-43.55
20.67
12.14
-18.02
0.6
6.27
-8.17
97.59
3.21
