-4.05
-12.64
-12.74
-3.19
1.76
18.84
-0.2
-68.03
-31.82
-0.41
14.61
-28.1
142.24
43.2
109.96
56.07
5.51
101.96
-44.86
2.32
5.38
-144.28
-2.76
-6.61
52.27
-6.36
20.99
-0.27
62.34
-3.8
98.69
55.25
-1.58
37.58
-9.16
7.44
6.98
17.77
-8.92
-6.75
5.65
4.74
75.24
7.57
-40.43
-7.45
41.94
-49.46
-0.57
-72.6
34.27
15.72
-26.95
9.27
-3.78
-18.45
9.47
-10.44
149.85
7.19
-179.96
62.23
78.89
5.75
60.74
-6.18
-91.41
9.03
-28.52
14.19
13.89
-4.77
2.07
-5.59
-64.9
22.11
-0.42
128.31
-1.76
-14.84
3.79
8.81
-22.31
0.13
11.21
10.12
51.64
10.66
3.12
5.09
56.33
-2.53
20.34
30.93
43.27
62.19
28.3
38.14
12
45.32
-9.27
88.75
13.09
79.89
-16.36
41.44
-2.26
-99.79
31
-149.75
41.91
25.01
-25.11
-29.95
-41.61
8.71
21.56
-28.1
48.45
2.84
-11.38
-24.06
93.36
0.14
-98.3
-90.29
-12.29
5.62
-4.33
-178.3
-24.48
16.02
6.42
12.02
119.92
59.6
8.76
44.18
3.15
163.65
-30.53
-16.46
39.68
-20.14
7.04
-11.61
10.3
-15.21
10.78
121.6
1.86
79.51
-130.41
5.64
9.38
9.36
18.45
-17.37
-70.28
109.22
-24.55
-139.51
43.63
-188.03
-8.81
30.48
153.73
13.52
-106.7
17.4
27.75
7.41
-4.24
-240.67
-1.81
-22.51
15.61
-153.48
6.41
57.65
56.26
8.31
-2.19
-6.86
-46.3
63.02
-9.74
12
-17.02
-9.57
32.29
-43.73
-8.23
-5.28
-1.85
-21.5
-9.66
20.39
1.29
-7.05
67.31
43.16
-21.08
88.15
5.46
61.7
26.06
5.18
-1.67
-32.1
17.1
-46.7
-33.97
-62.32
6.45
7.97
-117.36
-50.57
10.05
21.1
57.53
-4.57
71.39
91.5
20.65
11.64
0.24
-65.22
-59.37
-172.5
2.84
-10.19
-26.43
-10.47
-1.8
6.51
12.54
-60.74
-159.64
7.44
-7.79
-27.42
105.27
17.97
-9.35
-2.68
-26.12
32.66
-36.58
-36.57
14.62
51.66
17.23
4.39
113.38
-13.76
10.52
-115.87
109.48
-8.93
-15.53
11.01
53.58
12.83
-101.33
34.41
-12.54
-8.35
-12.7
33.3
10.32
77.46
-5.03
-11.37
91.75
-33.38
-17.25
-80.2
-15.47
56.61
-7.81
-20.76
-81.68
4.74
-3.47
19.58
-20.26
56.97
1.79
56.28
-66.97
-49.43
-0.68
-3.98
17.44
-72.21
-0.66
-76.09
-7.85
-4
-83.45
-10.99
-148.33
31.87
7.57
-22.07
23.74
-8.44
-71.82
12.79
-5.08
6.38
-53.71
66.86
-218.72
81.69
-3.8
4.8
-10.13
-11.19
-2.92
-4.1
5.57
41.01
5.67
-9.49
13.43
4.21
12.12
65.08
-43.56
-62.72
8.53
-0.83
-10.05
19.15
-2.08
42.99
-50.8
-20.42
-7.65
9.31
-50.95
-4.24
-3.5
-142.07
77.85
8.85
11.02
12.87
-6.1
-14.46
-45.91
11.11
108.02
8.68
1.54
-76.56
-73.29
6.25
2.78
7
-15.12
3.18
5.23
1.11
-41.53
30.68
15.41
88.83
15.02
54.91
50.49
-41.58
-7.24
-10.13
2.4
-43.71
-40.69
-3.11
79.73
2.29
14.1
-5.14
18.7
-8.02
34.84
-2.04
83.7
-16.49
-37.91
-5.4
11.39
-16.76
-6.86
-49.11
37.21
-4.01
-52.01
67.79
6.95
-10.27
-84.57
19.09
-26.6
-14.68
-22.53
71.05
-105.93
13.48
-16.28
-22
-78.72
46.61
6.12
-16.46
42.85
-27.45
17.09
-11.55
-14.52
-5.96
-6.81
21.94
-11.81
0.41
17.26
-16.12
-60.16
-29.52
-3.67
-25.99
-9.78
58.01
0.51
13.15
-20.63
-7.81
4.62
-6.88
85.61
15.27
-37.05
-8.54
31.92
11.56
127.4
-5.77
9.57
120.21
30.84
-2.85
90.62
-31.98
-71.3
34.17
52.45
3.54
-9.62
-20.6
-21.35
-31.03
32.53
22.99
59.84
-3.18
-13.39
-56.36
-39.76
-56.41
88.47
-22.87
12.04
49.97
-9.18
-8.95
-5.29
-160.49
-9.92
2.85
103.44
-3.71
-4.67
-5.22
-52
1.51
0.73
-11.82
-0.39
-3.56
-1.34
124.52
-2.86
-2.9
-28.98
-44.33
-9.29
-95.97
5.78
161.47
-60.3
-45.63
95.6
-10.01
-7.98
1.46
8.38
-9.94
-1.47
90.69
-16.33
58.03
68.99
-34.91
-1.84
-12.53
11.49
-9.28
30.21
5.68
-139.97
-11.99
-9.26
8.08
131.98
-24.48
-47.89
8.67
-26.67
10.55
-2.8
21.71
-9.81
6.8
2
18.03
135.15
-8.72
12.06
30.44
-86.56
5.79
9.1
-9.59
11.12
-127.17
-8.57
5.68
44.28
3.88
42.79
88.35
3.01
-32.66
-41.71
-13.32
33.41
-8.64
-3.46
77.88
-173.45
16.99
10.11
0.23
-30.01
9.13
1.86
-68.36
-15.17
-5.12
4.25
7.57
-0.46
8.12
24.98
31.67
-20.5
-31.09
-133.2
-89.84
37.86
-54.86
57.71
134.2
40.72
-9.32
10.73
123.81
11.08
26.39
-3.41
-35.88
-3.98
-36.44
17.63
97.31
87.53
38.12
31.89
3.17
9.39
2.6
10.96
57.2
70.19
29.36
28.22
21.36
-1.73
11.68
-12.43
102.06
-12.32
-8.17
8.32
-64.8
6.29
-3.27
-20.82
-33.74
-5.81
4.53
-3.84
126.08
-5.68
204.13
24.26
32.79
-7.05
24.74
40.95
10.37
-165.01
-1.76
-26.77
-40.61
14.44
-9.3
-28.26
34.93
-6.87
-12.43
-36.96
-18.64
-16.64
14.14
-87.53
-4.58
-9.09
145.71
-4.56
10.3
3.65
1.07
-51.67
-58.25
2.1
-191.53
42.79
7.67
-0.71
42.56
-40.08
-1.16
-14.29
-187.04
-100.3
-0.26
25.22
36.92
42.34
26.84
-7.27
23.27
20.36
16.86
18.66
25.37
7.92
-4.75
-8.11
14.09
-30.99
-72.79
-79.21
-52.85
-12.32
-9.94
0.77
-4.83
3.34
-9.68
76.6
-3.73
-5.7
116.24
0.3
9.43
0.08
11.43
1.37
100.51
1.16
-5.81
94.39
-37.01
29.4
3.13
25.28
4.72
-2.53
14.92
7.11
14.4
59.96
-10.16
-49.4
80.71
-12.18
1.63
41.75
2.55
-46.9
-12.92
-1.15
-115.32
-33.7
49.54
0.24
4.65
80.52
13.39
-3.87
-18
-83.89
-2.92
71.45
-5.01
-4.2
-19.57
-21.66
-7.84
-155.81
95.83
1.82
11.02
3.75
6.51
-76.16
0.31
-11.01
1.47
29.52
8.72
-17.58
-13.66
11.06
-17.23
9.96
-19.59
18.32
-60.23
-21.68
-17.36
-4.76
7.19
-34.46
-25.52
-88.65
9.28
41.96
52.72
-51.72
1.41
-12.08
-5.02
-9.2
-0.63
-8.35
24.93
26.65
92.8
-92.49
-0.1
148.02
-10.8
4.37
-5.4
11.41
-23.81
-1.79
-8.13
17.12
-11.4
7.29
-10.62
-2.54
56.03
11.47
-88.39
26.38
-75.09
-16.35
-2.49
8.56
76.87
-7.95
-61.23
-9.18
-23.1
13.84
-18.51
-93.05
-8.91
-13.72
-28.82
36.87
-0.06
-15.09
-13.46
5.17
35.04
23.48
-3.74
19.49
-28.86
-116.13
-9.82
17.51
5.24
45.88
85.3
-2.68
-15.51
65.91
-3.82
-124.57
-10.46
53.52
-102.86
-0.86
13.73
9.46
-27.81
-1.98
14.81
35.2
-33.55
60.95
-67.75
-107.3
-5.84
-12.18
46.96
5.43
-15.11
-268.66
-49.98
-13.12
-27.24
11.37
-81.92
28.99
95.06
-21.09
50.74
-69.74
23.83
-7.6
-39.83
-6.05
-14.51
-257.5
-95
54.63
-23.35
11.61
-4.58
-3.65
-2.4
-8.1
17.43
-5.78
-16.62
-7.56
-1.27
109.13
-12.43
71.27
-24.13
17.81
-20.68
-38.24
-13.08
118.35
18.78
3.98
-46.26
25.61
61.85
2.8
2.84
15.48
-31.57
1
-27.82
176.87
-85.64
-7.21
102.35
-14.02
-4
-0.27
-5.64
-27.41
83.68
11.51
14.47
-9.33
48.15
39.97
7.46
17.56
8.4
-10.78
3.89
8.94
114.81
-98.07
-19.98
135.14
-11.45
-17.29
6.03
-31.59
77.45
40.85
-12.79
29.34
-6.03
76.97
1.67
-28.37
-12.83
2.23
8.59
-4
16.07
-44.46
-0.62
-51.79
-5.44
5.11
10.06
27.51
-48.83
54.43
9.03
-0.7
20.55
3.2
74.5
-8.81
-3.76
-153.11
8.75
-3.64
39.54
10.7
-2.97
10.3
8.27
-7.69
6.23
-35.95
25.77
38.71
10.55
-32.38
3.84
44.97
-1.96
8.05
-8.01
31.72
-19.82
-264.15
-6.96
9.44
97.25
-64.73
-1.96
-336.96
-6.85
85.33
38.27
-3.01
8.15
13.35
162.89
-9.92
43.58
6.06
-4.51
-39.67
-7.14
38.31
5.67
-44.02
38.19
9.11
2.25
-27.7
13.81
71.01
-14.52
4.88
-7.73
4.04
-30.04
9.92
7.74
-5
-11.07
