-24.72
30.12
11.58
1.44
14.24
14.33
-8.17
2.96
-14.61
3.69
8.9
18.95
-187.26
0.54
32.44
-60.57
3.13
-144.16
4.98
-91.33
13.29
2.63
47.7
-129.98
-45.2
-9.5
-2.45
-1.43
40.2
-80.27
0.47
10.38
-9.14
-10.16
-23.2
6.79
-9.63
91.97
2.29
58.36
-10.34
33.56
123.11
7.1
-11.02
2.13
158.29
-6.08
-26.5
4.87
69.61
6.87
-1.9
90.16
11.24
-13.83
-89.39
60.67
30.43
-24.63
-9.02
3.95
-66.3
11.22
-25.34
-2.42
-8.59
10.05
9.88
4.65
-10.65
-1.37
-5.34
169.06
-21.38
-12.89
9.06
-1.37
-30.33
-80.85
4.29
-8.85
65.86
-10.82
-1.17
73.56
-54.28
8.68
-109.29
3.56
-27.91
1.59
-10.61
45.68
22.1
0.66
34.56
-94.62
-22.17
-41.78
-2.39
61.94
9.03
-6.3
22
67.45
-77.17
5.4
4
-6.41
-19.34
-5.05
53.06
-33.86
61.46
83.34
-24.76
-2.82
-83.65
-12.69
-9.33
16.48
-25.74
30.01
-62.15
-2.32
3.69
-15.87
10.81
36.47
9.34
-3.91
36.29
-1.83
-1.08
74.08
-10.38
-36.39
5.71
-20.86
4.37
1.63
5.42
11.31
3.4
-27.55
32.15
12.56
-6.58
35.19
-0.47
-41.18
11.09
-82.91
-6.13
12.52
61.29
5.53
14.11
-27.39
15.14
-12.06
58.74
-21.29
46.03
-83.77
11.61
-40.89
68.14
20.8
34.31
-45.05
-36.13
63.42
-121.04
113.2
-8.86
-45.93
-39.27
-3.9
-29.66
-30.57
-7.85
-0.77
-58.02
-20.29
14.95
32.74
-11.64
100.56
-12.43
123.07
-24.81
-11.92
2.38
52.9
-13.13
-1.83
60.08
-2.96
-0.12
-18.01
38.5
23.93
-34.4
-33.63
-72.29
-79.97
75.55
0.42
2.45
42.35
7.12
-9.4
-27.16
12.26
-52.77
12.77
-5.21
-31.4
2.99
-3.02
12.42
9.36
0.65
9.9
54.77
-74.19
32.21
-11.53
110.68
12.59
61.49
7.05
-7.77
20.36
-47.08
-2.2
-54.74
-17.64
-35.38
-7.66
8.67
-138.61
46.69
8.86
-1.27
18.09
-4.23
-49.33
-27.73
48.65
-5.25
24.07
-8.79
48.92
-6.21
55.92
-5.02
-77.35
1.8
-31.72
-59.07
32.6
-3.31
8.59
-10.45
-9.49
8.42
27.21
-118.92
2.25
0.45
24.05
69.2
-17.27
78.56
14.63
43.99
-12.19
4.91
-6.34
41.48
19.15
-8.04
8.23
1.97
66.43
-12.05
9.85
16.5
-63.97
26.83
-1.8
34.86
70.99
-21.79
0.33
-5.16
-5.57
73.87
2.33
4.77
-56.03
-2.89
-0.71
-2.41
14.47
97.88
-1.13
-12.08
-66.09
2.47
28.42
24.62
-33.64
-41.84
12.45
-48.29
-43.88
20.88
-1.8
27.74
-7.74
-14
10.16
-5.75
-3.35
-38
4.36
10.16
-10.47
29.83
-20.48
-56.66
-0.63
55.66
33
69.39
7.69
0.7
111.76
-15.27
-13.89
44.78
-4.1
6.3
1.34
10.14
-18.01
-128.12
-0.16
-54.72
58.92
4.03
-19.89
7.29
38.62
-0.12
27.69
26.35
-2.53
17.35
131.88
9.3
19.28
-12.7
-77.02
-38.22
-32.58
-40.89
-25.35
-16.38
-8.97
66.44
-6.98
61.17
-147.06
24.03
11.25
-4.88
-44.73
-9.7
0.49
-6.1
-11.41
-4.14
-5.35
59.69
34.81
-31.05
-19.52
-2.51
9.84
6.38
-46.08
69.87
101.47
-20.84
-43.54
-7.47
-7.41
-25.5
-11.65
-5.64
1.53
-2.54
43.31
-70.16
12.91
5.77
5.28
-0.27
76.35
13.29
3.25
-67.07
63.11
-38.62
-11.09
-35.3
-25.24
-7.08
-104.73
10.96
5.27
-10.01
95.28
-101.8
-52.85
14.24
3.72
-15.38
1.65
-15.55
11.45
0.59
-13.59
-14.57
87.55
0.62
8.16
-55.63
-2.85
-16.49
-14.89
-64.87
101.78
3.19
-29.44
-10.5
-12.18
-11.19
14.53
-59.51
-28.41
-51.11
-47.71
-149.41
-8.65
117.64
12.78
-3.07
38.08
-7.67
-1.23
-5.54
-14.87
-13.86
14.85
-20.39
80.28
-7.38
14.22
82.61
49.79
-287.72
45.56
22.79
-6.86
-8.24
2.85
32.3
15.07
128.16
-18.65
-40.37
-24.58
81.51
-2.43
1.03
11.72
-4.13
-163.45
10.34
4.43
-60.81
7.49
24.17
2.23
35.08
44.63
-3.62
12.07
-28.26
3.96
-5.93
23.18
-24.04
1.12
27.43
-11.58
2.82
35.21
-29.07
3.94
51.82
22.8
-4.78
-207.46
-99.47
29.02
7.56
-24.55
-24.02
5.26
25.46
0.24
-96.83
5.4
-493
4.49
-7.72
-9.78
1.04
-17.57
-161.77
-85.59
-188.83
-143.19
27.73
-38.5
-3.06
-2.96
-12.4
-3.81
-2.44
-0.76
158.41
81.94
17.32
36.37
-45.28
-31.85
-71.22
2.76
8.37
91.74
34.1
55.55
19.88
-33.33
9.07
-36.44
-54.07
88.36
13.99
-34.17
-12.47
-3.13
19.44
-87.84
-8.9
19.51
-70.34
-38.11
20.83
12.62
-17.57
0.84
-59.91
10.49
-7.5
54.5
4.53
32.07
32.63
-55.46
46.53
7.99
-3.42
-145.26
-31.68
-5.84
64.07
10.27
-9.36
-68.45
8.19
-9.92
7.51
-16.68
25.33
118.05
86.2
51.77
96.92
-86.97
16.39
35.53
-23.43
-40.76
9.58
19.4
-38.8
-1.41
82.62
44.93
4.85
13.81
-20.81
12.44
22.02
18.82
0.47
-256.88
-28.5
0.09
7.01
-63.78
-17.75
-18.57
-113.66
142.04
-11.16
74.59
93.07
-24.48
-41.09
22.32
-10.42
2.11
-16.35
29.87
-11.84
109.37
-11.31
45.9
1.52
5.43
-78.18
-3.97
-30.64
-245.98
51.61
-98.48
17.03
54.86
-22.96
-58.19
-0.96
46.16
-4.16
-8.68
82.31
-54.24
-3
-10.24
31.16
-1.96
-30.52
-4.59
-29.38
9.88
-10.87
14.18
-104.96
-109.92
36.26
14.99
28.63
-15.8
-7.48
123.51
12.61
2.43
11.34
25.72
4.9
-9.92
6.57
6.15
13.62
-10.19
4.11
-2.13
0.22
33.98
-40.58
39.81
-1.9
6.8
1.66
-110.66
-6.89
-11.53
4.28
0.74
-11.1
119.31
0
-15.25
139.82
-21.5
-25.1
15.27
10.45
6.43
11.73
-9.8
8.63
42.22
-77.9
-36.19
34.36
-7.8
1.87
-5.44
-9.93
32.36
19.32
-9
15.22
-5.69
10.66
0.1
76.35
10.65
53.88
34.06
-9.65
-17.96
68.32
63.12
67.75
-54.43
33.48
19.02
-34.58
71.41
-5.76
76.79
-3.96
4.54
59.99
-49.63
13.34
11.53
3.37
-135
12
-10.33
53.8
-15.63
-6.42
14.26
-11.56
-28.32
4.76
-55.4
2.82
3.68
-18.12
5.57
-74.02
-2.25
2.11
-14.72
7.98
98.57
24.87
-16.39
5.5
-3.19
-6.23
22.13
-8.04
23.12
45.55
-28.27
14.61
-117.58
3.27
71.68
48.24
2.37
-3.76
22.23
-0.87
-10.3
-1.36
-28.85
-21.51
-4.79
-10.44
8.96
18.18
-79.27
12.51
-69.82
-53.26
-40
-42.75
-4.91
-60.73
-8.25
26.77
75.84
58.94
34.06
-11.17
11.53
12.53
26.76
-98.16
-10.61
-44.66
-66.19
-18.14
-6.89
-35.2
42.52
10.26
5.63
-33.73
-9.89
3
-14.16
9.33
-11.77
-93.61
-46.8
33.31
-33.87
-1.25
-4.89
29.84
11.94
-6.62
2.62
91.39
8.1
-21.6
-7.74
2.83
-78.15
-30
74.6
-26.47
78.27
83.45
151.99
-8.52
13.36
16.77
-17.54
41.58
39.27
-2.41
26.79
125.28
92.04
-34.3
82.64
6.19
55.94
10.62
162.87
53.21
-9.1
-9.52
-11.69
16.74
-34.06
55.06
-64.52
10.38
38.89
137.85
-61.55
-83.85
8.51
1.11
-21.01
1.22
7.12
-39.42
4.2
0.29
-12.78
-120.89
7.7
-24.6
-22.26
73.68
-42.53
-15.29
-15.57
-81.04
0.47
34.45
69.45
9.49
66.62
8.68
-5.43
1.84
-41.95
46.41
6.58
-2.56
41.88
-78
-80.99
-1.3
-2.59
-6.29
10.91
22.56
10.72
-219.7
6.67
7.02
11.48
-10.64
-18.27
6.19
14.65
-8.39
16.68
57.92
185.96
12.19
-9.38
-45.38
-8
-8.67
10.33
86.97
87.25
-2.51
-4.8
8.63
119.5
2.56
-45.69
-7.29
61.71
66.74
-107.36
42.31
-9.45
35.59
-45.61
-131.76
-13
-276.03
-4.07
1.84
9.08
-6.07
-101.54
51.21
21.53
2.88
-5.97
22.82
6.51
-19.4
92.05
-5.02
18.61
-14.86
16.55
-15.88
14.86
8.55
-14.17
-49.81
-5.15
-0.18
-3.94
70.19
2.21
-60.73
30.41
-11.55
5.39
5.44
-4.66
1.76
-10.78
4.56
7.57
-22.34
49.13
-41.43
0.08
0.49
-16.56
-112.16
7.71
-30.61
21.39
-38.04
-12.94
-5.4
13.13
11.38
-20.77
26.67
-70.4
-16.22
20.55
