34.29
-9.75
2.2
-6.71
60.86
11.91
-25.74
-165.76
-4.02
-2.7
-31.19
11.03
2.63
18.97
-8.45
56.66
18.95
-41.68
-26.45
49.51
-80.49
124.94
82.86
-13.91
-28.4
63.74
67.64
-4.7
12.78
59.27
-4.51
-105.33
2.54
5.36
-10.82
26.28
-6.81
10.11
6.34
8.84
55.06
-0.89
0.87
2.27
26.79
40.47
39.65
4.04
-12.27
111.83
2.9
9.63
-4.37
5.25
2.2
-24.8
102.95
-3.84
12.84
-7.5
65.49
107.38
-11.34
-13.51
-3.56
7.4
3.48
-14.27
-19.44
80.75
18.55
-13.78
7.35
19.06
-18.85
-17.86
4.46
-51.74
-43.09
-170.99
-165.4
56.91
-0.64
60.54
-36.83
74.62
-3.14
-2.59
-10.94
-74.26
13.51
34.13
-58.05
43.2
-7.73
-58.43
2.72
39.77
-12.33
28.1
12.05
0.82
-105.85
19.62
14.63
80.46
-19.28
19.42
99.58
-13.36
8.76
5.5
-43.33
37.86
-44.39
-5.62
33.07
-0.21
-11.02
-153.39
54.73
-5.52
0.73
22.17
-8.06
-18.66
-63.64
4.44
-7.81
-77.49
122.07
170.53
-69.17
16.55
39.66
33.19
60.46
-71.97
23.27
1.66
6.98
-14.09
11.24
19.26
61.4
23.69
7.96
-21.03
-5.84
1.04
5.49
8.35
-3.7
-49.34
-21.26
-13.32
7.2
-0.09
-42.09
6.05
-45.65
-27.08
10.65
6.09
-16.74
30.36
5.68
6.59
60.07
-13.24
-10.96
12.7
18.18
-2.97
15.63
1.38
4.75
39.49
26.71
31.5
39.27
-7.94
5.87
-3.14
-66.17
21.85
-2.56
-12.5
1.24
-0.32
8.76
-65.66
-44.54
7.64
11.76
-56.19
6.7
70.84
-0.13
-0.87
59.83
7.06
-28.28
-9.52
14.76
12.42
2.29
-19.17
28.58
-12.51
-33.93
-50.86
-137.41
9.06
30.14
5.91
-68.19
-25.53
15.33
6.66
43.35
81.73
-7.13
14.11
-12.8
27.76
-268.4
-16.84
53.03
-21.09
-20.01
-4.52
17.46
3.56
-1.36
-0.15
1.35
12.57
22.75
63.07
8.75
-42.95
10.54
107.83
30.8
0.66
-45.33
65.88
88.89
-7.71
-62.96
-27.2
-3.64
-62.24
34.72
115.89
4.54
19.14
7.14
-156.25
12.84
-76.58
-106.51
4.76
-42.41
-17.97
4.92
5.76
-14.55
-4.86
-14.89
-18.44
10.67
8.99
-0.32
-8.96
-30.61
3.31
6.78
-126.03
-192.38
-11.67
87.1
8.26
-51.34
25.05
-1.85
-151.4
1.67
-20.09
22.76
-3.3
-7.87
55.41
7.65
10.39
-7.68
-9.46
46.79
-10.04
-14.95
142.42
3.4
-24.45
-69.71
8.75
-11.53
0.32
-27.76
25.36
-15.23
8.86
1.92
-9.75
-98.19
10.86
-8.17
-3.01
-5.18
85.29
27.18
-12.56
-5.23
-140.8
-109.26
7.5
36.66
-2.47
5.71
-18.18
-22.87
-32.26
4.23
14.59
-15.96
3.26
-7.15
-42.64
4.74
-23.39
-28.66
7.47
-2.71
-1.57
11.34
-208.82
-3.59
-9.02
23.54
6.45
-38.96
1.25
1.83
-12.85
-6.43
97.66
24.35
-5.59
10.66
9.12
54.52
32.88
-19.49
98.12
-20.25
59.21
-12.57
4.17
-3.24
25.13
65.57
-147.46
3.35
9.72
-10.98
-5.49
14.24
4.49
-26.02
3.76
-11.33
-1.93
-25.36
-2.4
-21.32
-19.34
-0.06
-9.79
0.19
32.29
-34.06
-12.76
21.62
-22.96
19.99
13.82
-59.99
9.37
38.38
29.73
7.36
8.04
7.99
21.74
-3.35
-173.26
66.68
-33.48
11.92
20.85
45.37
-8.05
-1.55
6.13
3.72
25.85
-1.71
37.37
40.62
-122.42
-6.33
107.69
-39.57
-0.56
-8.35
-24.5
50.88
-19.71
-91.94
-11.47
-4.19
40.82
4.9
-3.39
-1.94
-4.19
-5.45
11.51
-32.92
34.24
-7.16
9.17
-5.17
-8.73
12.88
33.89
-0.7
-20.65
-10.09
1.52
-13.95
272.3
129.21
63.8
-16.64
-3.78
-49.54
37.52
-1.84
-21.54
-11.89
165.28
-12.78
-54.42
118.17
-6.4
9.11
6.46
-8.9
16.53
187.57
-25.22
-37.37
111.11
7.79
-27.47
-33.59
-11.1
-2.63
12.99
54.44
6.72
14.69
-18.09
14.07
25.79
3.41
19.4
-36.29
-6.86
-39.84
-6.83
0.4
-6.12
-7.2
-58.63
6.26
51.55
66.75
-13.3
36.34
-2.1
-3.76
-1.91
-4.71
101.6
12.04
52.85
5.85
-98.59
5.31
-117.91
3.86
-7.27
-178.74
31.47
12.49
-10.58
-98.65
2.78
11.56
48.28
4.17
-134.12
3.56
53.19
33.58
11.4
-7.45
-14.8
2.54
-10.5
-24.32
-113.98
4.34
2.48
44.73
-6.07
-13.6
-0.06
-41.51
-9.98
-3.43
16.46
31.42
47.4
9.02
-7.76
-80.76
63.54
-10.98
21.79
3.82
40.52
25.51
-14.87
-20.44
45.54
-38.35
-65.18
-39.35
110.57
94.56
6.67
34.68
41.14
-16.26
13.12
-7.5
-7.92
20.52
8.66
-0.82
-15
5.29
19.22
7.79
-42.29
-42.73
52.86
1.34
-10.16
16.73
44.15
7.17
69.45
0.52
-6.47
25.04
-4.29
8.75
-12.78
84.7
98.48
21.67
-7.18
-75.73
-63.46
-12.27
37.42
21.38
155.63
124.12
-13.47
-26.38
-86.46
11.54
67.13
-21.34
5.15
21.73
54.16
76.69
-11.58
143.29
-41.03
0.54
-9.96
30.36
25.89
132.32
31.13
15.67
-144.72
1.34
-3.76
-12.43
35.77
-8.89
-12.7
94.13
29.56
195.53
-53.01
-103.43
-7.97
-312.88
1.43
36.25
9.84
-41.43
57.21
17.74
-11.14
2
-19.25
-16.78
41.17
-10.89
-40.55
26.44
-16.04
-3.49
130.25
5.74
7.07
16.01
38.61
-15.98
21.3
-25.74
-1.34
1.78
-48.39
0.85
-15.8
-73.86
75.15
14.96
-70.66
-0.09
-2.39
32.68
63.71
-129.93
-78.08
50.97
13.46
-10.91
6.41
7.31
37.56
13.42
1.42
-4.83
-9.57
0.99
9.42
-4.61
-61.35
-50.91
4.89
-53.54
-8.39
-111.5
-15.88
4.7
-7.74
68.31
37.08
-4.67
48.28
-10.75
-13.17
38.04
-12.03
-233.53
11.23
-31.54
-30.83
3.04
-23.14
-4.23
-9.36
5.11
-116.32
-93.12
72.12
-8.43
-20.32
-5.02
14.22
-11.96
-71.52
47.48
72.3
-56.06
11.17
10.68
166.75
15.5
-24.88
-11.95
-5.86
112.15
0.06
-82.27
49.96
9.04
-26.22
-4.74
-26.22
-42.89
4.44
-127.09
-23.87
-12.24
0.58
5.44
8.4
51.06
-0.97
48.22
-31.43
143.78
8.99
-7.95
69.16
61.19
-22.21
15.08
-13.85
-26.13
4.56
-8.19
3.76
3.83
-11.4
-122.03
2.43
-8.82
-2.14
-140.07
-47.34
13
7.43
12.67
-38.92
16.54
61.03
23.81
-36.57
-3.08
-6.31
2.86
-164.46
-28.24
-79.31
-8.8
56.11
-122.73
-74.14
8.69
11.58
23.39
11.39
6.32
-9.13
10.98
42.8
66.5
6.68
12.35
-3.67
3.96
14.9
-12.04
-11.44
-51.23
-6.98
-13.9
16.55
-19.87
-56.71
-8.84
-62.36
-7.59
61.81
58.32
-6.06
-0.49
29.02
-91.17
56.25
11.36
-4.88
52.83
2.85
3.14
-15.22
-3.96
11.83
2.38
-29.18
-3.36
15.47
-96.24
8.22
80.56
-32.67
67.91
48.23
-124.77
-12.43
-51.31
6.95
21.97
-6.33
-7.14
-6.76
4.2
-15.48
10.12
-12.18
26.99
-12.74
29.85
-22.81
-110.23
1.95
-16.48
-0.09
12.89
-39.15
31.88
-31.42
8.2
-0.66
16.9
-11.78
84.62
-0.86
-15.79
22
-9.1
43.5
59.64
6.2
-41.59
-11.52
0.82
-23.46
-126.67
79.39
59.36
-65.63
45.62
-39.43
70.03
-54.77
-10.78
3.36
-49.34
-18.72
7.34
3.37
0.14
29.76
104.89
5.86
25.38
17.52
-24.35
39.23
48.16
16.9
-238.74
-0.23
-101.31
50.86
21.58
-6.64
2.88
4.09
24.26
3.16
-15.5
20.13
-44.38
57.31
65.77
7.78
-1.7
2.71
-123.13
21.3
-10.47
-42.77
-18.99
27.21
77.38
-5.84
-47.18
74.71
-9.82
-6.42
91.98
79.18
-4.01
-98.39
19.98
21.57
-48.97
9.82
12.9
-72.48
17
21.53
-0.87
111.74
0.55
-10.65
-9.93
-17.18
32.41
10.28
-10.36
-5.03
170.33
-21.31
7.97
-60.14
-20.1
-1.16
27.65
-94.94
14.92
-9.66
88
-55.14
-0.76
-10.49
2.93
-2.15
-13.39
14.54
-5.65
9.74
-4.7
-228.71
-30.12
9.59
11.48
-10.72
69.83
-80.17
61.18
-8.05
-9.41
-12.21
-9.61
18.57
117.57
-48.72
2.42
36.01
-78.08
-117.85
66.05
19.24
-70.28
-4.29
-15.44
66.62
-190.65
13.29
-89.54
-5.33
-14.17
-1.58
19.68
-27.08
-19.91
11.73
6.91
25.72
-27.38
-70.93
-37.69
10.89
-70.81
27.19
-6.54
44.39
