-2.04
12.53
-71.05
3.44
52.48
-11.61
-6.23
-20.02
3.95
-108.1
13.53
6.26
131.12
-64.19
15.54
87.49
-45.47
-3.93
14.78
-7.35
10.83
-10.07
104.09
-29.01
-4.73
-2.03
95.05
10.34
24.14
-3.39
-44.74
79.59
-21.6
-2.61
7.9
126.56
24.74
17.9
21.97
2.76
48.31
-16.1
-20.71
4.4
-81.96
-112.65
-50.29
12.91
-5.25
-18.75
31.04
61.46
38.43
-3.2
-12.62
20.36
-36.41
4.88
35.62
1.37
-8.58
-2.08
-20.79
-51.83
-0.69
61.29
-7.82
-44.25
60.25
-103.59
10.32
21.88
-16.8
-2.69
12.68
3.79
-75.42
58.76
-4.16
-14.11
15.97
-1.22
15.18
41.09
18.66
-13.53
67.45
25.7
13.63
6.34
61.41
-147.39
-7.63
-9.09
5.9
-31.51
26.92
36.26
-24.92
-18.61
-16.84
60.17
24.9
-20.15
-52.15
9.78
-9.36
25.23
-49.34
13.74
-33.46
-10.01
19.71
-6.25
-2.76
-3.01
-9.49
-7.67
40.84
100.16
10.11
-16.26
4.26
28.53
13.35
-7.68
7.85
-136.63
-9.61
-59.79
2.34
-7.17
-21.92
-7.05
27.82
76.15
9.12
153.73
-21.45
-8.58
-17.68
113.57
23.84
92.35
-9.17
-29.34
-12.18
22.69
-3.39
-8.77
-83.48
-2.99
-22.77
-88.73
6.31
-6.05
1.18
-26.3
26.59
-10.58
-8.47
-8.14
150.21
-86.15
1.18
11.27
64.28
-10.61
2.93
7.45
57.69
9.22
22.41
-63.56
-4.78
20.39
-23.08
6.28
41.56
-5.41
-51.64
25.08
0.51
-116.3
-18.48
-41.93
56.18
-9.05
28.18
-1.33
-12.28
-72.69
-8.19
138.95
7.93
-39.07
22.44
185.93
-19.85
-22.34
-73.79
48.64
-4.75
2.26
7.08
73.68
-99.1
-4.21
9.12
2.67
4.87
-12.85
15.63
57.83
24.64
41.53
23.82
12.25
-24.18
-8.86
-38.82
-10.33
0.09
-6.86
7.4
-15.64
27.92
-17.7
-19.73
9.13
23.92
-12.09
37.38
87.42
9.95
-26.18
42.74
-6.25
9.99
-9.89
7.82
-9.54
99.24
-1.22
22.7
2.25
-4.89
20.02
-152.01
50.76
-283.1
3.22
-30.4
7
1.88
5.03
-7.07
-12.14
12.53
24.21
5.08
-27.9
-8.44
-1.68
94.06
2.27
68.17
4.15
-9.57
53.29
25.14
-40.35
6.46
9.26
-7.12
-176.75
32.02
-30.03
18.07
-2.28
14.73
-14.49
-9.72
51.4
39.88
-1.97
41.14
6.22
-50.81
24.06
88.72
-3.94
9.56
-37.55
23.94
-2.74
-7.05
-0.29
7.36
-1.18
62.36
-51.51
103.84
-2.94
40.3
8.99
69.35
3.72
62.38
-34.3
4.76
13.61
-7
7.01
-52.86
-8.43
8.31
-57.26
-53.44
24.23
41.93
2.54
10.99
21.03
-74.85
0.74
2.62
1.33
-7.45
7.82
5.13
-15.32
-88.86
-7.85
5.9
24.58
85.81
-4.4
7.67
-4.87
-35.45
3.98
57.39
-192.31
-60.77
-20.75
-9.23
-7.63
-26.55
-27.65
-3.15
-31.16
-9.61
-0
8.14
10.41
7.71
6.95
3.56
-7.18
1.07
-8.72
-0.28
-1.2
-7.01
65.68
-36.42
17.49
36.12
-13.65
-0.03
3.29
-58.2
37.16
-1.53
-13.93
15.43
-0.51
-1.86
-5.4
0.08
16.24
-8.54
109.85
-21.02
-2.5
30.14
5.26
-19.81
8.53
3.09
-0.36
41.91
-11.29
11.33
-9.88
50.66
4.84
-27.31
28.03
-8.55
12.21
9.99
-11.06
-25.3
-3.66
9.74
-4.66
12.45
-8.63
-1.5
14.43
-40.99
15.22
-30.53
7.7
7.31
-157.82
9.28
97.35
-84.73
33.62
-5.85
-63.1
-4.01
11.18
-5.54
-25.69
19.05
-2.24
16.81
64.1
-72.69
82.42
8.52
9.75
-71.37
8.99
2.18
-66.92
-86.92
16
19.62
-14.15
-62.54
37.86
9.33
-107.34
-3.49
7.63
55.13
9.91
-74.56
8.08
-95.38
-6.83
34.31
-10.45
9.08
-10.93
-13.14
9.64
4.5
-30.82
-31.29
13.59
-8.13
1.75
-75.84
44.16
-161.89
7.85
47.49
86.44
-15.25
15.64
-23.86
-18.01
-16.89
4.32
-12.86
-36.48
41.33
-6.81
-10.97
-29.8
191.53
5.34
-34.64
-45.24
-16.27
-7.15
12.74
-6.75
44.08
4.27
-6.51
0.91
-35.95
20.39
71.28
18.74
146.61
-7.43
27.69
80.47
-8.86
4.28
28.59
-11.98
-11.79
42.82
-33.97
60.93
5.81
-48.28
12.57
-97.97
61.51
33.54
86.05
87.72
-137.67
44.18
-20.77
-7.89
10.61
-13.22
291.67
-1.57
222.12
134.93
-2.03
53.73
15.94
-71.21
-54.61
212.17
-76.56
43.79
18.17
-14.56
92.14
-7.07
-30.74
-0.44
19.78
120.39
14.83
55.61
14.28
12.56
-7.09
-12.43
-12.12
-1.07
-1.3
-0.57
0.43
-52.47
50.82
5.75
-109.67
14.9
-2.26
21.22
6.4
-3.8
14.78
11.8
-39.09
-1.51
-58.81
20
14.08
-39.13
-77.5
-19.88
30.34
14.38
-35.71
0.67
12.68
27.41
-2.8
25.67
-1.27
-4.19
33.78
11.08
3.63
80.31
-51.15
41.15
4.63
3.75
69.43
34.08
-191.13
27.36
-60.69
-7.35
-20.2
-5.19
3.99
-14.1
-19.38
24.07
6.95
69.65
-16.58
-38.36
-13.21
-13.47
-1.25
-11.18
75.67
168.99
-58.43
3.58
-27.08
3.14
98.26
-8.7
29.65
86.19
-28.69
-24.79
12.92
42.17
18.87
-11.16
-5.95
11.43
20.94
2.68
-16.11
-4.71
106.72
-25.07
19.49
-51.87
34.53
-24.49
15.81
-13.37
3.08
-10.94
-5.55
60.07
1.23
0.84
63.84
-0.96
12.91
12.75
9.07
-2.97
161.66
78.53
82.13
-42.5
199.17
-67.49
32.82
-10.25
-78.2
-23.15
26.27
-32.97
19.3
-16.91
-25.82
53.77
-19.03
-14.63
12.73
4.52
5.08
-3.4
-15.12
115.77
-3.39
-8.37
-18.35
-241.14
109.52
104.49
105.73
56.89
-10.44
9.28
17.68
4.71
-266.35
-0.31
-0.5
37.24
-70.75
53.84
21.34
0.54
4.15
-79.8
-3.62
-7.17
-26.76
-49.71
-10.26
-9.08
-33.58
-1.32
-19.46
79.24
-8.24
-3.93
-36.9
6.86
-12.38
-4.95
-100.4
1.94
-2.19
41.73
-9.71
-29.83
-0.71
29.31
84.31
-21.73
-0.8
22.13
7.21
8.46
0.2
64.27
-26.76
15.34
19.49
-13.43
-7.88
-76.76
-17.58
8.77
7.7
55.91
54.85
-2.51
-7.86
-62.39
2.27
6.93
10.45
-18.74
182.69
9.54
-108.16
-0.56
10.03
13.47
-105.43
4.67
-2.88
-56.23
83.13
-24.17
8.24
-19.99
3.29
-9.3
6.5
66.14
16.26
-149.55
-198.8
-156.83
-4.22
7.75
16.68
14
48.16
108.25
46.39
5.69
-9.76
-23.48
-6.36
6.83
-3.63
8.66
2.68
-93.69
-40.78
-25.12
5.11
46.45
100.27
-7.44
-6.89
8.57
5.34
48.76
16.49
-9.61
-109.7
12.73
-4.88
24.26
-34.34
73.83
-7.63
-57.15
91.5
11.13
-76.11
-11.93
-3.45
24.92
-48.27
-1.83
-4.89
1.27
6.5
62.7
52.26
29.91
-90.02
12.06
7.22
-40.42
-81.87
85.82
11.59
-18.49
112.6
14.68
-10.49
-29.6
-417.54
8.03
-21.03
2.97
-5.34
-2.43
84.16
45.36
10.53
-13.38
6.01
-13.43
33.88
33.53
44.1
-26.44
-2.33
12.04
4.67
-9.18
-142
1.24
13.7
201.55
7.62
-7.99
13.51
-8.4
8.72
-9.38
81.23
-50.21
101.25
164.76
39.87
7.24
-49.9
-145.6
45.61
-8.09
-12.89
-9.52
-5.38
-69.61
-2.35
18.59
6.11
29.58
20
-40.64
10.83
1.39
1.76
43.07
65.14
-3.76
27.86
123.18
9.87
67.22
-7.74
10.94
11.49
-5.48
-2.24
72.7
-52.85
40.89
94.59
-5.87
-7.37
4.14
-121.89
37.37
-4.48
-10.57
16.09
8.56
-17.48
-5.06
-59.82
6.02
25.44
-17.28
-5.88
-40.21
-60.72
-6.93
0.61
-8.78
21.65
-0.33
-13.28
1.85
16.5
138.16
-22.5
11.57
-6.23
-5.31
-6.13
-13.58
-11.13
10.79
12.42
22.64
8.88
-48.35
21.55
-3.04
15.29
63.96
40.47
57.62
-11.38
9.01
-122.09
-8.13
13.07
11
-0.75
-31.51
-32.97
48.73
-4.77
-46.74
-9.74
-10.32
-28.85
15.95
44.41
40.03
-72.58
-33.66
0.4
-8.98
-8.19
-1.54
30.58
7.2
-45.63
-10.25
-8.59
-21.58
-4.96
20.24
-100.4
1.1
11.92
-86.81
-17.77
27.88
-11.94
-134.35
-28.18
1.99
11.57
-0.63
25.84
-41.53
-8.53
-193.9
9.98
46.06
-1.75
-24.13
11.62
43.48
-0.42
39.81
143.14
-16.55
-10.58
51.01
3.01
-43.91
15.54
-1.1
37.45
-45.46
-11.13
-10.21
52.4
-60.15
12.6
-92.4
