-11.96
-45.96
68.25
-75.81
-8.35
11.14
23.89
28.91
-4.44
110.15
7.33
10.05
26.81
52.33
-10.66
-6.9
-12.04
-2.93
-127.22
36.94
-120.45
3.04
-74.69
8.81
-13.86
-8.52
1.54
3.7
27.68
57.72
-14.31
10.22
-26.23
0.82
-7.98
-8.73
-236.82
-21.31
-64.38
-16.29
-37.4
-21.17
-5.56
11.87
48.54
96.36
-40.88
-3.23
33.64
-20.72
-11.35
80.34
-11.21
-9.52
-10.47
95.44
9.89
30.73
8.34
3.03
0.22
-15.56
57.51
-53
4
72.01
-138.87
108.35
-16.03
204.7
-102.48
-3.25
20.38
-43.01
0.41
7.31
9.1
15.38
-94.09
-67.44
16.97
-9.27
-120.11
-101.74
-4.27
-134.81
-12.1
13.81
-4.88
-11.8
15.7
11.27
-0.3
14.98
-24.45
-45.68
5.55
11.07
-0.81
-7.78
-11.45
-68.16
22.15
1.89
-14.09
61.55
18.91
1.25
4.96
37.03
-16.68
-45.84
8.11
-1.23
-26.33
-11.46
8.24
-1.7
9.22
-44.84
-51.89
16.54
15.03
-5.97
31.76
15.56
38.47
-30.68
11.4
-1.4
18.83
62.24
-20.22
67.86
-102.05
15.23
1.62
10.31
8.9
0.53
113.03
-12.32
-4.25
56.02
-56.77
6.82
-48.02
-116.37
24.12
32.53
-10.97
70.29
12.02
-18.86
-2.39
74.41
18.05
109.66
71.78
-8.07
-2.31
-26.89
4.33
33.37
-1.12
9.13
-104.43
-16.7
26.91
31.24
8.05
44.25
-5.79
-4.76
-4.41
-6.11
10.69
-2.56
-28.25
16.43
-61.31
5.98
-67.66
-9.57
-3.87
-4.1
-25.65
3.48
1.36
-58.44
61.6
-4.29
61.37
31.17
11.01
6.96
30.33
-8.86
114.1
12.98
4.04
-13.08
32.24
62.75
-113.26
4.32
-8.95
7.6
-6.85
64.12
3.29
-338.97
13.92
4.11
27.25
-10.25
-1.83
4.68
-10.5
4.27
-12.1
-6.41
3.35
17.96
4.37
9.69
-38.23
-6.03
11.13
3.41
26.23
8.8
-33.86
-16.15
4.48
-49.59
-7.71
-8.72
4.97
13.1
-9.71
-107.77
-68.36
57.69
12.55
-2.92
11.04
-5.22
32.96
-0.42
2.04
82.66
20.94
-12.15
-3.24
102.65
0.92
6.41
0.36
-7.25
115.61
-102.29
-1.16
69.17
6.81
-6.88
-11.81
39.57
26.51
32.54
-24.17
-37.31
-11.95
-13.97
-16.26
-3.21
-48.58
-0.88
-3.43
-1.56
-20.67
29.1
11.34
76.14
-47.85
10.19
-0.06
42.13
7.23
36.74
45.24
33.34
5.96
-68.27
10.66
8.73
15.71
39.79
-0.88
-2.07
26.26
2.04
88.97
-8.83
-10.93
-5.55
-10.27
2.04
27.35
-65.32
36.55
-8.94
11.48
5.11
8.11
-55.12
-121.23
-12.06
-66.03
-49.25
58.07
35.97
42.64
-16.04
49.77
2.93
-3.29
18.78
0.69
-15.67
65.58
108.8
0.65
-7.22
-6.65
5.94
1.36
-17.03
2.32
-6.84
-0.25
-3.37
4.55
1.74
-35.74
-8.28
1.04
-10.37
-48.63
2.32
9.48
23.97
43.46
-42.01
-2.64
8.45
43.1
-6.19
51.25
-60.22
-6.35
-35.71
54.39
-35.73
1.47
60.15
-90.07
-6.66
-2.2
-30.12
25.67
34.9
48.91
-12.71
27.14
53.9
-9.69
28.65
-0.18
7.89
-8.86
0.63
-6.69
-45.21
-3.14
12.69
62.4
40.02
-10.38
198.73
-228.97
-26.54
61
103.7
77.34
48.2
10.48
8.73
14.2
40.39
-5.22
26.47
8.33
42.04
0.61
-22.64
52.94
29.42
-37.11
-9.94
-51.44
2.28
66.33
-43.66
-54.93
23.12
-13.65
13.75
-2.39
-12.88
12.44
4.38
-3.36
-23.41
-40.11
56.43
-9.36
17.12
49.99
75.16
52.77
52.05
56.04
-6.53
5.23
20.92
89.65
-20.69
-6.31
6.86
12.26
17.99
78.35
10.99
11.11
98.67
5.08
-2.37
50.45
5.55
87.29
4.66
-5.67
69.91
20.66
14.76
24.44
-29.96
6.24
3.12
37.09
-32.62
10.97
52.97
2.35
-48.57
-13.7
-190.24
4.58
69.37
11.68
5.3
33.28
-3.32
9.32
-88.05
98.61
42.26
-61.02
-7.48
-9.89
-7.84
-1.74
-23.38
-227.95
4.67
32.09
39.24
-8.07
-48.88
7.72
2.6
16.48
-12.26
-10.88
68.96
-2.86
-36.57
64.52
-13.02
13.67
-35.35
-46.82
-10.3
-0.57
1.85
-7.48
117.95
41.24
10.56
4.74
-67.08
-10.31
24.43
-24.02
-11.29
-13.18
-5.94
-51.36
10.39
5.91
2.45
33.5
-21.18
1.4
9.16
-24.76
17.73
-2.12
10.11
13.9
-9.98
6.37
60.36
23.54
-90.06
-6.22
7.36
-7.24
-81.58
-28.74
-14.8
11.79
-23.48
-4.86
-92.7
-4.69
-43.66
19.61
27.38
59.97
2.25
22.42
1.13
-60.75
20.23
-86.02
-38.96
62.89
-23.89
24.2
-0.43
2.72
-10.51
26.4
108.17
-2.96
-143.35
3.7
-1.16
122.81
6.26
-9.45
-21.64
-16
-14.24
-40.5
-2.02
6.22
-5.74
19.51
-47.56
131.73
11.56
-57.06
-1.75
61.63
48.03
-2.92
-24.23
37.71
27.91
8.92
-35.84
35.04
6.35
11.72
-7.34
27.71
-5.29
83.23
80.25
45.43
24.59
-125.28
2.35
10.09
1.7
9.69
19.81
4.09
16.27
-24.85
67.65
-15.31
-12.98
8.76
71.98
-41.61
9.87
-11.94
7.3
24.46
0.89
-156.58
1.28
-107.35
47.74
-70.89
21.31
57.52
7.51
78.74
4.9
10.99
8.83
-116.87
-16.9
52.14
-5.27
4.07
-10.14
12.49
1.1
-36.54
58.2
-9.61
156.43
2.21
-10.1
-60.5
-60.79
57.51
-136.12
-65.09
18.65
-93.13
0.6
-16.66
-12.65
31.86
8.06
11.84
3.45
-0.3
77.99
-4.82
40.8
13.11
-117.3
6.25
87.38
-77.61
-9.24
25.06
-6.65
-161.38
-14.67
29.82
28.08
-112.37
-6.64
0.24
-51.6
56.08
0.67
10.28
8.34
-79.89
-8.84
6.56
-19.16
10.39
36.71
4.5
-7.71
-78.39
-28.39
151.17
11.09
13.51
16.46
2.25
-9.29
-124.09
-10.8
10.39
-2.61
11.38
-6.6
7.07
-30.58
-97.54
-148.25
-8.61
36.04
-3.7
-66
-6.99
-3.27
12.95
-12.64
-9.28
-11.35
14.92
29.37
3.11
-5.69
11.41
9.32
-162.21
-49.07
104.45
16.02
71.88
-162.5
-3.12
-32.63
-34.93
-160.4
20.32
64.04
25.43
-74.03
64.27
-10.38
-102.42
19.97
2.3
10.27
-58.72
-57.87
186.63
-0.73
4.71
-27.78
-7.02
-33.54
-3.28
-23.74
-19.64
-86.06
-6.84
-5.09
-12.81
12.18
1.01
-14.66
41.27
92.62
8.82
-63.79
105.47
3.82
6.02
-108.86
27.66
-0.07
-26
35.03
36.78
-1.73
-63.76
2.03
107.77
-27.97
9.12
-4.26
75.73
-5.2
19.43
-3.32
-21.63
-8.77
7.51
61.87
24.88
85.84
54.33
17.93
-7.48
-8.03
-18.82
9.64
-10.76
5.12
-47.51
5.09
57
-12.93
-55.86
-67.62
-25.94
11.72
5.68
-10.39
-24.85
-7.19
-11.21
-3.61
-5.4
-11.47
-96.9
87.32
-6.85
42.02
10.01
47.86
-20.39
-74.25
107.84
-0.2
-18.71
13.15
-29.49
63.38
12.15
9.9
-11.44
-14.86
-12.43
-59.46
-4.87
-10.6
-33.85
6.2
10.36
42.6
-11.7
21.4
63.86
10.75
13.49
-44.49
-10.89
3.7
15.77
6.21
-11.76
90.86
9.74
33.05
11.29
-12.04
41.32
-18.95
12.32
-42.55
6.78
-87.54
-29.79
8.86
-69.67
17.35
87.37
-16.13
91.02
9.37
-24.18
57.7
-6.82
10.26
-8.75
0.01
-129.81
-186.03
1.16
-0.25
32.88
3.27
-6.46
-9.73
296.67
1.62
31.73
41.19
-8.99
5.01
-10.52
6.13
-67.66
35.2
-4.85
-147.02
-8.9
-7.39
17.71
24.98
46.8
-21.83
56.09
-3.66
10.07
2.29
84.69
-20.33
-1.73
5.79
-23.24
4.42
38.77
-23.63
-14.97
-39.44
1.75
-8.83
-9.23
89.59
-4.06
-35.73
15.65
8.41
-20.26
-16.62
-22.89
52.31
8.66
-34.53
-6.21
56.25
-33.03
49.99
-4.91
56.38
1.26
7.9
-3.4
11.56
47.71
-78.46
12.1
-13.26
5.38
-4.21
-44.12
1.28
-12.07
8.82
2.75
-0.79
9.49
63.67
-18.65
-4.23
103.28
-6.57
-0.89
128.09
119.95
16.77
1.38
5.07
1.23
-11.01
34.28
14.1
57.05
-60.53
-58.02
0.65
11.76
11.24
44.08
9.22
-40.11
12.88
-5.41
-8.46
-33.46
1.93
2.66
2.56
-47.87
7.48
-14.05
-31.42
15.98
55.08
116.88
-40.95
36.6
-4.94
25.27
38.36
4.89
-6.54
2.94
13.41
-4.9
-67.15
94.97
3.64
16.53
8.4
-14.23
134.95
31.8
7.33
-12.52
3.61
4.91
13.41
-19.47
-48.95
