-8.99
-76.45
43.84
5.14
-8.25
-38.44
6.29
38.29
23.11
11.99
17.72
2.79
11.17
12.18
-73.03
23.95
-6.53
45
123.76
61.32
-274.66
-15.32
42.72
29.21
10.21
-33.98
-5.35
-33.99
14.86
23.68
0.82
9.22
-33.2
2.04
4.91
7.98
13.36
51.13
0.61
6.8
0.39
-3.06
-10.37
-74.95
23.27
26.73
-55.23
-11.55
11.53
-10.57
10.68
-57.94
11.56
48.79
-12.87
22.47
-79.44
-14.92
3
10.86
1.42
20.14
109.8
-63.1
-1.69
15.37
-0.84
32.19
47.25
0.24
-1.19
49.16
3.99
7.87
28.02
-24.85
21.61
16.3
-17.21
-36.03
-13.49
-83
18.01
-1.38
0.99
2.27
16.14
-59.49
14.8
-3.72
8.69
-11.28
6.98
-16.57
-47.4
28.64
-2.4
-36.85
-10.66
9.03
-8.17
21.16
87.06
52.72
14.76
-35.57
-73.86
-21.96
-4.27
-4.05
-23.62
40.94
-8.26
27.52
-1.03
0.66
-34.62
64.67
11.08
87.41
-1.57
-6.25
67.52
-18.61
13.62
-21.47
-40.45
-32.11
54.24
49.62
10.11
-35.06
5.19
-13.35
0.95
-7.45
-51.52
39.07
40.2
-11.16
-576.32
68.76
28.39
-7.87
-11.28
9.96
-10.05
5.56
-6.14
-83.22
-51.97
11.69
-9.88
83.01
52.11
9.26
75.84
-2.94
47.24
-20.59
-26.26
4.27
8.4
-5.01
-3.51
-13.49
-13.7
-146
8.15
12.84
8.18
-35.56
-32.56
-7.57
-60.21
28.63
46.06
-8.81
43.75
34.01
-11.84
3.04
-15.67
-84.04
-6.69
-17.08
-7.48
28.61
-34.64
-94.73
-97.17
7.68
4.37
-18.66
33.97
-8.79
-7.48
43.49
-25.11
-1.22
-15.22
39.38
17.6
-5
-29.11
32.03
11.55
39.04
-71.41
0.86
36.05
34.64
-12.36
-87.62
33.36
98.5
-6.92
22.98
-11.68
-47.88
4.48
3.44
-0.29
16.02
-10.91
-100.74
23.35
-15.69
-6.7
-4.35
-1.39
38.98
-13.49
4.64
-71.09
-36.14
3.13
-8.41
-60.73
29.16
2.88
7.22
-6.24
6.72
47.39
-6.01
110.45
25.04
105.17
-5.26
-5.53
7.5
-19.32
1.78
-26.93
-9.48
-6.73
33.75
0.99
24.54
78.94
11.17
-90.35
15.6
-11.66
6.68
-30.73
-3.06
-152
5.96
73.39
25.99
11.67
40.72
-12.27
15.42
-6.16
-17.03
47.88
0.31
58.44
-27.05
-34.49
48.8
16.49
-6.25
21.84
-14.89
2.19
-39.15
-115.69
-43.85
15.22
5.08
-39.05
97.41
-1.01
-46.92
1.45
-10.16
37.93
-162
-3.11
14.49
131.32
47.7
4.03
-7.54
-83.83
-36.02
25.08
8.83
-20.53
-12.37
-1.2
35.31
-1.94
-12.58
6.01
-18.21
-31.67
-22.27
-26.69
0.07
50.01
-4.96
4.24
39.17
-0.91
31.78
-10.57
31.8
59.48
-1.29
-34.52
-4.66
-181.46
-58.2
-13.12
71.86
110.4
-41.35
27.9
12.01
68.63
70.09
-11.78
12.05
10.44
-35.96
33.07
-11.71
83.22
-19.29
26.2
1.33
37.8
10.64
2.69
-12.06
-34.56
-45.85
16.07
-1.59
-25.37
-18.69
-5.96
69.77
-6.2
-13.24
8.49
10.44
6.6
-57.35
-1.55
10.17
37.29
0.38
92.02
16.87
-30.7
-37.58
44.34
-121.99
91.15
59.86
55.94
28.97
-14.99
5.42
-3.8
-4.32
-2.21
1.44
8.16
-36.52
2.68
-9.2
-11.82
53.6
-12.48
-11.2
84.2
5.61
16.94
45.5
-61.21
23.82
80.67
-5.32
-36.09
-0.91
-1.48
-12
6.42
7.23
-4.81
-31.68
-241.6
8.86
98.4
-18.37
-12.06
10.99
36.97
-5.62
26.48
55.2
4.25
53.62
-7.7
13.5
14.42
11.73
-8.95
-15.98
7.76
-6.01
-51.37
-2.75
6.73
-70.2
-0.16
-70.96
71.43
-72.11
22.46
-13.53
14.98
-7.2
60.57
-47.57
6.25
-17.08
-0.61
-37.6
48.86
1.82
-48.54
28.93
-39.64
21.56
9.48
13.43
77.8
-103.61
-5.2
-14.83
-0.97
-16.19
-13.01
-5.89
20.51
31.02
15.32
2.63
7.42
-8.59
-23.08
46.04
17.7
-8.54
77.74
-1.12
2.96
-21.61
22.69
87.96
-17.63
8.46
-7.14
7.35
0.06
-16.35
-0.88
28.63
21.32
94.36
-44.48
-9.95
-4.04
16.63
-6.91
18.86
-20.88
70.13
-6.12
1.69
-9.6
-30.35
-48.86
10.64
9.99
-5.83
-9.53
75.76
-10.96
4.62
-10.7
-59.37
65.98
-48.54
-21.27
7.13
49.46
-3.91
7.87
41.18
-30.07
11.99
19.79
13.29
-127.72
-29.54
10.74
133.28
53.77
-109.08
-6.75
7.8
-18.54
55.51
48.74
-5.67
11.34
16.2
-36.99
11.68
-13.63
-16.53
19.81
-8.82
-5.44
7.79
58.3
-10.33
72.4
-95.63
-20.43
7.4
7.33
-0.1
-55.52
11.33
-18.43
44.09
-4.03
-45.22
-28.43
-3.05
20.15
2.08
-14.31
41.02
7.82
7.3
30.4
-31.96
11.8
38.9
-10.35
39.13
23.26
-5.72
-3.87
-6.02
6.36
-4.4
-15.02
-4.74
-39.08
3.5
-61.96
-167.79
4.78
98.49
90.22
17.03
29.62
-41.9
153.05
8.45
31.54
-79.41
-7.17
-1.88
76.96
31.65
47.28
110.54
-110.41
-12.35
-30.71
2.01
-53.01
11.3
-10.77
-128.85
3.52
3.91
6.49
8.51
-12.48
-0.95
-1.8
72.35
-6.92
-11.22
-45.86
39.36
-14.63
-14.52
-15.37
69.49
-16.12
28.62
-24.95
-158.21
22.08
33.47
-53.77
-5.68
-5.32
-4.71
94.21
-44.51
9.66
47.74
-14.47
65.84
39.83
-4.17
-60.63
-18.32
-64.92
2.47
-1.9
-18.57
-58.88
-129.95
-0.74
-72.94
-12.2
-36.34
-142.07
13.08
13.69
-8.72
2.77
4.3
-1.18
-34.19
-9.06
104.98
37.26
-4.39
-14.8
20.76
-15.2
-123.98
8.74
81.57
-22.53
-11.76
-8.94
28.3
-77.31
-3.73
-17.33
4.03
7.68
-15.64
3.35
1.66
-81.84
-35.95
83.44
-12.56
58.68
-69.76
71.57
-9.98
-48.63
21.05
47.6
-42.93
3.6
4.18
10.3
-364.3
2.68
-1.33
-10.01
9.76
9.93
131.94
8.93
-8.82
-27.11
1.73
9.38
-8.59
-139.81
-2.77
-9.08
-12.03
54.63
-42.59
-25.06
-9.19
-64.42
110.77
-6.28
37.08
40.41
12.28
-35.62
24.27
5.22
-5.95
-34.68
6.28
-10.65
8.96
-6.11
20.36
8.13
-1.58
-14.43
-102.82
10.18
-13.56
-42.88
34.23
1.35
35.08
6.58
12.8
60.78
61.52
16.16
10.87
-41.88
-33.57
31.05
58.94
13.53
48.7
9.41
-11.13
-14.68
-67.55
-15.7
33.94
16.08
-9.27
-2.82
10.95
-0.66
20.34
-12.53
1.48
136.42
29.41
-38.41
19.95
-187.04
6.87
7.68
3.89
103.04
-194.48
3.32
-34.73
2.3
12.97
42.9
-11.73
-9.91
-40.97
-11.83
-5.02
5.28
13.83
-5.68
-5.06
-79.77
-34.67
-60.15
-3.32
140.11
-9.42
-4.72
-8.92
-68.84
194.25
7.77
-3.18
-79.05
18.01
-5.82
16.71
-4.17
-6.83
-10.69
-8.96
8.55
-8.26
-7.32
-47.47
7.88
42.11
96.8
1
-3.97
14.29
-20.81
-4.56
4.95
-2.38
82.56
-10.18
-13.82
-3.64
-5.41
-1.57
-3.15
49.22
7.63
-157.84
1.04
10.14
-0.63
-9.5
6.66
-12.89
71.56
-63.7
9.01
-20.9
3.96
0.81
5.2
-24.96
-1.92
15.58
2.06
-14.32
-6.23
-2.07
3.77
-10.78
60.07
-9.51
21.07
-87.89
10.25
19.34
-101.11
3.29
-5.55
9.62
-19.41
-8.56
14.56
5.97
-23.52
-57.42
-12.88
12.55
17.13
-31.15
10.44
-30.17
-6.85
-9.21
-81.71
4.22
-31.92
-53.73
10.03
-130.59
-12.65
2.42
15.08
-15.07
14.39
52.43
-7.37
-5.85
5.38
-9.95
28.06
40
11.72
-49.38
3.54
-12.81
-33.72
98.03
-19.3
-42.98
84.13
137.65
-13.5
-11.32
-6.15
-9.58
-71.5
-10.78
61.66
66.36
6.64
-115.19
-0.98
-2.91
12.36
2.04
0.82
-49.53
47.52
7.84
0.02
-15.1
2.57
6.16
21.44
8.08
-8.89
9.92
-249.81
-40.67
70.29
64.84
-9.88
-24.15
6.86
47.74
55.84
19.84
-8.71
7.16
-20.92
-48.14
-6.61
71.64
-103.09
4.32
-3.01
6.43
-5.38
31.69
47.63
35.04
13.66
34.92
97.04
-5.94
70.38
-14.51
-48.42
-139.1
-93.16
-33.39
-5.11
144.78
68.68
5.45
-1.41
-54.59
-12.5
-2.85
-4.43
-15.6
-31.88
-38.92
5.05
46.2
2.64
6.93
-7.21
1.64
-60.94
-5.55
-129.66
11.78
-5.89
7.82
18.67
6.63
-15.47
3.83
68.96
12.83
40.19
-0.47
-0.85
11.11
-15.37
-9.86
-13.94
-71.12
-8.8
-15.58
