-28.82
-13.71
121.49
-5.46
-1.46
-10.38
-77.66
-177.69
2.09
99.98
64.22
7.44
-73.46
-37.53
10.66
-3.34
77.15
-19.49
-47.04
-97.31
6.42
-38.89
15.06
27.78
-10.36
-30.74
28.7
-25.14
-6.72
50.33
-304.83
80
36.16
92.32
-93.11
8.42
-47.18
-12.87
14.04
-6.1
4.6
-81.4
-1.15
36.06
16.46
0.69
-37.95
-21.85
21.51
-28.55
9.71
4.13
6.68
-14.06
174.81
-53.97
-46.72
-3.11
-1.22
-23.34
-37.43
-5.71
-7.98
-130.56
-5.31
-61.69
-4.97
8.52
8.4
67.8
49.17
53.36
147.96
0.64
36.84
-38.17
-15.62
-50.8
-6.2
47.32
35.62
0.01
5.28
79.54
-6.47
16.34
-74.02
-6.92
93.8
-57.78
-82.89
-13.11
-6.11
4.77
-30.64
20.67
-10.83
0.96
26.35
-15.95
9.64
-19.76
18.01
37.52
109.43
-5.24
-4.38
2.55
-5.16
-37.69
-72.04
-1.12
13.39
7.6
-117.47
1.9
33.81
-6.71
11.7
-56.48
41.4
45.39
-5.53
-73.58
53.27
-73.57
-2.96
37.2
-2.63
-2.94
16.8
-4.33
19.97
-160.98
3.93
1.38
101.57
4.05
-7.53
-8.58
-7.27
-17.92
-11.16
43.62
4.27
100.86
-32.61
2.94
3.43
-3.41
46.09
24.92
-1.56
-3.32
4.72
160.3
61.89
-56.3
7.56
-12.99
-111.25
15.96
24.09
-67.42
9.9
-18.78
170.16
-9.44
51.43
-9.59
-114.93
73.26
65.78
-159.73
6.38
-9.9
-41.94
-10.82
9.17
-0.46
3.57
-17.16
13.61
-62.1
-68.37
-47.75
-1.52
6.13
5.94
-207.82
8.4
8.68
40.55
-22.74
6.05
29.4
10.26
-67
-26.31
-123.83
-0.11
24.56
17.3
-55.92
0.72
-49.19
17.43
108.46
1.71
41.02
16.09
8.71
8.57
-8.99
5.32
10.99
-1.68
5.83
-6.79
24
-27.05
-261.89
5.46
-103.38
-1.15
-3.5
-34.63
15.21
64.2
38.89
13.54
57.76
10.59
-102.52
44.62
-11.82
6.78
15.67
13.48
-6.64
-6.58
215.88
-13.51
-57.67
37.25
-42.01
2.7
-65
-38.2
42.76
0.87
-22.59
-38.75
0.6
5.8
4.51
-5.74
-89.68
109.82
14.82
2.39
2.2
1.46
5.37
-23.98
28.17
3.59
13
-134.23
-1.09
-124.85
35.71
41.24
53.4
-8.74
60.01
1.11
0.6
0.92
-2.87
14.02
25.74
-1.99
-18.69
34.31
-148.63
0.46
-16.26
11.02
-1.83
-1.37
-13.03
91.23
7.56
-41.08
-341
0.05
2.45
145.92
18.82
-40.31
-60.27
31.49
5.01
-85.85
-16.37
0.98
9.23
97.34
6.68
36.46
37.48
-35.95
-31.16
-4.81
95.52
307.53
5.32
49.81
-67.03
16.73
-10.39
41.42
-13.86
-5.81
-80.72
54.95
-32.8
-9.7
0.22
12.04
-30.23
72.14
1.37
1.65
173.61
-4.71
1.69
5.8
84.04
112.83
-13.77
4.29
-6.61
-8.09
65.22
-22.96
12.12
-9.92
0.09
34.67
-34.86
-22.97
11.44
-1.48
-1.68
12.96
-13.39
-21
-46.51
9.29
-104.1
-48.32
-7.96
26.32
-37.46
46.05
-10.9
60.85
-1.89
9.46
-17.81
-116.68
-102.07
-5.46
74.52
-6.86
-13.05
-7.17
-4.32
39.45
14.07
-5.17
-10.62
6.29
6.32
-20.78
59.51
8.01
14.59
8.36
-71.55
-1.33
10.77
-19.69
57.49
3.17
-16.93
86.62
-10.94
15.94
-44.87
-94.22
54.9
-6.55
-4.37
154.49
6.42
22.07
6.15
-9.66
53.95
114.24
-68.75
-11.7
138.73
-17.68
-10.92
-200.55
-49.97
-10.88
29.29
-7.87
30.97
77.96
-62.57
15.37
2.52
9.72
59.52
-324.18
-16.05
-21.93
-13.23
-1.66
-53.2
-72.78
-5.7
21.05
18.62
-7.74
67.26
-7.89
0.18
15.31
-20.86
-0.66
9.13
-55.84
-5.29
-1.82
58.42
-75.32
45.08
2.38
-11.84
1.29
-7.33
-2.31
4.36
-4.95
-5.85
-0.97
5.94
-10.99
62.19
-5.3
-10.42
-4.32
5.92
9.67
131.88
-21.45
3.08
-6.19
-4.04
-5.76
3.37
4.28
59.19
6.97
66.87
-10
26.89
60.89
9.76
13.15
9.01
-8.06
-13.67
-43.23
69.8
-0.48
29.36
18.08
32.05
12.84
-11.21
57.92
-26.44
6.94
19.34
-0.49
-115.59
-49.85
89.63
37.14
8.75
3.79
-7.94
-52.93
20.87
79.37
1.65
314.8
-18.39
20.55
20.26
18.51
35.09
-7.58
-25.07
11.74
8.37
14.09
3.51
-101.37
24.52
14.71
13.13
24.79
30.3
2.99
-10.12
-36.99
-5.33
34.62
51.32
-72.53
-107.28
-61
9.93
196.74
-56.61
11.09
81.76
-20.32
-4.65
-65.85
29.08
46.6
-27.45
27.73
27.71
-15.84
-14.36
63.72
-11.7
8.63
1.72
4.67
-18.36
4.55
-15.7
-47.77
10.61
27.86
-10.52
21.94
5.59
-3.55
16.92
-57.04
23.89
55.96
75
9.86
9.99
16.08
73.83
1.69
-41.3
-35.63
-17.21
-35.25
-96.36
51.43
-29.51
11.04
22.35
-104.52
9.02
10.96
27.42
18.66
-49.57
-29.09
-134.63
-12.7
23.31
37.41
-4.4
99.44
-7.37
-15.99
0.65
-67.62
1.47
86.51
2.64
0.2
13.8
47.7
-3.74
-3.36
25.59
-14.49
63.15
18.66
20.4
36.8
-4.33
95.96
56.54
10.23
-6.49
21.98
-18.16
223.94
79.22
1.51
25.74
-129.15
-9.01
53.57
-21.38
-34.52
-0.98
-8.16
-10
4.78
179.28
-79.16
16.19
-4.66
-3.63
76.83
20.31
5.58
12.23
-27.35
55.67
8.34
8.53
-6.67
17.1
9.84
1.44
-14.69
-42.7
-11.99
96.12
-1.8
3.18
-3.86
-69.32
40.14
-60.16
52.65
-64.44
59.58
39.29
-13.63
9.71
24.55
12.52
-1.31
2.87
-4.79
2.04
-15.07
197.63
-70.63
-63.95
5.57
-11.21
-14.28
30.46
22.54
-0.44
-53.34
-36.15
57.39
120.13
88.52
59.1
0.16
-10.22
-56.56
17.75
50.59
4.29
9.28
22.42
-27.82
10.42
-8.45
25.65
37.79
15.64
-3.79
-23.1
15.87
-42.5
135.85
-59.59
-4.39
2.34
1.38
18.12
-96.31
7.46
61.82
-11.7
23.66
17.59
20.03
18.51
44.96
-8.28
7.05
9.95
36.16
-20.58
-13.13
-107.56
-0.55
-183.46
7.65
10.23
94.27
-18.88
-90.85
-4.27
35.12
14.22
-3.06
-10.36
-6.6
13.44
53.56
-25.65
5.5
-36.26
-111.73
-35.97
-97.86
11.48
14.94
4.03
9.01
-64.45
-7.19
-61.94
-10.92
-15.05
3.96
-15.49
-36.39
4.21
40.91
85.31
9.77
-5.78
-12.33
-1.42
21.96
4.47
4.06
0.85
-4.09
-5.12
0.62
-34.38
-22.83
0.16
8.81
-17.7
29.93
2.3
-0.97
0.37
-79.06
24.22
-1.75
-282.67
-0.48
37.84
-77.24
15.81
49.46
-11.52
9.21
1.63
13.51
-0.99
72.33
33.69
-141.41
21.66
-107.59
-3.69
-0.31
-39.52
0.22
-4.35
26.94
11.04
-30.44
-46.52
7.89
0.51
71.35
120.33
-0.28
26.97
44.59
-76.96
39.01
-104.43
-7.28
76.57
20.7
59.46
36.12
76.91
-0.25
-157.46
10.04
-2.17
11.38
44.95
-7.78
3.96
14.6
-6.36
37.79
73.82
-5.21
40.26
24.68
45.83
-14.75
79.32
-7.4
-5.81
-2.13
13.79
-4.47
88.15
6.79
4.56
7.35
-89.06
3.79
11.94
-2.77
-33.53
85.22
59.55
7.7
-74.85
-9
35.38
0.47
-10.1
16.73
58.94
73.76
-63.16
65.55
-16.34
1.56
-85.11
22.51
-5.7
39.47
-0.18
-23.54
-150.98
63.78
25.78
7.41
3.38
67.03
35.34
1.4
7.25
13.1
22.91
-15.32
-17.62
-67.02
-85.56
2.17
71.13
80.95
16.58
8.07
46.32
-8.16
58.6
10.62
53.56
159.93
12.89
-49.47
1.96
14.12
0.15
25.51
-5.96
-150.23
98.39
13.15
-29.49
52.34
-11.22
61.63
-108.53
48.81
-47.56
-71.8
-20.15
-49.67
-5.29
402.75
37.4
12.85
13.81
-10.37
-13.38
-114.72
25.18
40.54
-37.08
-53.52
-11.97
26.52
14.01
10.82
-37.46
-11.07
-47.65
39.99
10.61
-4.88
43.26
-5.33
-3.76
6.82
19.2
10.22
-33.38
-11.65
-8.65
97.29
27.75
-5.97
6.87
-3.93
-31.79
3.84
-8.81
15.72
-18.46
-9.42
-51.62
33.03
-6.5
-13.27
-101.33
25.68
-13.82
7.61
-0.71
-24.78
48.49
14.23
34.54
-36.63
7.38
-21.73
56.94
25.91
57.31
13.1
-4.47
-4.08
31.65
-9.92
6.7
4.83
-34.74
9.74
84.82
21.92
8.34
-4.82
-10.9
-32.1
-14.13
7.23
153.26
39.24
97.21
11.16
136.78
-5.53
-76.07
121.02
-99.2
7.45
8.68
