-4.56
-0
11.53
-82.12
6.76
-77.81
14.17
29.03
-88.7
-5.66
0.13
-0.66
5.61
5.6
-3.67
-2.99
-0.99
1.93
-2.53
-21.72
-5.92
2.75
119.05
11.71
-0.99
0.67
57.22
-41.79
15.02
93.92
-15.08
21.1
-104.66
-161.74
-6.7
77.46
-7.99
-84.15
99.42
-12.98
-11.87
12.85
7.8
29.95
-7.63
0.41
-30.26
-5.09
-29.37
-43.03
7.42
6.27
25.38
24.46
12.34
-118.18
-1.12
11.79
-7.85
10.82
7.51
0.38
20.93
-21.74
-2.34
5.28
-1.06
-3.16
3.79
-65.19
65.41
2.35
87.14
11.68
16.54
3.22
13.95
14.56
6.68
-1.51
18.53
20.25
36.74
2.46
64.08
-5.8
41.41
-14.73
-130.24
46.18
22.71
-0.09
33.41
12.12
3.8
-3.22
-26.98
-29.9
59.78
-7.74
8.84
-22.48
3.92
14.37
-13.52
17.99
-7.26
35.84
-5.89
-17.58
-53.34
-6.7
-46.24
16.72
-15.88
-97.66
6.34
63.88
25.92
176.68
8.63
-19.75
54.03
30.43
8.68
4.22
121.15
38.42
-31.29
-14.52
6.34
134.42
-62.82
-23.02
-98.35
12.4
-87.16
12.04
41.92
-32.24
-13.8
-35.27
11.98
8.74
16
-7.53
17.9
-107.04
131.45
-32.09
8.79
37.37
-15.81
-63.67
-4.25
7.25
-0.13
0.57
92.13
15.05
7
60.54
31.74
20.37
-30.7
79.45
19.57
5.4
-6.27
7.46
25.86
-13.5
-1.1
-25.55
2.29
-15.69
-56.18
13.35
32.94
-26.47
20.83
46.32
97.93
91.15
-4.07
-27.51
91.3
-5.01
97.32
-3.14
-6.5
11.01
5.88
4.77
-45.9
24.04
-3.49
50.34
3.57
-79.4
14.05
-11.86
7.66
10.12
-93.63
22.12
-14.88
-79.85
1.03
37.67
-5.67
55.96
-2.98
21.07
-14.71
265.2
12.75
-46.93
-72.51
-5.76
33.94
22.54
-5.72
29.24
-26.05
-9.91
-7.01
78.31
60.4
-22.39
8.54
54.09
-8.92
38.34
-67.05
1.8
18.43
17.29
-17.28
5.83
27.93
5.58
-25.23
13.45
-24.75
27.64
-0.2
34.12
-7.62
4.18
-13.03
26.24
12.73
47.1
66.8
-7.25
-5.86
22.65
-116.69
-17.48
13.76
10.96
-6.6
2.25
63.62
-34.92
-23.92
-2.32
-7.75
8.39
-6.8
-28.11
-50.43
-18.67
-4.72
63.78
49.2
-7.63
-7.2
23.77
4.47
83.69
-6.64
7.38
15.27
38.67
-2.39
106.98
-25.78
-106.92
34.77
-10.02
-162.77
-66.16
1.78
0.08
-15.9
-6.28
28.25
-3.65
12.26
-7.26
-18.82
13.81
12.77
-79.28
-24.3
-36.42
95.31
42.58
6.15
7.32
-60.86
-10.14
0.09
-0.5
-11.68
-16.59
-215.71
-38.76
49.3
-45.18
-85.25
5.89
68.66
-8.74
43.63
-2.87
40.7
-43.28
-8.6
-16.8
-1.66
-2.59
-1.64
9.49
-9.73
11.38
5.34
104.48
-14.81
-4.32
-7.41
-6.13
8.56
2.72
104.57
-72.39
22.26
-7.36
-124.65
-10
28.26
29.94
-8.34
92.91
-6.58
-147.61
-12.19
-109.4
-8.25
46.99
-65.3
9.5
-67.7
0.8
-15.97
34.48
90.19
9.96
41.28
-20.1
-9.11
3.47
2.14
-3.8
-4.8
11.98
-24.59
-112.27
-9.17
4.26
-71.05
127.39
-12.19
-25.82
-58.29
7.77
-41.68
-9.03
-60.48
60.32
-72.33
-8.16
8.23
9.83
29.85
-13.77
-22.38
-61.75
71.73
13.56
9.54
-11.76
49.46
44.35
-32.67
8.48
-22.65
-320.75
7.05
-21.55
47.18
11.83
-6.62
3.2
-26.15
-49.49
-0.78
34.17
13.34
74.97
1.26
-16.15
132.38
5.02
15.19
-4.45
44.74
-1.21
-30.16
88.68
32.8
-9.09
78.1
-49.24
59.8
10.09
-22.01
-17.23
80.09
-19.09
-11.91
40.05
29.21
35.57
-6.52
13.46
4.81
-79.08
9.63
-13.29
11.01
39.41
174.61
-81.63
-44.47
4.58
47.82
-26.54
3.51
6.98
-52.25
-4.94
-13.55
14.42
33.56
-10.57
-3.24
-16.02
32.95
-18.66
-19.54
3.1
-4.51
-113.73
4.03
-89.9
10.24
-33.76
8.18
15.44
-14.16
29.88
-0.72
74.91
-8.33
-22.29
5.79
-32.32
55.45
-9.14
52.12
12.13
-12.08
90.49
26.74
-87.12
-15.93
-1.53
88.85
9.39
-4.42
26.83
-76.8
77.77
-117.37
-3.52
-58.01
35.17
-8.06
-130.95
22.07
86.27
72.29
-74.22
-24.28
-19.22
-11.75
141.55
-25.65
13.78
-22.66
-12.3
-4.47
51.16
30.17
-122.93
26.12
-6.12
-47.67
-7.75
48.9
-4.54
-29.29
-37.05
12.75
117.13
55.34
35.95
-10.41
-7.85
7.19
8.36
0.06
-16.52
3.62
34.16
-41.18
2.61
1.12
-14.34
10.07
-5.9
-12.62
14.49
38.51
15.94
32.96
1.41
-1.45
60.88
9.04
10.55
29
-2.14
6.17
-8.57
13.76
-57.9
8.2
-105
61.49
-8.66
0.39
-16.42
29.5
21.81
0.96
2.83
12.33
-48.73
8.79
9.27
23.98
-1.31
-11.13
13.36
-122.55
74.11
17.41
15.82
13.48
-41.33
-41.42
-44.14
3.04
-14.69
9.49
50.85
-11.94
56.89
-11.67
-58.79
57.24
10.04
20.37
-1.56
52.47
2.23
-3.3
-0.1
40.78
-8
-0.6
1
-3.54
-8.78
8.28
5
-13.83
-8.14
-189.5
-10.94
-6.66
2.42
67.15
85.52
-16.64
28.61
-4.36
17.58
-100.68
-22.88
-7.3
135.53
-1.26
-15
8.85
-29.66
40.59
-84.28
63.18
-10.58
16.04
-9.09
16.35
-81.85
92.12
7.29
-0.88
-26.46
-14.13
10.63
7.6
-5.96
-14.31
-42.8
-6.86
-19.98
-36.19
55.37
-24.5
15.4
-17.49
-9.62
7.11
-43.03
12.67
91.92
43.55
-0.12
-66.43
-27.59
-2.42
25.45
-64.19
-3.8
-6.33
-132.26
-8.22
10.52
-11.96
8.09
-65.82
-35.32
147.17
-3.2
42.98
-33.12
-50.55
19.8
2.57
19.86
-109.71
75.85
-11.39
97.73
-8.35
-4.4
48.63
7.25
2.48
32.56
68.45
13.51
36.4
2.31
-36.54
1.7
-10.36
10.81
17.26
-8.01
-5.8
13.3
49.33
-22.52
4.23
-4.19
-11.92
-13.82
34.8
20.92
-136.73
46.5
45.89
-13.97
-43.34
-7.67
-7.6
-2.77
15.74
-14.07
-13.92
4.46
-90.16
9.7
-3.91
-9.95
-43.58
8.52
75.82
71.34
27.46
77.42
-87.87
-112.64
-5.59
51.19
-15.65
-6.92
1.24
-15.75
154.79
-14.31
9.45
-79.2
-15.94
-65.57
-30.37
-176.24
-2.89
-0.29
12.31
-11.67
-66.43
10.45
12.28
4.02
-8.71
5.73
-15.84
0.55
-2.6
-15.27
-32.1
-9.38
59.35
-13.74
-11.39
-6.08
-5.13
24.35
10.36
-25.52
-27.54
-16.9
34.71
68.64
28.87
55.57
3.99
-33.47
74.64
-9.96
26.9
5.84
-15.47
-16.84
8.8
-52.43
16.23
3.92
-3.76
2.97
38.69
37.05
7.47
15.81
-15.84
3.42
-9.94
6.9
12.75
18.31
-36.05
8.76
7.19
71.94
2.13
-11.65
12.3
-15.46
4.37
42.74
-98.6
-13.9
6.71
-39.37
-15.54
-36.41
103.1
-40.31
-7.05
16.92
4.94
17.17
-67.07
17.25
6.43
1.47
23.32
5.33
-9.25
28.8
14.18
0.76
29.68
-10.06
-0.22
-2.17
-75.55
117.03
-39.15
23.85
22.62
15.09
1.17
-8.53
-76.14
128.69
1.7
-0.45
-12.02
5.29
24.14
43.96
74.98
100.24
-28.06
-130.77
32.24
13.61
-8.53
-34.64
-0.7
30.97
23.55
23.73
7.87
-34.85
-6.64
55.89
48.54
-147.8
-4.93
-137.62
-94.08
-55.24
-93.98
-53.13
-7.78
123.19
9.14
8.41
-197.49
-10.6
-103.13
1.76
-1.22
-3.1
52.66
-12.68
-9.14
-31.32
61.45
-8.74
118.17
-52.41
-3.31
-118.19
70.84
-22.86
4.63
5.47
39.63
-20.8
-6.62
32.91
-6.07
-63.1
2.26
-6.83
-52.22
8.76
-20.16
17.82
-15.02
6.55
7.45
-80.15
49.59
1.34
90.41
-8.69
86.09
39.08
-0.37
-4.1
-15.62
133.85
15.53
17.08
-41.89
8.16
11.17
19.66
-67.23
-13.89
12.61
33.79
2.31
-8.2
27.63
-2.78
10.12
-24.58
76.09
98.01
2.09
13.32
56.06
-5.67
-9.54
19.54
64.58
2.22
63.41
18.58
4.59
1.3
-60.1
-2.89
-2.44
-29.1
21.24
-25.87
10.66
71.9
-9.8
6.61
6.69
69
-29.28
37.33
-24.44
-12.08
0.79
-34.75
-14.96
37.86
3.92
1.9
97.17
43.41
59.1
6.73
-11.45
38.81
3.37
-199.81
-13.64
-67.04
7.81
-5.09
-4.67
78.13
-22.67
-0.18
-48.62
8.8
62.82
-56.27
-36.6
-39.49
10.29
9.26
-10.69
-60.75
-59.26
-20.21
-2.98
72.44
