-5.94
5.84
-9.95
-22.53
-56.77
18.05
-7.74
-14.99
-28.7
30.28
2.78
33.55
-5.53
15.05
10.22
82.52
24.78
2.86
4.98
63.14
-100.54
-75.88
0.49
12.95
13.12
-15.37
64.54
-16.71
51.97
23.72
124.61
-18.86
91.47
-0.04
11.18
-109.64
27.84
20.78
-169.72
7.32
-69.43
-0.27
-9.74
5.19
19.98
17.67
-1.53
2.4
5.56
-9.04
6.85
-3.17
21.45
-7.73
59.52
11.25
54.75
-93.68
10.29
-7.87
5.24
18.69
163.83
8.29
8.35
-77.1
-34.27
-22.83
120.04
43.07
-50.35
-17.59
9.76
-1.19
-33.33
13.97
-24.52
-7.06
-1
66.66
63.32
40.49
26.68
-147.45
111.43
9.17
-11.34
-6.21
-25.94
-8.81
0.13
7.22
-54.59
0.23
8.21
23.51
1.69
4.43
-7.98
-38.84
48.05
11.78
67.5
-2.45
56.76
-23.22
69.64
-86.31
8.87
-9.86
-5.5
11.72
30.92
98.64
55.71
-50.91
-2.41
-84.11
158.41
18.72
-64.88
-185.36
18.46
-7.02
3.62
26.35
12.98
7.64
-34.32
45.61
39.56
0.8
-80.03
10.6
-8.31
-120.07
-9.49
10.72
5.45
-0.18
56.5
-5.6
68.52
31.91
41.42
52.03
12.64
-33.42
22.95
-103.17
-3.12
101.77
-10.65
10.06
79.55
-5.29
-9.14
52.81
6.21
46.83
-10.12
-68.09
-51.02
5.6
-49.29
38.17
0.03
-15.57
23.59
2.02
-55.41
-44.81
-74.7
-14.69
-10.71
3.49
52.75
2.81
-65.36
8.78
-23.1
-0.41
31.13
-3.51
5.66
60.38
-5.09
-66.43
6.66
5.82
80.69
-205.34
-4.5
3.53
-11.81
-4.59
136.63
-72.21
25.02
-38.99
4.84
64.01
6.35
17.97
-46.22
-2.48
-1.56
-172.92
-85.54
52.67
52.09
3.03
-7.44
-4.41
-121.46
29.85
-14.51
19.44
-119.57
11.67
3.77
-3.68
67.43
27.09
69.61
-3.58
10.41
-6.44
-4.55
-11.08
-6.07
-0.52
18.77
41.91
74.01
2.62
2.42
62.05
40.2
65.28
-148.4
-96.84
85.23
11.07
-17.88
43.79
-7.3
9.21
-8.71
10.48
-70.43
37.4
-28.52
9.36
5.52
9.1
7.95
-21.76
-9.04
-2.95
-57.47
4.41
1.82
235.37
55.76
5.25
-133.8
-32.24
-1.68
23.89
25.12
-108.16
43.62
-4.61
-3.83
-7.86
91.48
4.49
84.55
-101.67
2.51
31.34
-18.94
18.71
-60.25
35.96
-74.44
12.57
15.16
2.78
12.51
-87.41
1.9
85.36
-22.13
-50.2
1.91
12.71
4.86
144.34
-7.85
6.07
-4.99
30.19
-32.71
12.31
-24.17
9.13
-6.15
1.92
10.36
-25.06
7.77
17.69
16.32
-9.7
5.97
-3.96
-4.67
-164.1
33.77
16.11
10.85
86.68
7.11
-30.21
3.73
43
-10.85
7.57
2.01
-1.65
-168.2
60.58
-11.02
7.27
56.07
-0.03
15.58
29.71
62.19
4.35
13.3
-11.47
0.96
6.48
23.35
42.18
-71.52
-13.67
131.88
35.27
59.28
-89.98
27.57
10.62
-21.35
-32.46
-9.51
-12.88
9.24
-7.31
109.35
7.42
-91.58
-12.24
-4.69
2.42
30.05
-71.56
9.96
-18.36
23.71
-4.16
-122.44
-51.87
-17.31
7.07
-16.7
9.82
8.22
-26.48
-13.33
-43.86
5.15
14.98
19.47
7.29
13.68
5.9
-9.97
2.14
-36.46
-82.89
-86.8
2.06
-4.8
6.83
13.48
30.46
-89.68
-58.26
-26.93
67.12
11.51
3.09
-8.56
110.28
95.15
20.23
-4.48
-10.33
16.67
-10.5
-2.45
-27.89
2.58
-26.19
31.79
-47.11
-12.97
20.36
11.89
-7.71
-12.62
-9.83
54.8
13.74
-3.17
-1.85
-6.21
19.48
-121.81
-15.96
29.58
104.74
-5.73
-23.79
-2.04
38.04
-5.53
-46.33
4.07
11.44
0.31
32
-23.92
-60.84
-11.52
85.39
5.15
4.94
-58.2
-1.27
-13.2
51.38
-4.09
35.31
-12.95
-1.95
-12.51
19.16
48.1
-63.72
-31.93
11.82
51.86
58.08
5.81
80.95
-10.91
-1.98
-14.48
-107.15
28.5
-84.42
3.29
16.41
-2.8
-10.45
3.64
-6.01
-2.93
174.64
3.37
65.88
38.42
16.59
-33.64
40.52
11.14
12.41
-78.86
-14.1
10.62
-26.35
2.13
-75.92
-43.17
-7.3
13.4
34.81
6.64
-3.15
0.55
-11.65
19.14
1.88
53.17
-7.74
-67.57
10.07
-7.9
25.93
-1.36
-78.24
0.11
58.86
-115.83
7.57
-38.63
-8.56
20.89
39.79
42.92
-11.33
-7.77
8.77
-74.03
-32.81
47.57
-23.12
-1.74
-31.21
-5.96
-27.17
-7.71
17.65
-13.44
38.44
14.98
36.97
1.39
55.44
28.43
2.57
-80.48
10.83
-90.72
41.87
-32.44
-90.37
281.51
-8.06
9.7
0.15
25.21
14.3
1.22
-11.53
48.42
44.21
1.99
-24.53
45.52
-13.73
7.92
11.79
33.86
-146.48
15.93
83.31
-5.29
-14.91
74.41
4.03
13.42
-5.71
-7.95
-7.34
33.96
5.38
-62.08
77.39
-11.76
-31.18
-17.81
-6.55
-23.44
38.01
18.86
22.01
0.99
175.68
2.55
74.79
-5.56
39.62
-28.32
-13.96
16.97
-20.3
-6.55
5.36
8.91
-27.47
-32.15
88.96
-13.38
91.14
-123.86
27.49
10.52
-76.78
6.52
-31.14
-11.35
20.97
33.92
-54.93
-4.21
36.32
71.92
-5.62
-37.05
37.93
17.57
-2.16
-26.49
25.46
-108.83
-38.59
14.38
-47.17
110.51
52.92
-27.31
8.12
10.82
-9.88
7.81
9.34
59.82
-9.75
47.26
5.59
-27.95
3.74
-1.4
2.17
61.65
79.36
-31.63
-26.83
-118.09
-6.54
11.33
44.51
-34.75
9.73
10.35
20.19
-22.53
6.52
80.29
45.07
2.74
-44.13
-9.36
-24.76
11.08
1.42
24.02
6.48
86.84
1.72
9.82
46.59
83.6
29.42
-6.44
11.77
0.72
22.51
-3.38
-12.66
0.61
-202.81
-43.25
-20.6
-0.78
172.71
-47.85
31.17
50.05
0.22
-51.07
-4.65
72.9
1.25
-3.19
1.12
-7.58
-6.83
-6.09
-33.59
36.03
8.28
5.33
5.2
-8.58
-249
44.78
26.74
4.92
89.24
-52.68
-2.96
6.09
-9.47
20.4
1.18
2.23
9.24
-18.28
-2.2
-46.36
1.68
12.65
28.72
-2.96
-29.15
3.11
-1.03
-6.81
-12.36
20.39
21.94
-11.6
-89.97
-38.71
-35.62
3.12
-2
-2.65
-34.16
157.45
48.1
40.24
0.73
0.65
-17.04
23.03
0.05
0.31
2.85
-25.3
-15.06
44.14
87.56
11.15
-54.31
8.84
-146.32
-109.82
0.31
1.95
39.42
8.21
24.58
-0.98
-3.66
-46.68
-229.53
10.53
-2.63
20.78
7.45
10.35
20.8
0.59
9.48
-47.91
3.14
-4.41
49.57
-3.7
-9.02
12.07
-33.76
-15.96
-38.24
3.98
158.88
0.22
93.53
-10.08
20.07
-11.36
106.14
-2.54
6
-141.43
44.81
40.19
37.82
30.13
14.61
87.48
-39.64
64.57
-18.18
1.41
-6.42
-5.5
15.83
44.31
49.89
37.29
14.74
40.17
1.26
13.64
-30.92
-2.27
25.89
-8.06
9.87
11.13
67.97
78.99
73.29
-64.55
-68.09
-6.1
96.04
-32.76
-198.52
25.52
13.5
11
60.48
-6.03
57.92
3.4
1.83
52.1
-88.72
2.93
52.19
6.5
0.83
-1.66
59.01
-33.4
-137.1
26.81
-11.13
-72.83
137.4
-20.67
-5.81
-9.85
-8.24
-30.21
0.4
-200.26
60.47
-4.66
8.42
35.66
-6.69
51.62
56.86
10.47
27.23
-9.63
10.6
17.02
-58.81
-20.65
-189.86
-41.29
20.43
-39.06
103.19
11.2
2.68
-2.76
-10.21
-9.46
9.69
3.98
-67.75
-10.1
-12.21
-88.52
49.2
67.98
-13.95
97.13
-5.01
-58.97
77.1
-30.01
-50.72
-6.22
-2.72
3.45
-4.68
20.66
43.07
113.25
-8.28
27.54
-4.91
27.43
-5.56
-2.23
55.33
5.1
2.12
-49.81
-13.83
0.94
-2.94
24.65
8.19
0.51
32.62
28.87
3.12
0.86
49.53
-145.81
-41.42
28.28
29.67
30.19
9.94
27.89
-28.18
-72.37
115.2
30.09
1.31
1.37
48.43
3.32
-47.23
79.08
61.49
149.56
24.59
-122.15
36.29
168.17
-42.17
-172.63
29.05
-38.99
-5.43
-33.15
-5.93
-31.81
79.64
24.92
-107.8
9.74
-9.24
30.72
18.38
-17.18
-7.83
-3.81
2.08
-24.45
7.66
1.34
-19.75
-3.24
7.69
-4.44
32.79
-59.92
82.99
-68.74
56.38
-4.54
-53.11
97.49
42.2
37.69
-3.83
-6.55
1.5
-8.95
-26.47
1.13
27.72
-0.51
-36.69
41.53
20.54
4.12
-1.49
-41.23
114.67
17.99
-0.66
1.46
24.4
-12.49
5.91
-5.52
-13.17
-147.27
-42.17
-30.9
15.5
-34.73
-42.59
113.5
80.34
