-13.3
40.81
17.74
171.74
7.19
17.95
-97.85
-28.55
1.93
55.22
11.41
10.11
1.57
6.46
-5.78
2.04
6.99
-17.85
4.26
-14.45
-49.64
20.11
-5.3
-92.37
24.95
4.27
-22.41
-12.39
-4.71
54.73
0.67
24
-17.02
-11.46
22.68
-4.76
0.2
-10.25
9.04
5.3
5.1
38.27
-110.62
-7.36
-10.66
131.17
49.47
-0.03
-9.7
-4.24
24.34
4.22
1.34
-39.44
196
-28.14
-13.71
-10.07
-66.36
56.66
-2.62
10.45
37.04
10.74
-17.32
-25.5
-12.04
4.61
4.21
-3.44
-30.94
21.35
-2.34
-33.89
-6.75
-11
-8.37
12.51
37.24
-7.77
9.04
-15.56
-66.68
38.11
-11.92
-11.3
-112.72
4.1
-34.12
-4.22
-2.31
30.28
33.98
4.5
-52.61
104.33
23.31
-2.05
-11.21
31.79
-2.02
-36.6
24.16
106.77
-3.48
-1.55
32.65
-206.17
-5.52
-87.96
7.51
-19.87
36.14
-6.32
15.51
-9.9
-16.79
21.5
-52.43
85.62
9.69
19.05
8.65
31.82
26.98
-9.58
24.98
-7.68
-10.92
28.88
42.13
-16.38
-4.37
-22.53
26.76
-71.19
-5.31
34.32
5.08
-14.21
66.56
10.09
-1.68
33.49
-2.51
12.93
12.53
-24.23
-43.44
-44.46
87.8
2.05
53.66
12.76
62.57
-62.6
77.1
0.97
-36.05
7.48
-1.58
66.46
-6.1
10.67
14.23
3.62
-0.33
-2.26
8.74
-87.66
-22.5
-15.5
-17.75
-7.8
-285.49
-0.85
30.57
-91.77
-38.06
-28.56
-0.51
37.93
17.47
0.77
-3.74
14.21
-232.86
7.62
60.94
-7.05
6.69
-11.85
11.83
25.08
3
12.68
-17.52
-9.05
12.5
95.86
-5.78
-8.78
55.89
-1.71
35.94
10.53
-43.69
-70.95
1.18
14.61
3.24
105.77
1.89
-7.36
-33.4
-17.66
-102
-40.11
-0.02
-0.6
-8.8
-329.62
-11.94
-40.76
-17.96
-17.47
-41.87
-35.63
21.13
26.39
-10.18
95.8
-28.05
7.88
6.12
-9.03
26.05
-2.48
108.15
252.44
-15.21
-25.76
-95.53
20.89
-33.61
-14.36
-61.63
-50.44
-4.49
-5.07
43.95
42.32
8.84
-9.84
42.51
30.06
102.16
127.23
35.31
-83.13
11.23
-70.13
10.31
-9.84
5.3
13.15
-0.71
5.5
-8.37
-1.68
42.13
0.03
46.69
4.08
14.01
2.34
11.45
97.99
-14.19
-4.7
-74.99
-28.9
59.26
-8.74
-11.85
16.47
-17.58
44.25
-8.79
42.04
7.13
6.05
56.92
40.83
59.34
-10.25
-33.62
0.94
86.99
52.52
2.49
26.79
-25.31
-18.18
7.57
-0.29
-7.86
-21.75
-52.38
1.88
-34.12
103.04
-148.3
-11.96
-157.26
90.09
9.67
-101.63
-23.84
-7.84
-66.53
-6.11
6.49
43.03
4.89
-4.18
-8.58
-7.89
-68.49
-111.41
10.19
34.03
-111.06
-26.67
-40.53
39.9
-2.5
-57.94
-10.79
-23.25
-0.59
-3.19
22.78
-69.57
-3.8
-93.53
59.7
-20.72
9.86
-32.36
78.34
16.5
-23.79
-33.6
8.09
91.04
114
35.93
112.86
54.18
17.89
-56.57
43.22
-25.07
-26.77
-21.85
54.38
-12.25
2.09
68.11
5.4
91.42
44.63
11.93
-6.8
-7.09
-60.85
44.54
-20.03
5.99
13.82
-2.68
-3.42
21.07
32.66
12.93
-2.71
-268.16
11.3
1.74
-19.59
45.83
68.3
-28.74
10.09
2.86
-12.65
9.64
-12.37
-0.95
202.49
0.37
-7.71
18.27
-3.85
-328.38
3.08
-53.21
14.34
4.03
-20.64
412.3
2.11
-10.59
-42.69
-55.74
29
-6.93
8.63
10.95
-8.26
-14.95
71.55
13.74
15.34
-24.45
-21.55
35.57
-24.27
-25.16
86.12
29.2
-98.67
-3.8
-5.58
37.97
-42.45
-89.01
69.52
18.19
2.02
6.14
38.21
-59.17
61.45
8.16
68.32
-0.12
8.2
-210.38
37.99
0.53
-3.16
6.84
-127.14
-25.06
26.26
61.08
32.07
-24.61
-134.16
-6.24
-11.64
5.78
-3.56
8.73
0.1
39.12
-16.69
-29.08
67.25
-0.86
-33.63
2.98
5
0.72
75.61
3.34
38.22
-10.83
-4.91
24.7
119.11
13.2
0.34
-14.29
-59.19
5.89
3.88
-12.82
84.42
4.79
5.24
-54.94
76.02
-59.8
63.05
-31.2
1.42
-390.02
-51.71
5.68
-5.6
-10.39
3.89
45.5
4.37
39.48
32.17
3.47
2.87
90.67
-18.61
29.33
-8.95
15.36
-34.08
-5.57
26.29
-1.02
30.79
-23.84
-14.07
-19.71
-28
19.34
53.09
6.5
4.03
9.01
34.64
188.03
-56.86
-7.36
54.36
4.66
-2.01
-3.65
-10.38
-145.39
-19.55
-9.76
20.24
-50.31
-11.6
56.68
6.17
43.89
-11.96
58.46
21.32
53.97
-73.89
0.59
-84.85
-116.2
33.69
-1.76
7.78
-3.29
-62.98
33.61
-1.91
43.05
-1.23
-9.5
7.74
7.76
28.03
127.21
-62.45
-6.94
12.26
24.34
-13.59
105.28
-5.08
52.61
105.91
10.29
-7.79
-10.26
31.89
35.28
8.75
24.9
1.49
32.57
-61.67
26.04
29.41
98.16
-13.14
46.16
30.79
66.48
4.5
-21.9
-73.74
-100.38
-94.13
-1.17
-61.69
-23.13
-10.98
21.7
-14.73
-5.77
9.62
1.63
48.14
-26.61
24.64
47.02
45.46
20.58
44.64
-12.1
38.68
10.63
-15.61
10.01
-52.99
-130.21
8.21
-158.37
76.14
127.61
1.02
13.17
-64.88
63.43
7.22
-13.96
-29.22
-13.54
-11.59
14.91
28.61
16.51
-100.65
38.3
82.73
5.34
140.11
14.42
53.43
-71.36
16.55
5.67
7.69
2.71
-63.16
-41.35
0.79
-3.09
40.95
9.88
69.71
-9.83
-7.3
19.91
-8.59
0.41
-3.27
6.51
28.99
-11.38
-99.2
17.33
-11.16
-5.92
-333.18
17.05
50.8
-5.42
-63.48
-2.21
11.72
-11.82
6.81
-31.7
-4.3
-13.1
16.08
6.91
-10.82
-8.32
-50.72
56.09
-2.21
-11.05
8.52
51.05
-28.69
180.73
-105.22
25.88
-1.52
14.16
-47.59
-37.94
14.78
-7.41
-96.11
59.19
123.91
36.9
-37.6
-8.69
-20.35
-35.61
-56.75
-96.92
-2.72
4.95
-16.26
-6.47
36.04
40.12
-30.29
148.94
18.83
51.97
-15.66
40.41
2.26
86.36
53.34
-61.34
-105.87
-11.88
15.55
26.96
5.34
-0.93
-4.82
-10.52
33.08
1.61
4.74
-13.78
-14.14
-17.06
8.23
-9.18
-0.81
-8.12
-99.05
27.25
79.83
-4.48
-2.28
52.42
8.48
-75.21
20.21
-5.46
-32.31
0.4
24.68
25.28
57.79
83.47
6.43
26.43
-33.56
-57.49
31.68
-167.28
-6.92
-73.9
-22.52
-1.26
18.76
55.02
27.42
3.07
-30.01
18.53
-166.28
-5.67
-7.68
11.8
-7.89
15.18
19.38
-13.3
-13.32
-13.48
-14.98
13.31
-37.37
-0.2
17.12
23.2
0.52
-56.83
4.49
9.71
8.64
-39.17
4.5
-9.24
-7.66
44.9
-12.06
-23.08
-45.48
-57.27
10.54
10.18
-98.55
-116.99
-56.67
-11.79
-91.84
1.17
0.63
-15.75
-25.08
-26.36
-20.45
-31.31
-176.33
-7.58
-198.54
-3.69
-4.78
-8.54
-0.03
73.96
9.55
-3.53
36.38
-14.78
-50.41
4.74
11.47
-11.13
2.2
107.15
-22.16
-48.96
-15.63
10.44
75.68
-9.97
0.26
2.91
4.1
10.62
-1.57
-7.31
-44.56
-25.21
1.54
16.39
-6.01
12.09
-10.52
-20.87
-101.33
8.46
88.82
-23.51
10.13
-34.29
3.53
2.32
-104.17
11.19
-4.12
-10.4
122.43
-77.08
16.77
28.57
13.42
0.67
4.97
4.51
-6.62
-5.63
-135.41
-6.88
71.98
-11.72
-6.49
-73.98
-18.49
-0.99
-4.97
19.66
-23.11
-64.32
-66.61
42.61
-2.77
-6.61
34.34
-7.81
-1.41
-5.62
2.13
4.12
1.62
7.66
22.67
21.11
-65.04
-24.41
-2.58
-2.8
18.95
23.9
-0.64
-86.27
7.73
52.95
-13.54
-8.85
43.61
3.87
-16.53
4.65
-36.59
47.69
4.9
-6.42
-6.2
9.92
10.15
11.51
-39.41
9.35
-5.26
-39.04
-24.27
-10.89
-109.1
12.4
65.36
-20.23
7.38
-37.96
0.38
-0.69
-66.57
6.09
-0.65
-51.76
5.7
-163.88
10.52
78.93
44.53
3.3
29.72
8.47
7.05
44.29
11.32
11.99
7.31
68.88
36.59
-118.96
-0.68
-123.44
37.19
62.35
-17.26
52.37
7
6.63
43.79
72.83
44.78
-10.24
-35.06
13.34
8.99
-23.73
50.15
48.73
-25.72
2.04
12.92
-11.18
10.07
47.41
-15.35
11.05
13.24
-19.83
-14.32
11.22
63.49
3.3
10.81
12.73
-8.59
-14.79
4.61
-7.23
-61.23
98.93
5.43
10.91
42.97
-159.16
27.62
-21.45
-9.09
-3.42
-33.64
-12.03
-38.68
5.44
-16.17
-2.6
131.03
54.03
