29.85
38.08
1.85
-33.17
39.05
12.09
22.65
-73.14
-61.6
29.43
-17.4
7.19
38.72
54.71
-37.62
-4.6
-19.2
19.21
-4.35
-7.61
10.03
-20.57
2.47
31.5
-4.99
17.01
21.75
-4.2
14.61
-154.82
51.46
-11.22
-1.96
-8.13
22.23
12.59
1.38
-43.16
107.08
-0.13
-132.27
-5.54
-9.08
24.58
-8.45
48.74
-19.57
9.53
-35.09
-3.79
59.37
-12.85
-10.63
-27.6
42.07
8.43
13.7
-3.67
-0.42
-12.26
-37.01
-8.19
45.81
10.03
-11.34
-59.7
-0.02
11.47
12.95
-8.68
-2.49
57.87
6.65
75.85
14.52
-8.39
-42.99
5.44
-42.68
41.59
-40.74
-2.87
-5.13
-45.21
37.53
1.13
12.51
4.84
41.03
-74.21
276.7
81.28
12.64
-18.07
50.74
9.58
-4.99
1.97
-101.22
58.98
8.03
11.57
83.86
106.41
6.02
28.81
32.57
-145.22
35.03
-6.92
-133.73
5.72
5.46
15.63
-44.73
45.78
-34.9
23.71
14.16
-21.61
-38.18
16.88
110.21
10.83
-13.8
6.01
9.89
9.35
-48.94
53.57
78.45
115.61
-8.42
39.68
-5.48
-29.01
74.96
86.1
42.54
54.52
-6.84
-10.13
17.56
-29.42
-10.83
55.23
129.4
-0.46
-8.04
-6.19
-5.38
-3.44
-27.95
35.88
-5.58
7.65
5.72
-80.34
-33.66
-34.21
6.31
10.94
-12.26
-38.05
87.1
2.84
-33.49
-15.66
-71.75
-21.6
-34.11
-2.91
-66.65
-6.84
11.87
-51.85
81.63
26.05
-34.62
45.3
9.11
68.65
-25.81
41.61
-46
6.79
-2.21
11.95
-71.78
20.38
-12.15
5.7
-43.31
1.94
-26.25
13.48
58.51
-70.48
-35.17
-5.81
88.47
-18.21
11.96
8.38
-93.14
-41.23
-94.76
-8.34
9.2
14.04
11.13
-4.01
-17.22
-67.47
-7.65
-5.92
-56.61
-12.09
-4.14
-3.17
-137.62
110.72
-34.05
-1.86
86.48
-21.61
14.02
-89.67
67.68
54.1
-3.41
42.73
-5.57
10.63
-28.19
11.57
-9.91
-8.14
64.72
-10.17
13.33
-43.25
-51.83
-106.15
-32.57
75.56
-61.85
20.17
44.19
-14.91
-13.95
-0.59
-41.33
6.19
-51.89
-12.36
117.85
25.53
-5.2
83.65
99.47
-6.27
19.82
-9.79
30.11
77.03
28.03
-10.76
7.51
3.98
-45.62
-2.04
-16.99
92.57
-48.42
-0.96
29.71
-5.67
11.72
-14.44
15.89
-64.4
7.77
-65.63
-29.29
-14.03
5.9
24.64
18.68
10.1
-4.95
23.63
-0.54
-8.69
65.38
-17.71
28.9
94.59
-7.91
-23.53
-8.05
-39.72
6.39
-11.74
11.33
10.02
-48.63
-0.82
65.13
10.54
31.99
6.5
-3.69
-30.98
6.03
22.87
18.82
-8.73
-17.62
91.09
29.15
60.02
73.65
-63.43
48.87
9.56
145.46
8.74
65.37
7.74
-21.58
-4.63
112.85
0.69
25.05
63.34
4.29
-66.93
28.26
-8.67
-17.15
19.54
18.58
7.03
-68.05
6.42
-15.28
-196.94
11.68
-9.85
-16.5
-13.32
-46.6
-4.04
-4.85
2.56
33.65
4.15
16.05
-110.97
33.49
14.53
7.75
-0.08
-4.74
74.89
-6.93
-57.4
20.78
0.47
-21.95
114.63
-88.04
-6.2
12.67
50.19
10.33
-47.98
40.89
-39.76
6.15
18.31
7.73
5.44
-9.68
-9
-10.99
-14.68
35.8
6.25
-7.19
-7.32
34.74
41.92
-9.24
25.22
8.19
3.7
-0.85
0.87
-9.76
9.66
30.81
-45.58
-7.43
-25.8
33.57
12.45
1.05
27.68
10.72
-22.76
0.43
8.51
12.08
7.66
-14.75
-11.84
-8.74
27.09
11.43
1.48
-33.43
-73.83
-1.67
14.77
9.81
-44.72
43.57
-86.95
-8.07
-8.03
-12.4
-11.34
-47.12
-47.01
81.67
66.69
-11.77
10.17
-11.4
-39.11
-16.58
12.9
54.21
-25.12
-23.99
22.09
-2.07
28.06
6.97
-1.24
5.4
0.32
35.07
-30.31
-1.09
-114.88
57.48
-5.44
-42.58
-24.66
-87.72
-5.17
-72.07
-49.42
2.84
7.46
-16.36
-20.12
4.31
-6.9
-9.46
9.47
5.39
2.89
-3.42
1.72
-4.12
2.38
2.92
11.45
12.53
-9.32
66.24
4.51
-5.9
39.16
21.7
69.73
-2.35
-5.49
3.42
1.4
-17.97
-38.4
-36.5
-26.62
56.24
59.01
-71.95
-72.99
119.55
10.52
-13.61
18.57
6.51
-85.21
14.04
-70.27
12.94
-20.31
-10.28
-46.04
-4
48.13
1.76
3.89
45.7
-13.16
6.46
-4.43
-15.06
79.59
40.1
20.09
8.91
-16.1
41.56
-69.29
-9.51
-1.56
7.35
12.87
-27.89
67.83
9.26
44.97
-24.65
-10.89
-17.62
7.8
-20.36
71.55
-21.43
7.18
-39.28
-44.46
15.92
24.08
37.42
6.92
-36.29
8.59
-28.1
-12.41
-3.67
-84.57
11.24
-8.83
-4.14
34.14
61.7
66.51
-4.95
91.36
10.75
61.15
8.58
-7.2
-10.82
7.15
-6.53
-10.84
-19.23
74.29
14.65
-4.5
17.11
9
5.27
-22.53
-1.3
11.28
-127.15
0.76
0.68
-40.42
-7.52
4
-42.14
16.26
33.35
5.98
-1.86
-75.5
-3.25
3.9
13.68
5.37
-45.37
-28.21
-12.71
-14.49
26.45
4.41
-13.41
24.52
2.4
-60.94
-9.22
-2.11
33.32
0.31
-2.79
-6.42
-6.4
-30.01
23.16
-22.35
-4.81
38.51
4.9
-51.17
-66.58
-23.9
-91.96
-13.95
1.35
13.39
33.59
-5.82
-15.62
-2.62
44.19
-23.73
4.5
39.06
-46.34
-9.49
-12.01
36.87
23.61
-64.43
9.45
28.11
-4.18
-16.41
65.51
5.04
11.61
-94.66
-26.77
-25.05
-3.47
29.9
5.2
16.01
6.46
-111.25
9.5
4.22
-104.76
-18.54
-54.56
-24.88
5.09
-13.21
3.33
57.95
-13.43
-10.31
-11.97
-33.22
-9.99
12.85
1.18
-7.68
-17.99
4.61
8.53
11.86
2.66
16.01
-48.86
-6.5
-101.66
7.89
161.42
-20.96
-53.57
-6.7
5.96
9.81
13.09
18.32
64.39
-8.62
-28.4
-82.32
25.98
-28.98
-85.58
-50.65
20.39
-50.8
7.7
-8.67
-17.06
-2.6
16.55
12.52
16.07
-124.22
-55.24
-38.99
-19.22
-5.65
-9.21
-37.92
9.98
10.14
2.59
64.97
-47.66
63.3
7.18
68.08
26.92
26.68
-2.86
-194.41
-10.25
-52.51
-7.39
-68.15
-28.99
-21.82
-9.98
62.39
14.23
-9.39
-300.06
-39.25
-16.55
-34.41
-105.86
-9.74
29.23
12.87
6.34
-5.42
7.93
8.45
12.25
-0.37
-34.06
-45.52
5.88
-24.27
-58.36
18.14
41.35
-25.52
-0.45
-7.6
7.55
-0.27
-8
-13.49
20.92
-1.76
-16.21
-136.92
-11.95
28.64
-5.95
1.41
-60.52
-37.42
1.55
-10.01
-3.4
92.91
32.81
-10.82
-77.34
7
-5.75
-3.06
0.09
-0.98
70.31
17.87
10.34
-18.44
2.27
13.48
142.87
-6.8
2.2
46.54
56.55
-39.44
3.36
-0.32
9.53
-94.47
126.78
34.42
9.07
-6.33
127.57
36.25
86.89
-29.45
27.15
8.43
-11.8
-2.77
-8.5
0.8
4.54
-104.7
28.76
-3.8
-4.23
-33.79
-129.08
66.1
-12.08
-12.56
-1.3
-9.42
16.04
-6.35
-1.79
-12.17
-2.8
-11.2
-11.21
-95.37
8.51
56.7
75.19
-33.05
16.71
-22.47
-79.26
-54.85
69.22
55.1
20.34
-11.64
-31.12
-147.03
-59.94
34.76
29.39
0.54
33.07
3.93
40.06
7.78
-9.24
-44.39
8.05
3.55
-22.73
-34.68
-8.75
-29.8
-4.92
48.45
-28.98
44.65
1.1
55.39
15.76
70.53
8.96
68.49
0.52
11.98
1.6
-15.13
8.89
7.4
-198.98
-3.32
-89.1
12.18
-43.67
-27.43
-6.41
20.47
-41.69
-1.05
6.82
-60.63
3.23
-2.09
177.51
-2.96
33.91
9.29
-75.17
7.25
-2.81
0.46
22.84
3.28
3.02
97.12
-9.73
28.07
-6.14
16.36
-15.23
8.85
-6.93
-53.15
84.37
75.96
-2.27
81.36
8.85
11.51
3.37
-31.83
-53.6
-17.94
-40.82
-156.96
-39.52
12.6
-31.55
4.3
-0.25
-8.24
-67.05
16.18
-30.1
11.78
8.05
-14.11
-23.27
-8.03
9.28
31.32
-3.82
-35.45
10.47
8.48
0.06
34.71
4.56
-78.08
-5.75
1.06
32.25
11.59
1.17
7.67
102.69
82.74
18.36
23.54
-20.93
45.89
11.94
6.34
-6.89
36.47
-61.4
6.09
-10.8
-5.77
74.3
-11.15
-3.2
1.61
-124.95
-192.46
-18.53
-11.54
-7.34
4.62
6.2
83.42
57.83
12.27
11.9
39.67
-9.37
-9.96
-157.74
7.25
-5.08
-12.75
-8.5
-7.23
84.46
-31.34
-95.9
-2.88
27.69
21.33
52.27
1.7
7.73
-77.09
-9.63
-8.67
-56.4
-59.17
5.16
18.89
-9.37
45.6
-21.92
-10.23
-70.17
-28.45
