49.26
10.36
-25.27
-118.93
56.08
-12.59
8.97
119.09
10.91
-6.95
8.88
-19.59
-1.73
66.76
-84.29
-98.77
12.99
12.1
40.27
177.8
-54.54
-87.5
46.97
29.6
8.38
1.94
-18.34
16.37
64.56
-11.17
38.23
3.8
-4.92
14.11
53.37
-30.63
-31.15
-40.26
35.51
19.03
54.5
0.38
-80.89
9.63
-8.02
37.05
102.29
17.84
60.72
-11.24
-26.21
43.89
-3
21.54
53.2
-60.99
8.98
8.35
3.29
5.99
16.88
-36.76
-9.6
71.17
-7.12
-2.35
-4.95
-38.95
54.72
52.93
25.66
11.12
-4.05
13.34
-7.69
-160
-64.64
2.81
8.6
0.82
49.36
2.91
11.94
-4.47
-17.81
14.54
-34.48
4.8
-23.41
1.6
-14.86
-12.63
30.4
-33.38
-0.23
36.66
-21.71
-107.12
64.39
60.74
32.43
46.02
-4.55
18.67
-0.19
-5.23
24.64
85.17
11.77
-7.83
-8.65
-2.24
-8.29
9.55
-45.53
5.68
15.45
2.65
-1.73
-21.84
87.11
1.74
7.48
-5.97
-71.26
21.91
14.94
10.51
33.68
-0.29
0.25
-11.63
-18.76
-3.99
-109.31
39.08
-3.89
4.78
5.39
1.19
70.46
-32.48
-5.08
24.77
-3.22
169.2
36.84
-28.03
12.08
-41.26
-21.52
1.78
8.03
-0.56
19.81
96.24
35.77
-9.48
-31.3
-68.49
-59.76
-7.63
-103.15
-9.91
-0.2
-27.18
183.54
-0.27
-34.03
-6.97
0.32
54.51
-38.4
-9.19
-6.93
45.73
4.4
-19.57
-26.18
7.99
-8.63
-173.41
4.22
47.25
-63.27
8.84
-6.58
-4.72
1.93
-4.68
50.21
20.68
-4.37
21.13
49.7
7.26
14.59
-14.55
64.44
14.27
1.01
10.88
27.85
-56.47
-23.44
-12.82
-87.94
17.19
42.59
-6.38
-12.64
6.81
4.61
17.93
-15.05
-7.55
-239.23
-0.29
60.89
11.34
-71.48
-11.94
-14.28
-8.98
-6.35
34.59
78.05
-20.38
-6.61
-5.03
-0.36
-19.39
5.4
42.03
2.66
38.18
17.87
82.41
8.42
-9.89
13.61
-96.06
-20.87
0.97
-3.73
58.47
28.51
94.81
-4.72
10.19
-3.06
-6.91
4.95
-131.28
-41.06
-6.49
42.78
10.64
-16.63
42.36
6.26
11.3
-18.51
33.53
17.24
144.25
-20.31
14.9
125.74
-38.24
12.57
53.49
37.67
-27.68
61.43
-3.37
1.7
21.77
70.12
-61.46
-36.72
-8.65
18.68
36.85
-2.93
12.31
-10.36
83.53
-296.95
-40.76
-44.13
13.95
-8.75
15.06
18.93
54.44
7.5
-32.32
4.55
8.94
-7.38
124.97
-54.63
77.07
31.63
10.23
9.32
-295.31
-14.01
-8.63
-145.94
7.4
-11.7
9.34
-18.09
-30.02
84.24
-10.88
6.9
-10.15
6.24
60.91
-17.44
-37.12
9.97
76.62
19.39
11.71
-61.86
68.62
-15.97
36.84
58.72
-84.52
2.73
6.41
1.24
8.78
-2.39
-45.94
34.81
17.16
-26.31
-91.61
47.71
9
30.79
1.2
-7.95
-214.07
8.01
15.18
13.85
48.13
-12.35
-14.72
-5.35
-113.4
73.03
-14.84
0.22
-7.26
-20.43
4.71
90.72
91.11
21.81
186.96
17.86
122.28
2
-41.08
5.07
-16.97
-12.55
-50.11
5.64
3.79
38.44
-5.47
-49.86
-53.14
-0.32
6.53
50.83
4.34
61.46
-6.56
40.12
8.65
6.33
9.2
47.55
-6.91
21.58
-2.57
53.93
8.06
-9.74
-7.73
-2.27
-8.2
98.95
3.57
9.06
0.38
-0.26
39.3
-10.67
79.68
-5.04
-138.87
0.01
-100.41
72.47
24.44
64.43
-7.11
47.86
27.62
-102.68
-0.96
-40.77
68.14
-2.81
-11.06
98.35
-17.81
12.75
-28.69
0.16
9.63
-15.2
-9.04
-10.44
-9.06
-159.36
11.88
-1.78
68.15
-3.39
-12.69
-5.52
-40.74
2.95
-8.48
3.65
4.52
11.59
16.07
34.91
10.67
3.78
-7.46
30.64
-14.64
-3.03
-148.25
-94.85
5.38
-5.79
-6.54
23.04
-7.84
-158.61
-17.72
8.73
-2.43
-17.72
-69.96
85.56
15.1
48.36
3.77
-7.11
18.22
3.78
-5.44
-6.84
-1.11
4.61
46.52
64.61
-28.71
11.7
-4.64
142.01
-75.58
-1.59
180.57
55.27
14.06
41.24
10.07
-2.05
-0.26
-5.76
4.96
2.29
22.71
-14.43
1.26
83.6
-10.66
-9.06
21.06
-9.76
-31.78
-21.53
-11.36
59.26
11.37
-2.11
11.02
17
7.63
9.53
11.83
12.56
-0.42
-7.45
-1.58
-74.71
79.79
-1.54
4.49
68.42
12.86
39.53
57.6
-9.63
6.75
-5.79
2.79
8.16
-20.84
4.89
-9.88
-84.83
0.75
3.39
-113.33
16.86
21.59
90.78
31.46
-56.77
16.25
-10.41
8.54
-7.06
2.98
26.21
14.58
4.06
-16.59
-9.38
-0.31
-66.81
5.02
2.71
-5.92
-3.21
-48.89
5.22
-0.09
-10.75
-10.06
-56.47
-8.3
33.74
7.34
-197.16
9.79
-5.89
12.56
-177.66
-34.36
-1.31
-94.68
-6.53
-9.95
-177.59
-92.44
9.41
1.65
-55.19
-44.61
-14.15
-10.36
-3.25
10.83
-6.56
-55.04
6.67
-14.93
47.08
-22.96
-74.66
-40.18
15.04
17.88
-11.61
-34.93
25.19
-8.69
46.58
4.78
-182.05
31.42
15.94
7.6
60.91
15.34
380.34
53.38
-11.61
10.22
4.61
0.64
-3.56
177.98
-32.7
-23.19
-8.55
-28.07
67.38
-17.43
-0.64
-3.57
-2.46
-27.01
-19.88
-96.32
-6.42
25.95
4.18
-27.14
9.63
-27.51
-68.74
-11.01
-33.67
15
158.34
-229.69
40.1
31.41
-4.85
53.14
10.27
3.78
-35.78
8.01
-1.22
-6.2
-3.6
35
64.08
-49.38
32.69
-11.98
-123.74
26.81
88.67
-1.92
7.94
78.13
10.02
0.03
-69.33
63.96
-3.04
-0.75
59.78
-6.73
24.34
-19.12
43.03
50.31
-4.7
-4.55
18.58
3.26
74.75
29.89
-26.88
-46.28
-4.35
30.63
18.45
1.2
62.27
140.94
-12.58
-84.68
6.56
22.85
78.55
-4.62
-25.13
-12.49
-49.71
36.62
14.5
52.69
45.43
-1.24
-18.05
30.5
-135.25
0.03
38.3
-12.75
3.31
-11.69
13.08
-19.24
-15.35
36.79
-9.74
21.87
182.37
10.42
-64.78
16.98
113.51
-10.14
40.03
2.01
23.48
5.11
71.88
-29.26
18.11
12.57
1.8
5.07
9.75
109.14
-54.62
9.33
26.93
99.28
58.3
7.11
28.2
12.26
-5
-71.22
-108.96
34.93
125.2
-19.22
13.26
-4.65
-2.61
-14.35
14.97
-51.12
9.89
-8.21
-23.71
-11.24
42.8
-3.33
18.54
21.4
42.58
4.75
-7.16
0.19
-4.01
1.66
-82
-17.6
3.57
-65.47
-44.98
-30.21
-7.98
-100.64
4.26
-1.53
9.78
-43.01
-1.82
7.94
19.68
-4.01
8.17
12.8
-18.76
-8.62
-8.64
-131.94
16.27
-44.49
-12.98
-258.47
-1.72
10.84
-37.67
-22.75
-12.97
11.07
13.81
-7.75
-6.82
9.97
12.24
29.14
9.6
-87.7
-0.36
-5.49
-10.26
16.3
39.35
44.35
-68.13
13.4
10.41
16.74
-12.53
9.25
-16.93
11.04
-30.38
-15.33
93.5
51.17
76.64
17.11
1.58
94.08
-62.51
-10.39
-10.5
-55.18
-41.21
-99.67
15.59
-16.86
-15.33
41.02
8.32
-68.19
-5.77
-58.82
-1.43
-61.55
-85.81
-5.26
11.82
10.73
-129.16
2.92
-3.64
9.2
-12.01
-0.89
29.5
20.39
-6.8
-5.92
52.19
48.58
61.4
8.99
-54.82
-6.89
-36.19
-8.63
-16.73
17.65
-59.07
13.45
-75.15
-4.12
-4.74
5.51
15.12
7.22
0.6
45.76
80.85
-11.8
-32.26
52.81
-4.58
-68.95
98.94
-6.06
9.35
131.48
84.68
-2.6
1.98
-1.9
-12.7
13.92
-10.61
-15.28
0.97
10.15
-21.16
-4.76
23.57
-7.3
-1.64
-0.3
-9.02
57.49
-47.25
-43.52
0.55
-57.88
158.93
-4.65
41.79
-5.48
-1.76
55.31
90.12
2.49
-11.79
3.7
-10.41
-10.79
-350.52
0.9
-138.99
-24.44
-3.28
-5.39
6.67
11.67
32.93
-77.89
-229.54
-41.78
69.33
7.08
34.94
-6.34
-43.06
13.01
6
42.74
3.51
132.8
-15.1
140.04
-6.86
1.44
35.01
33.35
42.37
-5.53
-43.67
-103.51
4.94
-22.21
-5.36
84.03
-8.5
19.2
8.29
-2.54
-0.38
19.81
18.09
-2.8
39.38
-2.57
7.93
24.23
27.38
54.3
1.86
-13.71
-105.13
-44.12
-46.47
0.93
-60.3
-82.88
39.31
-4.01
-7.1
35.58
96.68
2.51
-26.76
-7.92
47.64
44.32
-8.08
11.16
-23.58
4.3
4.42
7.78
-186.12
23.86
-62.33
9.49
1.29
1.44
2.12
-20.31
4.09
-28.35
35.25
19.24
8.49
-110.83
-3.88
-6.18
-11.09
-22.21
33.65
27.29
