-6.39
9.76
8.55
41.74
0.75
12.52
-10.58
47.33
11.82
83.5
8.92
80.85
-19.66
-8.72
-61.19
8.99
27.85
130.73
-9.6
9.77
-22.78
50.9
3.59
-9.68
-28.65
-9.71
53.89
-54.73
-13.08
-24.91
24.88
23.01
32.64
-9.39
-4.18
-9.76
-5.56
-34.97
4.09
11.61
7.47
73.75
-55.1
-13.28
-0.06
-9.31
-12.61
-23.93
64.43
-3.25
268.43
68.05
66.98
-0.85
-96.69
15.27
56.9
11.39
10.04
10.33
-9.68
1.96
5.87
49.19
26.11
96.63
212.24
62.99
29.37
-21.93
-24.96
7.74
-70.68
-13.59
54.47
-13.24
-9.51
-1.88
98.94
6.88
-37.03
3.19
-34.62
113.65
-105.71
-9.39
-16.98
2.51
-13.21
106.87
-10.41
-2.34
113.92
26.46
-7.51
-123.98
-4.8
-48.2
-9.76
-9.92
9.56
-60.83
-4.05
-2.86
3.62
26.74
36.22
82.08
11.16
82.48
18.97
112.79
-4.62
7.52
-61.37
35.78
-13.56
52.45
69.9
10.77
10.43
-42.91
-2.82
-25.93
33.07
11.18
53.88
-5.86
8.97
-78.46
3.76
72.24
-1.19
88.49
-8.44
12.99
9.19
-16.35
-7.65
36.61
13.44
130.87
68.46
-9.68
-5.26
10.32
52.63
12.77
11.88
26.71
-0.11
-82.66
7.38
10.41
13.58
120.71
-20.35
-3.65
-72.46
-9.32
-61.46
6.22
38.21
-93.12
-61.27
-8.59
37.45
-4.99
-33.07
39.17
-291.83
25.32
-127.83
51.08
-32.86
-1.39
7.78
10.51
-1.49
20.72
-8.08
-7.08
11.04
52.99
-55.51
-10.54
-9.86
3.13
92.83
2.61
11.9
-5.02
-48.38
-11.52
68.42
4.11
-1.34
3.55
0.54
0.64
17.7
-7.61
16.29
-10.89
4.65
24
-6.74
-19.56
47.6
-44.83
2.83
30.04
7.42
177.51
103.27
-17.2
-3.18
58.41
30.48
-11.86
-9.88
25.75
4.48
181.29
-42.61
53.18
58.34
10
-66
57.68
-8.05
95.08
13.66
7.54
-9.47
-84.08
93.71
11.41
-18.1
-8.02
-16.98
-1.73
98.21
56.54
-51.88
122.96
-3.19
25.62
7.58
4.79
47.3
33.73
77.17
3.95
5.43
45.22
82.47
55.44
11.12
3.98
18.46
-28.31
10.92
54.78
36.89
11.1
-40.73
-29.58
54.16
12.69
2.24
-3.64
2.06
-135.65
80.53
-7.98
5.19
-138.67
-5.47
14.51
61.26
-1.67
-5.04
-0.24
-5.96
4.27
-19.66
-11.84
-5.59
-25.3
1.38
122.94
13.37
36.92
32.75
93.86
-11.31
-9.42
-4.57
-17.79
4.11
-3.33
20.45
1.39
-12.52
57.63
111.54
59.65
-6.72
0.36
-17.38
-5.13
-31.23
-2.58
-146.18
3.92
42.44
-22.36
-2.29
-17.77
-9.83
29.48
6.63
11.42
-114.39
11.18
51.35
-8.51
4.71
-40.86
-12.06
-10.99
-0.48
19.71
-46.83
-0.61
-18.39
2.05
49.03
-0.52
69.27
-6.03
89.59
27.31
10.19
-26.18
13.22
8.54
37.47
-13.14
11.28
9.89
-87.12
-27.6
3.23
-59.31
56.45
28.22
9.57
-110.66
34.12
-1.45
21.36
31.15
35.92
2.7
30.54
-8.93
61.73
60.5
-47.29
-52.57
-4.21
42
9.62
-64.17
30.07
0.25
-4.46
120.57
18.7
-221.4
-71.93
-15.75
57.36
-5.47
-35.58
19.47
11.99
20.87
-7.27
3.07
15.57
-38.55
9.15
3.5
-5.96
7.19
8.07
-7.02
68.93
-32.57
-5.68
-12.16
23.84
40.13
-1.67
-6.52
-5.33
9.77
-3.69
100.97
-128.22
31.54
7.04
18.37
-6.66
-14.29
42.4
-44.29
-2.75
-117.43
-42.55
12.78
35.62
-24.65
-33.08
35.87
-47.11
-4.69
11.86
-88.67
56.57
-50
15.28
116.56
8.14
7.32
30.07
39.35
43.28
12.44
-10.09
-4.75
7.79
-4.86
7.34
11.3
133.15
40.16
64.55
-4.38
6.31
-14.88
-11.06
9.84
8.95
-39.78
14.96
8.41
7.4
-6.24
-138.9
-13.95
-21.72
-150.17
34.13
-6.38
-17.03
19.06
5.84
-10.23
47.47
-10.21
-108.52
-14.13
-67.88
7.54
2.95
8.52
41.74
11.84
36.77
-32.48
-1.97
11.85
-33.28
-4.88
-24.64
30.31
-1.83
31.74
-50.32
4.37
17.69
13.55
2.98
-0.81
0.28
-6
5.35
-7.65
10.26
-4.01
85.26
-6.6
-62.83
-15.5
13.86
-7.31
-59.19
-0.18
-35.84
27.26
19.73
-9.06
-27.68
120.11
-29.52
-14.99
-14.58
9.86
65.75
-9.25
-11.65
64.6
2.41
-8.81
32.05
-41.15
-14.16
-16.12
29.63
34.04
39.2
-5.65
-178.61
8.85
17.95
-169.24
59.68
8.01
3.28
39.17
84.81
-10.11
21.96
1.2
194.16
13.21
-4.32
-11.49
69.38
14.04
-1.71
-12.47
22.56
-53.73
-5.88
24.4
26.16
100.06
-51.1
40.4
13.57
9.44
-106.28
-0.25
26.04
-16.02
32.01
13.27
9.8
-74.48
-1.47
-41.99
83.57
-29.77
-248.27
32.28
-33.5
-121.49
10.18
-1.83
58.38
12.24
50.04
-51.2
34.17
83.78
-6.47
-26
-88
23.38
-3.07
-7.2
17.61
107.65
3.64
9.97
23.51
8.04
25.13
-13.64
-8.59
2.76
55.12
-2.57
-15.88
132.15
-13.38
-27.91
27.62
11.01
-81.97
2.22
87.26
-42.53
-10.19
-31.7
23.94
-4.89
-7.24
4.22
-4.72
38.27
-54.21
12.95
17.59
63.74
-106.43
-19.7
51.85
0.74
8.64
52.41
-21.96
-4.78
11.58
11.16
-4.34
156.1
22.99
67.23
10.69
-13.51
17.1
-12.89
31.69
0.52
-43.28
8.96
10.11
148.92
-32.84
26.28
-11.22
19.07
-24.19
-3.85
5.93
-61.35
109.58
-130.05
-12.83
4.53
1.11
-50.46
18.21
85.53
6.16
10.14
-13.94
-27.6
-29.79
3
4.15
17.05
-15.51
23.16
0.41
55.11
0.92
4.57
0.48
2.8
6.45
116.2
-38.49
-64.56
71.37
-30.23
8.54
14.76
8.22
-50.02
82.82
-24.52
11.82
-38.11
1.69
-8.66
25.18
14.07
67.63
13.58
-2.21
1.64
3.71
4.26
32.38
17.37
-12.77
-44.34
39.45
5.34
-76.82
76.27
352.97
-98.47
-25.93
48.98
-8.11
-4.16
69.86
5.39
8.84
80.06
16.18
-18.07
1.15
7.01
1.48
-18.5
-0.16
-106.06
92.37
-11.26
11.31
-76.49
42.86
-0.31
-29.29
2.51
14.25
-8.95
-22.48
-0.85
-60.47
-43.65
59.89
-5.34
-10.08
4.67
-54.05
-0.74
-45.59
1.98
13.93
6.77
10.17
17.69
13.54
-5.07
8.05
7.49
-11.86
71.99
-12.21
-55.57
-6.93
12.47
34.11
-12.59
-79.69
-6.57
-13.63
-11.96
-22.98
135.63
68.63
7.17
4.84
-6.11
-60.08
65.9
7.3
-10.78
22.29
61.1
12.49
-10.04
3.99
-0.3
11.12
-11.89
-89.26
60.94
12.46
-1.72
57.97
-30.32
3.08
-0.15
5.57
-84.9
4.35
11.9
5.99
-12.8
-6.3
19.42
7.01
28.88
-41.89
-24.5
-6.66
5.86
26.51
-66.68
22.1
10.5
56.28
5.34
11.61
-54.69
-27.14
7.84
115.81
19.47
-39.3
-8.91
46.09
-88.74
-17.09
2.06
6.67
13.81
20.91
-23.46
23.25
274.35
66.09
2.41
49.2
6.14
-10.44
142.14
23.48
21.61
0.92
-5.86
1.92
22.54
13.69
-18.19
-248.56
-62.78
2.39
-17.48
-232.5
-66.5
37.81
-8.69
44.89
-25.83
-5.18
-19.29
-30.17
4.34
58.82
-16.99
-196.25
-25.43
-29.85
-5.02
-40.89
3.63
51.35
11.97
10.73
-8.51
5.54
-14.34
-5.25
-8.1
28.74
0.63
-43.71
-22.42
42
43.11
0.37
-11.69
33.41
-1.85
-224.4
110.21
-2.12
59.79
10.2
27.98
9.79
-67.19
28.79
8.57
92.88
12.53
14.41
5.05
-13.75
-1.2
18.5
-11.42
-74.23
-6.03
7.8
-14.26
-16.51
-8.04
-30.38
10.94
-8.86
-15.99
6.84
5.11
-283.62
5.54
-26.48
-5.52
28.78
-15.18
-8.8
-20.78
-31.48
3.16
17.93
-16.28
-13.49
15.83
3.72
-15.75
8.83
109.79
-12.12
9.88
7.54
2.92
-110.2
-45.5
-14.63
27.42
31.54
-33.82
-7.82
28.4
-29.69
-29.67
-3.06
-2.85
171.42
67.16
-7.22
38.57
3.29
-15.69
24.7
12.85
-4.11
-22.74
-3.9
74.67
-30.37
12.38
7.3
-47.07
-2.67
-1.14
15.63
2.89
-27.89
30.3
131.5
-24.59
185.99
6.09
110.37
31.26
-4.44
3.97
-169.63
5.86
3.11
48.05
10.72
-13.64
154.45
52.41
2.09
1.83
-109.26
44.35
-35.35
-30.01
0.91
-16.91
6.73
47.78
-19.45
-12.97
15.46
-37.96
-10.96
-12.53
-4.44
-34.95
-59.7
-3.59
-74.28
-10.93
9.71
13.01
56.81
-6.45
