-3.86
-15.63
-9.96
53.09
48.38
35.2
-3.19
15.26
-17.31
102.32
-35.34
0.65
73.08
-2.21
19.04
-17.73
5.78
38.28
-3.69
13.19
6.49
-20.87
-9.86
60.11
-5.31
-3.88
34.58
11.36
-76.56
36.4
59.27
-50.87
-3.09
-76.35
-11.79
-11.85
-5.68
5.94
-61.56
24.57
-43.48
32.83
19.61
7.71
74.44
-37.41
-17.9
0.19
-6
8.19
-10.41
-101.55
-9.88
-30.78
20.88
-31.44
112.1
30.41
-83.75
-47.07
14
65.18
21.11
-50.17
47.26
6.03
-8.57
-11.58
33.73
45.55
1.27
1.04
6.62
72.04
-163.81
8.49
-44.99
-48.2
10.05
9.6
-10.89
-78.17
21.23
-58.15
41.95
-9.41
-34.41
13.47
-0.61
2.14
14.48
9.69
7.28
-53.43
-70.75
9.22
-9.71
-23.26
28.23
46.42
-5.45
9.37
13.25
-9.11
-2.41
-111.55
17.35
-10.29
6.86
-1.54
54.79
0.45
6.02
18.35
10.38
-0.77
18.54
75.71
-22.75
72.72
105.17
4.62
2.69
3.31
-58.5
6.67
26.38
38.57
19.31
21.4
1.12
0.78
12.25
14.62
26.08
8.43
19.03
63.25
-0.62
-19.31
28.93
-59.21
6.59
100.39
37.27
2.79
-46.11
-24.5
-6.76
25.38
-17
-17.62
-12.36
56.44
-22.61
1.22
38.63
17.95
24.49
5.6
6.29
37.18
49.08
-9.24
-30.96
-8.68
4.34
9.28
76.35
-23.1
4.95
17.46
-9.21
29.49
-14.77
-109.84
-113.1
-18.47
-10.03
-45.67
10.05
21.76
14.7
8.78
14.98
41.24
8.58
10.06
67.05
-4.22
-52.64
-9.05
11.04
12.82
-3.93
-28.46
14.12
-37.19
15.89
-14.32
175.71
-27.16
-19.34
-59.15
-46.85
30.64
-29.41
28.56
22.24
32.94
6.88
-83.69
45.44
32.68
7.05
-8.91
-14.21
-7.34
42.11
10.04
-9.72
108.44
-1.02
-57.48
71.47
48.2
-15.71
-90.06
5.23
27.05
81.07
5.9
77.71
7.12
13.2
2.45
-7.97
-9.97
-42.84
2.3
-62.49
12.43
2.84
7.76
0.34
3.4
-3.69
0.83
1.92
-47.94
-52.73
-149.47
-5.15
-31.76
16.51
20.47
15.45
-6.15
-6.59
1.03
-1.92
-41.56
-28.36
-12.35
0.9
-18.46
-131.23
0.36
-239.5
-4.83
50.07
-101.22
16.05
-71.58
0.52
33.07
-6.49
102.27
-9.26
-9.8
8.12
-4.39
-1.72
18.42
11.64
-53.78
-19.15
-70.06
26.86
-6.76
-51.03
-35.86
-5.2
66.99
3.63
-61.96
6.76
-17.81
-2.59
-18.68
55.1
-17.57
-21.82
-3.15
5.53
-1.32
-43.42
0.49
-0.09
52.07
-7.69
-24.41
4.58
72.88
-238.87
-30.01
6.94
12.73
-58.99
-18.36
38.34
13.43
19.85
-39.2
6
-0.28
10.57
8.5
-14.44
11.85
42.63
10.04
66.47
111.63
-62.35
61.71
6.89
-53.46
95.82
-30.28
-58.23
-2.43
8.91
-7.04
-24.13
-178.42
75.24
2.87
8.59
10.35
-146.87
15.7
7.75
41.29
3.77
18.32
-6.65
-6.28
-22.34
43.78
-6.64
-5.88
-78.45
-23.96
10.04
-5.81
84.47
-10.91
73.88
-7.62
-8.79
-10.13
-5.34
-10.02
-0.13
7.91
-13.21
-12.44
31.67
-8.19
-26
-164.39
-5.11
19.7
35.23
33.89
44.54
-1.39
-61.47
74.83
3.13
17.76
0.18
12.55
-7.8
38.04
109.15
-6.86
13.9
-6.45
-5.99
-6.51
4.74
19.62
24.3
-19.96
-52.42
56.94
29.83
14.08
118.07
-17.19
23.59
19.87
-7.47
36.56
3.14
14.35
-2.46
17.99
-51.66
11.04
60.8
-16.39
-1.24
21.09
9.9
-65.14
-13.94
-6.82
-94.58
-4.03
9.03
-31.54
50.32
-5.61
-5.61
5.13
9.23
-10.77
36.95
16
0.7
-99.57
44.89
26.36
7.82
11.87
73.79
90.85
-41.36
8.05
14.89
-13.82
-6.34
11.8
-13.73
9.56
4.37
37.99
-5.01
10.47
56.2
74.91
51.41
-8.03
-14.35
-1.07
11.75
-12.63
-5.06
-6.34
16.31
41.55
37.86
30.05
15.09
73.09
-66.74
-9.86
51.58
-38.83
6.05
27.39
-13.19
-13.07
4.13
4.09
11.84
-13.31
88.51
-32.32
-24.39
30.3
12.39
-7.35
111.38
78.09
9.94
4.75
-30.38
-7.42
-39
30.12
-30.91
4.91
4.71
6.63
21.73
-44.37
-19.21
-60.13
-5.77
9.5
-18.01
-114.26
43.34
16.66
-6.51
-9.39
-24.09
-17.02
27.92
11.12
68.92
13.84
-13.3
-25.49
-10.84
22.91
-81.38
-16.39
-1.79
1.9
-7.91
-10.24
-67.75
-49.03
16.95
-56.33
-13.11
-35.44
-7.88
14.55
-15.49
158.65
-4.16
113.99
-5.83
-169.37
8.21
-3.01
-8.92
63.87
2.66
194.42
32.94
-4.72
10.11
-5.05
145.3
-74.38
-124.15
14.31
10.36
78.12
38.73
-27.89
-62.87
3.83
10.84
-3.95
11.57
-64.04
30.24
-2.44
5.38
105.07
-429.31
1.68
-11.8
-77.6
38.77
8.43
10.09
85.38
19.22
60.48
47.89
-55.96
34.96
-13.92
2.82
4.59
38.05
-45.88
2.09
-7.73
-6.34
8.04
-3.75
77.6
-19.82
23.47
45.01
51.59
-3.02
83.96
4.89
-26.63
-0.04
-2.18
-3.22
-7.86
67.59
12.01
24.65
41.3
67.12
22.12
-14.53
6.59
-12.91
90.53
-13.32
8.18
-17.71
27.08
87.04
-80.47
-55.22
103.7
13.68
-54.27
4.72
28.92
20.25
-10.68
165.25
-132.8
-14.3
32.75
-24.33
-39.2
10.14
-15.48
-55.23
-30.54
6.93
45.44
19.9
9.79
23.33
66.75
-1.89
-13.97
69.81
-4.36
-8.88
-14.89
-7.37
-2.23
5.27
6.23
7.73
-117.28
-9.13
13.08
-15
7.28
-21.36
-70.37
59.84
46.69
72.22
-93.07
-1.66
46.73
-19.77
11.52
-52.33
12.72
-12.26
69.88
-61.81
-13.56
-194.99
-0.23
-63.56
14.76
-10.03
-69.99
86.65
12.09
-1.72
-2.19
-10.81
69.06
-13.91
65.8
-28.43
5.31
55.5
-0.57
13.02
-3.03
-11.11
28.77
-6.68
-6.27
16.76
18.07
-5.81
81.01
9.52
43.56
-58.84
6.49
25.8
4.81
-8
18.53
1.66
-4.83
-10.86
-47.51
-29.19
-43.75
59.15
-4.51
-13.04
-6.93
-28.44
-2.77
-107.51
5.22
7.83
-47.78
2.38
-6.79
37.63
5.11
47.76
0.61
81.85
-7.44
-53.74
90.6
24.23
6.91
5.58
-5.04
0.34
9.95
-20.45
-21.63
-125.4
-24.51
-4.42
-62.46
-10.48
-20.82
-32.82
-28.55
-197.78
-15.19
34.82
23.4
15.29
3.23
-2.08
-13.93
-40.3
37.49
10.16
44.05
-57.83
12.26
-175
20.5
-33.16
-47.1
-120.45
-38.92
7.6
-46.3
10.24
-62.94
0.93
-6.37
13.25
69.31
58.85
108.38
5.27
17.03
28.79
65.68
-13.02
-49.86
200.16
8.48
19.17
-47.88
24.4
-8.29
-76.12
4.34
-6.39
-3.29
-32.57
76.19
-2.41
52.7
47.22
15.79
-0.82
15.03
4.69
-3.45
23.6
-7.03
12.73
38.72
-4.36
-26.85
-24.21
-4.27
35.54
-193.25
38.98
0.87
-0.35
-111.13
-13.87
48.78
55.93
131.36
79.21
-11.73
-0.61
-1.79
62.52
45.36
-18.83
-4.96
-10.72
34.77
-50.35
-3.58
51.67
-18.88
-6.71
0.49
33.12
3.2
-34.28
-8.53
6.41
-23.54
-1.21
-7.7
5.21
-12.67
27.22
8.97
51.83
-89.03
7.39
-39.87
-21.66
11.07
44.49
75.76
5.55
4.01
24
28.24
8.6
7.87
-5.62
-2.81
-73.7
6.02
-38.19
-25.03
68.38
-11.53
45.66
5.03
-41.44
12.85
12.24
-158.91
-24.43
-7.23
96.46
-1.36
23.39
31.5
90.08
-15.46
13.23
11.02
-45.39
-8.08
2.16
2.43
16.98
-9.3
17.72
-56.46
54.85
9.52
1.43
7.45
49.9
-1.32
12.17
21.2
-80.03
-12.3
0.18
-3.95
-6.91
1.5
-8.75
-6.43
-3.46
135.46
4.4
56.19
176.78
-32.06
8.46
-5.51
-3.73
8.6
-4.27
67.59
17.05
5.58
61.6
33.09
-24.64
-5.29
8.74
-32.91
-52.79
5.88
21.34
11.1
-15.9
7.93
-12.76
-40.86
131.2
48.85
-1.96
21.94
-10.25
11.13
128.76
-116.28
-37.87
36.72
-7.18
26.7
-2.22
-30.78
84.19
21.36
7.24
7.31
5.23
49.24
15.77
22.75
-14.36
16.04
88.89
10.17
11.74
113.98
6.83
54.73
-8.98
2.42
5.59
-172.74
-112.58
-10.26
1.84
-67.17
-30.07
29.57
-9.54
-48.21
-0.1
13.84
46.77
-34.95
47.23
66.27
10.15
14.98
-0.65
12.54
-0.8
7.21
52.31
10.54
-11.38
-11.33
-81.62
1.84
-145.88
-44.38
-52.84
-10.11
-9.87
-3.73
13.57
6.67
