-76.69
-4.13
14.7
-43.39
-6.25
53.47
24.22
-59.1
-29.62
-2.2
10.84
4.04
-107.24
10.81
-68.57
7.88
-13.82
18.41
-28.32
19.06
55.7
-130.69
-7.35
-2.74
-27.16
-1.44
-5.87
6.92
-3.84
-38.22
-4.97
-69.88
6.59
-17.55
49.07
4.3
50.24
-4.41
-1.29
-2.35
68.45
-3.62
-6.83
57.67
-5.08
-42.59
9.62
15.59
5.31
43.36
-9.8
42.72
32.83
-48
1.28
47.98
115.97
-16.36
-8.44
61.31
5.75
-1.66
14.9
-129.34
-8.7
-105.12
26.54
66.94
-6.31
-1.4
49.04
10.05
-2.37
-32.81
-0.84
-22.95
-8.28
-132.17
-52.42
12.72
-0.77
-13.22
19.78
13.08
-5.98
-11.4
46.83
51.29
5.02
-8.64
-6.94
2.35
6.84
-36.89
-126.19
105.17
-17.76
-2.59
3.55
-8.91
4.42
11.87
4.36
-7.32
9.48
25.74
-91.79
-39.52
19.11
-14.66
-8.43
4.29
10.64
-6.13
51.09
-8.76
18.83
0.73
1.38
24.75
-24.85
-4.76
27.41
16.22
-10.85
21.56
-48.24
1.59
7.28
17.91
-95.97
-26.15
-45.4
-83.44
67.53
-102.74
-27.46
-82.22
-150.5
10.27
12.05
-3.83
43.81
-56.52
-7.32
-31.72
11.48
0.85
-1.85
0.67
16.58
11.18
5.49
139.87
-4.56
-9.53
-46.3
40.41
35.99
86.67
-9.96
-62.15
-16.67
14.93
-16.16
-53.36
7.93
93.56
-70.91
-9.35
-5.42
28.03
-145.81
-6.66
79.3
17.45
-30.63
-55.2
-7.29
6.55
49.89
62.79
-86.54
-28.05
-274.7
-59.05
-2.02
-7.42
1.65
114.13
54.11
43.85
2.05
-2.76
-97.32
-1.51
-21.33
-10.7
-10.24
-14.27
9.43
-1.14
-3.42
82.58
63.4
14.07
10.18
33.44
-11.55
-0.49
21.98
4.25
13.91
-12.27
-2.46
3.55
-9.85
7.39
19.36
1.8
2.92
71.15
14.49
-5.77
-4.56
-4.22
-12.28
46.03
8.45
-8.79
-25.64
-18.4
-5.93
9.67
13.93
-15.59
-53.18
-79.46
0.26
66.89
22.63
-154.7
7.57
-41.46
67.66
-10.66
121.65
6.5
12.98
-126.08
-67.54
45.72
15.22
10
39.99
59.76
-1.64
8.9
8.95
-7.62
-0.82
21.37
-2.52
4.98
-1.44
-16.06
101.47
5.38
8.2
32.74
6.99
-12.32
-13.24
-29.18
3.46
-84.33
27.62
34.71
25.35
8.97
29.32
68.68
8.06
151.48
7.36
-28.28
-4.4
109.25
12.95
-2.91
10.96
-23.75
3.81
-20.4
-132.54
0.5
-157.42
18.97
59.66
-14.73
6.02
48.47
32.29
-3.57
97.44
12.6
29.48
4.68
66.36
-0.37
34.38
-182.01
-22.29
-16.32
8.95
-27.05
43.35
-14.94
-8.7
19.71
20.71
10.47
-87.88
-4.65
52
47.45
-8.84
-34.88
31.02
-38.34
40.27
87.33
-13.45
-43.39
-66.57
-11.31
-94.54
18.75
-0.45
60.97
-4.85
-2.11
29.2
0.87
-5.82
22.66
67.3
7.61
137.56
9.66
-62.59
43.88
-73.54
40.17
-9.03
10.12
0.73
-23.23
77.79
4.28
8.85
36.33
44.12
-42.88
2.25
27.17
-10.67
141.87
281.95
-6.58
7
-108.28
-14.18
16.95
79.33
-18.99
-5.67
51.94
-99.05
-42.37
4.32
-8.24
-44.18
-45.03
3.94
179.61
-7.58
-4.72
5.44
-1.32
4.62
44.63
-24.41
16.56
52.09
-4.4
2.11
-108.28
-111.01
47.95
58.98
-6.9
-4.18
-7.9
-2.06
-31.96
42.17
-0.79
2.28
12.88
12.48
-44.29
16.46
-15.65
-37.78
13.03
36
10.38
17.26
32.25
9.39
-55.66
11.71
-173.9
2.89
118.09
74.03
32.85
-6.88
-75.76
38.8
97.42
9.39
8.41
-10.95
-24.09
6.37
-39.61
10.69
12.94
-41.46
91.59
14.14
5.95
-22.88
-20.85
93.55
-45.49
-38.82
-8.32
96.69
-55.71
2.54
-1.9
-6.01
-6.71
-15.48
-6.63
-73.85
-97.19
25.82
-47.68
-5.22
11.5
1.47
2.33
-108.28
33.44
-11.27
53.23
8.02
-95.15
-84.99
-8.94
11.41
8.92
-110.99
-38.77
-9.61
50.67
-80.41
-69.68
31.86
-10.56
-58.76
-76.91
-11.66
44.06
22.33
-112.39
-24.17
48.03
-26.48
-4.79
8.88
-8.12
119.56
4.57
4.36
-17.43
135.54
0.08
-8.72
-1.96
96.6
5.99
-10.12
10.69
-66.61
145.87
-46.52
6.52
-3.48
-97.64
1.94
-2.13
-17.74
-70.33
13.9
5.61
9.55
46.25
26.39
100.07
-1.56
-7.36
3.28
47.69
-18.65
-105.65
4.83
23.8
1.66
-9.9
-182.45
36.86
-22.21
-152.68
9.09
44.61
-4.38
-53.72
8.47
5.36
12.08
-8.19
34.55
26.7
6.74
-2.9
-3.16
20.82
85.86
-9.26
61.76
10.29
40.61
-26.66
74.06
3.7
-0.49
-2.53
16.98
61.27
76.02
73.8
5.82
-18.85
21.02
13.47
-61.83
-191.77
-3.01
60.62
-9.89
-66.22
10.14
-12.01
3.99
-11.37
2.39
-100.01
0.55
2.33
-10.02
62.7
-27.77
10.96
1.26
-2.11
-2.47
10.07
67.19
-44.17
19.11
-8.8
35.36
11.67
13.12
9.13
-10.88
-26.2
-112.76
-37.76
-78.25
-0.73
55.81
21.68
12.62
-3.6
23.53
-9.82
11.68
-17.77
2.85
67.76
41.95
-88.81
16.81
-86.83
-9.64
7.06
44.05
1.38
-203.77
11.52
66.39
11.23
-49
-5.97
-89.24
-2.48
-6.52
-117.98
-3.98
16.18
-14.78
3.63
4.18
-32.18
-9.57
-3.86
19.15
8.92
34.4
28.02
-1.22
15.53
-9.92
15.4
17.16
-2.72
32.1
105.31
63.43
-6.79
25.19
-139.89
-8.35
15.53
-21.97
-96.49
-39.02
-18.56
-65.28
63.67
9.93
9.73
-20.92
-13.53
-1.32
-5.62
37
14.96
-8.7
138.82
11.69
-11.29
-18.27
-127.7
12.96
1.61
30.05
81
-69.79
-11.21
-7.2
-63.6
-49.63
45.18
31.66
-59.46
-33.5
144.46
-117.13
0.78
87.15
-5.99
0.59
17.21
93.67
-74.5
-0.58
-137.33
-4.44
15.06
-78.6
17.78
-149.96
-18.97
17.87
-34.25
75.42
-7.66
-1.82
-9.23
-20.52
42.67
-21.2
-3.45
-7.69
-6.05
-9.63
13.92
32.74
-20.53
-12.3
63.6
-1.6
-37.83
49.65
-57.4
125.39
-5.85
-51.79
4.64
0.89
-3.81
42.45
-3.2
-23.79
-3.52
-24.39
-0.79
2.1
6.03
-1.33
8.07
-24.75
42.74
10.98
-8.69
-4.33
33.4
124.96
12.03
-1.58
10.97
-55.97
197.7
-31.56
0.73
55
13.07
19.52
8.77
6.89
-105.92
23.77
-3.72
-7.2
-127.34
-6.15
9.55
-19.94
-8.46
-139.5
-6.55
88.05
36.56
-25.88
-26.46
8.05
4.18
66.53
43.03
-17.6
124.38
-6.97
3.32
156.79
43.99
-6.87
-19.57
14.7
10.98
19.65
73.28
7.44
4.44
-176.4
16.84
-36.69
-38.49
-64.73
-33.67
8.75
7.05
-26.67
4.17
-6.43
65.49
-2.02
120.21
-2.82
-23.23
-7.92
-21.81
-134.16
35.23
15.89
-62.93
-97.48
13.2
-4.9
4.77
17.53
-89.86
25.89
28.17
89.21
-4.54
-9.22
30.09
52
15.45
-15.06
-12.92
-1.74
-102.57
17.91
9.04
-12.98
19.94
-76.39
4.12
-5.87
-4.83
-69.01
8.54
-4.37
-40.35
0.36
76.85
-204.87
19.65
-5.68
57.58
-10.23
-9.07
6.48
0.95
21.89
16.97
72.83
-5.66
74.12
-6.05
-5.98
-23.13
113.12
-8.03
6.93
72.13
-1.58
1.57
-23.51
-73.15
2.53
4.69
1.56
100.35
-8.25
-8.39
22.98
-12.24
-10.43
-11.05
30.6
-9.58
-160.89
-6.32
17.81
0.64
-63.08
45.22
26.47
-4.01
46.26
115.91
-20.74
-2.92
-5.15
-9.92
51.89
-52.73
69.94
-7.35
-70.94
-70.27
-45.59
-9.03
11.13
-6.15
0.47
53.03
47.05
-27.87
30.56
6.62
-2.16
-27.62
48.62
-7.06
44.88
-2.32
31.18
8.08
26.49
-12.26
77.85
58.84
3.67
-63.97
13.71
-94.72
11.07
37.5
-1.04
-3.17
-17.2
-8.22
65.24
100.33
16.14
-56.12
5.46
-34.93
-115.93
20.52
9.84
8.37
3.39
-15.23
6.79
4.47
-10.16
-53.08
2.68
10.89
64.43
-21.02
-31.71
-4.89
4.94
8.36
103.96
-43.63
59.23
87.83
2
24.01
32.89
60.77
16.16
-100.01
-6.28
-22.72
5.32
-5.11
-93.98
7.77
13.2
57.81
5.92
-36.44
6.64
-11.83
-10.13
6.54
3.84
31.56
0.81
-5.97
-34.12
-39.77
-127.29
-97.38
-12.77
114.29
-8.5
125.84
-2.64
19.27
-82.27
33.17
-4.36
43.53
0.3
14.79
37.31
57.53
-4.6
-11.36
1.84
-8.69
-56.27
80.67
-147.8
11.98
15.71
8.48
1.32
117.07
