-48.93
59.51
-170.18
9.01
-9.59
8.22
0.93
-12.48
76.22
69.25
0.51
46.03
-26.33
-29.47
4.91
-40.49
5
19.82
-65.15
48
1.25
27.28
7.14
-53.21
13.9
2.35
-10.29
14.15
44.83
5.59
5.41
3.87
11.49
0.34
22.81
16.93
14.31
-11.94
-17.05
-15.02
-69.72
-11.96
-22.64
9.43
32.29
103.21
9.01
-4.82
-10.37
11.45
38.73
21.88
2.38
-0.24
-14.12
1.31
-19.35
66.46
10.45
-3.72
-41.2
-7.7
-22.29
-14.43
11.83
-7.62
-9.72
-32.38
-63.8
-8.92
0.81
34.35
-1.7
-6.73
-12.72
-6.8
-0.11
9.61
1.68
50.13
7.19
91.49
48.31
29.3
-22.19
8.61
113.6
-28.18
41.96
-58.9
-64.28
42.2
-11.76
32.38
8.61
56.1
61.15
-111.28
23.94
-0.92
7
-1.31
-10.23
-16.8
59.43
1.21
43.27
-43.31
25.91
0.16
15.22
9.83
-112.86
0.65
-7.47
-112.08
-25.95
7.75
2.95
-5.46
-83.72
-7.48
17.71
-58.68
0.62
-2.89
-9.29
35.46
-0.95
-10.97
-79.28
1.43
8.02
22.53
-0.9
-16.18
38.28
9.72
-14.61
31.6
5.97
36.73
6.21
-8.21
-32.1
2.63
14.94
16.79
24.3
-38.98
-10.03
109.71
23.63
-6.47
-27.49
-40.35
-141.96
-94.31
-58.77
-2.29
103.01
-29.99
36.07
20.77
3.79
46.98
-0.42
-7.58
17.98
0.49
17.25
12.23
-3.7
14.85
118.77
-8.5
6.99
1.1
11.69
-119.16
13.21
0.42
-86.52
-124.26
-22.41
119.7
4.99
27.67
-1.34
10.87
6.44
-7.72
-21.38
11.56
88.3
21.95
-2.19
-34.01
-240.08
20.25
81.49
66.04
15.54
-22.95
7.55
-11.55
-0.36
52.6
-28.64
93.04
24.73
-9.01
1.96
8.04
-4.41
68.53
-30.72
-6.55
12.36
-44.57
5.03
-31.35
-9.15
29.64
-10.04
-8.77
6.15
-71.82
45.53
18.61
-7.74
-12.9
-3.79
-26.45
25.13
-35.17
-13.82
-26.84
-10.95
-4.21
-104.38
4.2
-1.58
2.98
-8.06
-87.06
-14.26
-39.19
63.94
4.63
3.42
-3.6
48.62
-19.03
46.05
75.56
-18.22
-5.28
90.28
-51.84
-6.48
26.02
21.57
-119.81
42.28
-9.06
27.98
14.07
16.4
6.07
50.74
53.35
56.75
-4.16
-9.75
21.51
22.82
7.02
15.35
33.42
-34.58
37.2
-23.41
-21.43
-2.18
5.35
-5.37
-1.42
15.38
-14.29
-43.93
9.18
7.41
-83.73
6.43
30.38
10.55
11.91
-23.47
-9.6
60.3
-14.58
11.71
-5.99
21.5
8.4
-78.62
-23.33
21.63
-53.32
17.78
52.01
3.32
-7.04
-4.69
68.59
8.78
-38.12
-4.37
19.09
27.38
0.46
-16.89
10.74
58.2
-80.31
62.47
36.9
2.44
-84.76
79.07
30.19
26.68
-48.73
-87.91
-11.05
-3.95
-71.98
-127.17
8.58
-1.43
8.26
-18.87
8.08
43.21
-15.63
83.45
12.43
86.79
-49.24
35.34
-95.67
49.05
-0.22
115.93
78.49
-12.38
7.7
10.01
110.95
-12.95
-10.41
5.79
-9.89
-21.22
14.84
-42.21
50.05
2.12
-23.48
2.8
-88.94
-51.45
14.69
69.09
14.21
-82.77
1.99
2.31
1.77
-10.8
-4.25
-97.08
-8.6
1.43
9.34
-1.22
-39.74
-23.16
-96.15
5.12
-9.97
38.66
-110.44
-10.56
-13.36
35.19
11.67
-1.7
49.56
-8.37
-4.77
8.67
7.28
-9.82
9.97
-4.14
-14.68
11.84
3.49
1.72
-13.3
36.82
57.59
-82.34
95.13
-5.73
11.64
-7.95
8
-32.21
15.8
61.35
-7.38
-8.48
102.62
-38.53
10.97
37.8
15.54
9.17
-93.82
12.95
9.8
-19.09
-2.62
18.5
15.85
15.49
-18.86
12.72
28.87
-44.57
-2.63
90.64
41.75
-9.04
-5.42
-20.34
-4.7
-23.19
-12.15
-10.34
-7.83
8.64
26.08
42.03
13.33
-12.9
-13.64
-8.6
-5.54
36.83
38.61
-32.44
-2.43
-6.48
7.23
7.62
-128.44
-1.6
-73.42
2.6
0.78
-473.69
-119.67
-104.36
7.77
-95.88
-10.73
186.67
-45.62
32.2
170.04
30.27
-4.11
75.52
1.15
-1.74
76.87
109.57
-23.91
-53.06
-69.68
-105.88
15.16
-61.89
-31.49
0.68
4.3
34.1
15.61
-6.59
9.02
-9.49
63.07
-51.31
-153.09
25.48
38.86
-0.03
-41.73
-8.19
2.46
25.23
2.4
40.73
1.47
-22.51
-14.9
-12.27
7.81
-35.86
7.09
-11.3
12.47
-9.15
0.58
-10.49
-37.93
22.7
68.93
-87.15
8.27
2.96
-1.51
-35.47
-6.07
-78.57
-17.89
-2.9
15.05
-14.34
-58.72
-74.85
12.65
-6.26
7.75
143.33
0.88
8.95
5.26
2.3
72.54
-19.18
55.06
37.56
6.34
-60.95
-12.08
6.41
-15.73
77.55
12.72
-118.05
-27.59
73.01
-8.06
85.76
62.48
-35.3
31.58
-48.05
33.57
52.34
-2.01
-8.55
-5.4
5.1
-30.63
-25.71
42.43
0.48
89.96
88.11
-39.65
13.1
52.08
22.78
-12.32
-5.36
-5.12
-33.72
-4.38
-31.93
-71.7
-9.64
-6.26
77.91
-6.79
-4.99
-10.63
8.17
-21.24
2.5
12.4
13.47
-22.29
-26.27
-9.18
8.46
40.62
5.38
-11.27
10.17
-6.85
10.09
-15.79
57.68
-211.37
-33.47
9.62
-20.69
23.35
18.3
17.97
11.15
2.75
-111.78
40.16
16.61
0.81
-86.46
-129.38
-30.02
-12.46
57.92
-30.31
5.09
2.64
-67.05
-2.13
15.28
5.61
-27.14
-11.76
23.86
70.92
-39.9
47.27
36.87
-22.77
39.47
-29.2
7.58
-8.7
49.57
-4.85
-1.52
0.29
-16.59
30.18
21.83
2.17
7.25
85.48
87.96
-13.56
7.32
-0.43
19.49
-55.4
-112.97
-8.24
-16
17.39
10.45
3.09
6.91
9.76
40.72
-130.66
-64.99
-8.68
9.41
-171.07
10.91
-29.17
-31.43
25.62
29.79
166.02
-209.85
15.12
-12.07
51.67
-7.21
-25.66
-1.92
7.36
42.05
-5.24
2.11
39.96
12.9
-40.44
-31.73
11.99
7.37
-2.94
10.45
42.43
4.2
1.91
-32.01
15.89
-28.31
12.38
13.04
7.74
10.27
-3.74
-26.98
-40.97
-1.93
84.4
53.37
88.86
16.11
-10.68
7.3
-22.28
-44.21
45.54
-129.36
16.12
-4.97
-87.77
80.98
-11.05
-9.4
74.13
4.59
-1.24
10.63
19.73
140.19
91.93
-8.42
-5.44
11.37
-9.21
8.87
15.9
-0.06
-8.7
22.19
7.2
11.36
-5.83
53.85
-2.92
-8.45
9.06
-7.54
4.94
99.24
4.68
-10.78
54.01
-7.8
-4.71
-0.02
23.8
-12.52
-18.83
-2.89
46.64
5.39
-7.35
1.94
24.1
4.82
-5.07
64.71
51.93
-8.67
14.45
25.07
-15.18
-7.22
9.88
-99.99
10.81
3.04
4.57
-3.22
68.8
2.18
46.35
65.01
-4.28
7.27
30.58
11.85
34.01
-5.05
-2.48
-107.13
12.83
25.11
-7.25
8.7
43.43
-64.18
45.37
0.35
-20.32
25.34
-9.41
-8.42
25.24
-1.31
11.19
3.41
47.28
2.36
53.81
6.13
11.6
12
27.12
37.22
24.47
-40.07
-0.32
-18.03
12.53
7.16
0.56
-9.3
1.12
-56.14
-8.01
5.18
-32.61
35.4
-0.71
1.36
5.69
22.9
-1.06
-9.3
-15.56
7.62
12.75
-114.12
119.77
-1.07
-80.55
1.63
9.38
-3.72
-11.32
-2.3
38.04
-6.24
35.47
20.83
116.48
-86.97
-4
-44.53
3.34
50.89
67.64
6.85
90.82
-14.09
20.03
9.92
77.19
4.81
-58.71
19.99
-13.29
-7.31
8.3
87.03
24.55
59.26
-58.34
2.95
28.03
-55.85
6.79
19.35
57.53
10.03
4.44
-7.44
-34.82
-10.09
-2.55
-1.17
-55.62
0.02
-0.78
9.34
6.31
-14.46
63.79
-13.55
3.87
-4.71
14.3
23.56
-1.99
-5.25
-79.85
37.5
12.55
85.02
75.38
-12.33
-14.66
61.12
-0.12
-106.97
-3.42
9.24
43.8
75.8
6.27
-8.26
63.72
-8.73
10.88
18.18
-11.57
7.94
7.09
9.57
8.72
-15.38
-63.36
-63.17
-18.02
-0.24
-2.62
2.11
-9.34
-23.59
-38.32
-196.18
-160.09
-4.2
-85.71
6.31
-5.07
-6.89
-58.86
10.85
43.73
12.56
6.78
13.27
27.16
161.68
100.14
0.81
-37.48
-3.34
-16.12
62.28
-0.77
-14.23
-7.25
-7.07
-51.9
106.85
-17.68
-62.78
18.15
21.91
-58.07
-5.21
13.35
21.95
-77.61
54.83
-10.3
-35.61
16.29
5.86
10.92
-6.41
-2.15
16.25
220.78
-60.91
21.06
-8.19
4.61
-5.1
-7.95
-57.63
27.34
22.64
-1.56
26.06
15.91
-7.97
10.43
-20.36
8.24
-3.71
-4.53
-106.06
4.6
-25.5
0.38
1.88
62.47
