-2.03
-1.94
-17.08
6.8
-0.76
4.6
10.02
-8.89
-5.45
22.89
57.89
6
-121.03
-5.13
-23.37
-74.53
2.25
-7.63
51.85
101.3
-76.63
-23.1
-8.32
61.3
-126.3
-1.58
-39.05
-17.3
-85.17
30.71
-2.04
-12.3
-93.33
-0.4
-0.06
57.56
-46.23
40.42
7.19
29.3
8.17
6.73
23.83
26.39
6.6
17.49
-12.86
0.51
107.03
1.67
-17.03
2.55
-87.79
-2.92
-12.16
-12.25
-45.11
115.26
-15.56
-9.43
-0.97
-4.59
-11.8
2.62
-39.38
1.49
21.33
-8.2
-2.83
-14.32
-90.36
-3.38
-3.67
-3.73
-76.32
53.4
-35.77
-41.39
7.68
13.39
6.65
-46.16
-10.54
-20.1
23.28
-0.71
-8.78
10.14
-10.67
-41.9
-0.71
3.9
-152.95
1.76
0.54
3.35
31.68
-14.49
11.37
52.78
-3.34
0.91
-0.58
23.15
1.71
-62.08
71.02
119.28
-1.21
-87.39
-12.05
84.44
-9.36
37.74
-25.9
-10.9
5.16
4.84
10.97
-8.77
16.95
-8.83
-3.93
-0.2
-2.7
74.77
-13.29
3.72
-0.91
6.59
-9.95
-122.3
-104.75
-54.31
25.02
43.11
9.56
-2.43
2.26
5.97
13.63
14.13
1.29
23.27
42.57
-22.1
-1.36
10.69
14.66
52.42
-22.68
19.61
19.33
-150.14
-14.79
-27
-7.47
54.99
9.16
-8.78
-90.35
-8.23
26.28
-10.65
-10.84
-6.24
15.26
-100.1
31.58
-15.06
24.51
8.66
-97.82
-34.47
8.77
172.22
-37.87
-2.55
-51.87
-18.14
12.07
56.32
60.13
4.37
-8.61
6.25
-3.13
103.1
-0.1
32.59
-50.68
-10.04
-10.13
23.95
39.1
135.64
47.33
47.44
-8.53
-7.09
4.11
26.22
6.28
36.55
34.46
7.92
-43.19
2.19
-17.2
-13.78
-13.68
-14.2
9.61
4.13
10.75
-5.76
-32.45
9.42
8.35
-6.82
4.95
12.54
7.31
2.47
-59.52
1.46
-1.3
100.91
-23.35
-75.49
-35.1
-56.45
-48.5
78.29
-70.34
74.06
24.48
12.78
-32.53
100.26
45.16
44.85
-6.01
35.83
24.72
26.98
-22.77
54.99
-123.94
-5.6
19.22
99.91
-36.27
42.97
18.17
-19.06
14.61
-18.38
15.19
40.23
11.27
30.19
-79.43
11.17
120.88
-0.4
-20.81
8.9
38.84
-7.53
49.04
12.62
8.58
-154.12
-141.46
6.04
-3.25
-11.01
24.26
54.24
49.24
-12.2
-4.17
65.9
-28.2
-7.46
-4.65
-16.04
76.46
-8.47
10.29
112.58
43.23
3.01
41.22
37.35
-7.39
-7.59
-21.44
-78.32
60.98
36.37
12.13
-36.76
9.51
265.73
-61.27
-44.49
10.5
45.71
4.7
-40.77
21.54
37.99
69.13
-17.2
-7.08
-8.27
-4.11
-6.52
-42.35
-24.94
-6.01
0.37
-10.52
-147.65
-3.81
4.97
-79.62
3.15
5.42
0.63
43.3
8.65
-25.06
4.23
57.16
-93.4
13.79
-7.66
-47.54
51.98
-14.14
5.77
17.9
-94.54
-2.36
-13.45
0.07
13.57
16.06
14.07
36.8
48.27
100.95
14.03
11.19
-38.97
3.56
-10.19
2.02
-81.63
81.78
-39.24
-47.61
-43.25
2.77
-28.2
-22.03
10.93
-87.82
-8.85
70.21
8.87
-4.53
21.61
-4.83
7.06
-1.67
18.84
-77.22
89.08
-7.06
37.19
8.85
9.52
2.77
-11.34
-8.93
12.01
-11.16
2.19
-32.4
26.91
-93.36
-54.37
-30.83
-95.16
5.52
136.34
-5.2
106.58
-13.16
-20.83
12.08
58.99
79.35
8.49
73.04
-2.74
36.83
-44.18
39.62
8.76
78.51
85.32
-9.34
2.77
-19.2
3.08
21.69
43.31
6.87
5.88
18.81
-11.71
-148.02
-31.89
-4.72
4.63
-99.96
27.43
-147.89
-16.29
-97.22
20.14
-85.41
81.04
8.92
-34.12
6.31
-57.86
-51.74
-5.35
137.15
-64.48
-4.75
16.81
53.16
-4.31
-4.51
2.87
6.79
63.64
104.43
-6.84
70.63
5.74
-13.33
21.14
-14.92
13.06
16.92
16.04
34.11
12.64
65.11
18.71
-8.95
-42.79
-52.9
-4.85
-81.27
25.75
-49.63
-121.72
5.99
-10.83
46.53
-25.72
-73.57
-52.21
-12.64
-9.93
23.32
-4.06
42.47
14.96
22.05
-20.96
-13.17
7.65
-2.86
-10.37
-16.01
4.18
33.03
-11.11
31.39
-3.23
37.04
-14.61
7.34
-132.65
-6.09
-82.99
-16.61
-60.58
-3.26
37.44
-77.7
22.27
38.08
-44.5
-3.69
-47.95
9.49
-34.87
-2.06
2.13
-79.22
-4.08
-11.54
-47.71
-56.81
-39.64
-1.6
39.59
36.42
-6.13
53.62
-3.42
-191.58
-11.85
-28.1
-4.61
2.07
48.45
-23.74
29.16
-1.66
79.57
31.55
27.37
-0.68
126.17
-52.86
-3.02
7.25
5.39
85.83
15.88
-31.74
-3.79
-11.73
15.15
-3.64
-22.72
-8.81
0.53
2.65
54.35
-9.9
-4.82
2.85
-33.45
40.96
1.78
2.07
3.49
9.7
-111.15
71.12
-34.71
188.33
5.25
0.33
42.22
29.51
4.54
-17.42
170.89
2.96
-8.84
-27.27
19.14
10.66
-18.65
-2.35
20.61
18.89
-340.69
12.17
-43.93
1.47
-0.3
16.72
12.55
-43.52
5.55
60.08
-6
-9.54
15.84
7.59
48.19
-19.11
-2.16
12.65
-7.68
5.44
-7.99
-12.96
-7.17
-9.83
7.61
52.96
13.39
-9.6
97.81
-9.47
91.92
-245.33
36.83
14.7
-52.42
3.95
-32.5
14.6
43.95
-66.37
11.86
-129.38
-7.05
174.02
12.1
-9.81
2.75
-36.31
115.71
-6.54
-1.47
-1.15
-25.6
20.23
30.42
27.44
53.91
3.91
1.86
-121.35
-8.63
31
-77.08
19.64
36.25
-16.42
35.76
-5.13
23.94
-2.7
-11.65
40.71
82.99
-13.21
-7.13
86.85
41.15
-28.73
36.45
80.66
-1.66
-26.36
-40.12
-19.8
3.92
18.03
-59.84
-57.48
38.6
-54.99
-35.25
43.75
3.95
-1.85
-44.54
-10.33
1.66
35.99
-26.54
-131.96
-47.49
-49.89
5.19
28.2
2.34
56.98
67.43
-8.63
16.81
-3.8
-16.02
-13.29
-12.1
-142.51
61.84
48.43
9.12
-41.05
12.89
-19.23
-23.98
60.51
-54.65
-4.8
-3.85
-17.91
34.14
-10.12
-127.66
-12.05
-32.42
21.02
-23.68
26.71
3.78
-43.34
-114.47
-14.84
10.49
-24.53
-160.69
14.15
52.95
5.75
8.02
-50.01
22.52
12.58
-9.96
9.99
-12.55
-6.37
59.48
81.86
-1.3
24.38
-1.4
73.63
0.98
59.35
86.14
32.9
-1.23
-0.77
32.22
-17.99
66.78
13.42
14.15
-13.49
-16.16
2.75
-5.03
-5.21
9.38
-64.22
-21.97
21.38
-0.33
14.42
13.19
-127.53
42.4
-62.07
14.7
59.1
-39.79
51.71
7.59
21.38
53.4
-29.42
3.41
39.98
-15.58
-11.03
45.02
4.5
-17.53
-24.17
-5.74
-95.38
-9.94
-6.22
-0.22
16.62
-17.28
14.36
11.05
-34.19
2.41
-17.19
10.16
62.91
4.71
-14.98
-7.02
12.12
-235
43.03
-0.13
0.02
8.06
-10.22
16.12
-2.45
-3.78
9.09
40.62
85.97
-4.31
25.57
-8.01
-10.57
-4.62
-4.1
91.37
-47.45
7.29
9.88
19.21
-14.83
-3.95
0.3
72.75
-50.36
0.78
-0.91
24.14
25.17
146.95
12.02
-16.88
-11.38
-8.74
17.25
16.5
3.42
30.69
151.97
54.36
8.3
106.34
47.42
-59.58
3.46
21.73
6.94
25.41
-5.61
75.26
-10.76
10.58
1.5
-6.6
-15.51
85.91
-10.6
-6.92
7.2
-5.99
-31.28
-9.72
116.7
10.94
54.59
14.95
-97.27
1.69
82.3
-55.53
-17.3
-5.41
-140.18
-235.17
65.09
90.29
-4.28
-36.47
121.95
12.54
-8.18
42.41
18.63
-22.12
9.01
2.72
56.42
74.19
62.94
2.32
2.1
14.42
-98.73
-11.33
43.78
31.25
9.42
-12.38
21.44
43.81
-57.06
31.08
50.6
37.66
-82.05
-11
149.73
12.69
13.18
7.68
-183.74
-23.97
4.36
0.61
-15.36
-6.27
-37.05
-17.74
-33.86
54.35
-13.11
19.12
-8.34
-27.57
-267.51
-10.44
17.72
-38.11
-76.17
-3.24
-27.03
-57.35
-3.3
-22.64
1.83
-35.3
3.81
115.28
72.67
14.28
72.71
62.23
-56.98
12.04
20.96
-0.05
-111.76
9.88
5.71
0.63
-37.96
-5.74
10.71
-50.86
11.71
46.97
-21.85
-99.07
-8.24
70.21
14.96
13.32
-2.1
-4.55
-55.59
-4.66
-2.57
5.75
1.44
68
-366.15
5.85
88.73
22.68
7.7
8.35
-20.78
2.86
-6.74
18.45
-163.71
-10.73
-44.05
-7.46
-6.76
6.34
72.35
-73.77
121.15
147.19
-7.9
-62.61
103.83
66.2
8.21
25.04
6.51
1.96
13.7
-62.53
-41.13
27.9
13.49
13.04
10.97
7.18
16.32
-11.32
26.56
-125.41
24.08
53.27
