1.11
16.01
20.87
-43.05
-9.92
4.73
66.65
17.16
5.73
-10.44
37.22
-7.54
111.51
-65.89
-21.1
16.12
83.94
1.85
-24
-2.43
41.74
33.42
143.48
5.32
10.91
80.6
9.71
-1.44
133.69
-11.32
36.26
-19.86
4.21
-87.27
-13.73
-93.57
23.32
16.55
-11.75
128.44
-7.41
4.73
4.51
-19.19
-39.7
-6.09
78.15
31.36
-19.3
-3.18
-11.12
-45.41
-17.22
14.29
-64.84
15.61
-2.02
9.16
9.38
44.05
121.26
14.18
-58.41
2.13
-9.14
10.04
-17.34
-5.47
38.7
115.38
6.14
23.38
-14.08
53.17
112.12
-2.95
1.01
22.1
-0.24
-12.9
-44.61
10.87
-41.18
-32.31
29.27
-5.91
-5.76
186
13.38
95.05
44.16
-1.48
4.81
-18.57
-5.26
12.77
-8.11
-16.78
-48.13
-19.8
-143.93
-37.06
33.68
44.96
62.79
-23.8
21.96
-7.78
-1.99
15.72
1.95
14.32
-0.93
-16.4
-94.73
-22.77
14.48
17.53
-3.53
-10.74
43.53
26.43
-12.07
-10.87
-49.31
54.66
-34.05
159.04
-4.34
50.23
15.29
-56.43
58.06
-31.43
10.91
-1.78
39.71
118.13
76.15
-24.37
14.42
2.54
31.76
7.63
21.32
-1.96
-1.3
-167.92
56.85
5
102.38
25.55
43.43
-6.93
-40.99
-12.48
23.08
0.62
3.64
-2.52
-6.8
67.87
111.54
-9.04
16.31
33.11
54.46
30.01
-21.13
-23.91
31.57
29.04
1.74
56.19
46.28
46.86
-41.89
1.2
5.17
-20.52
0.93
-5.32
109.7
80.11
-57.31
-10.98
5.18
-39.14
-1.88
-13.81
11.29
8.92
92.66
17.25
-72.64
-70.56
-82.28
-228.96
14.4
3.08
-172.09
4.7
-1.37
95.13
-142.42
-29.52
-66.2
78.1
95.31
113.16
-18.5
4.21
20.31
62.38
11.59
0.57
3.24
3.65
166.48
-4.6
159.98
-152.39
1.92
-4.41
-30.5
-36.67
1.38
-8.82
-7.69
-8.08
50.27
80.11
49.15
-5.88
-8.94
13.05
-50.67
13.73
-3.01
15.04
11.48
76.77
2.78
3.5
-9.5
13.02
-2.96
-21.62
47.12
-0.44
97.77
74.75
63
37.23
46.16
94.33
-6.05
-42.56
-6.96
17.6
5.56
11.12
-21.32
-0.04
12.3
-85.29
13.2
-25.32
-45.47
8.3
-25.55
77.55
-5.34
-64.15
4.13
8.95
4.06
10.51
3.28
-4.97
-17.29
-16.82
22.63
-62.23
8.86
62.01
-79.21
-13.86
4.91
8.11
5.63
-10.19
-12.39
-1.69
12.45
-7.47
6.22
109.01
29.45
4.15
-8.55
7.98
-298.23
-21.53
-33.56
18.03
-2.17
73.03
127.01
-3.61
205.25
-29.74
9.7
6.14
-1.87
0.32
41.09
-12.37
11.72
-4.2
-5.68
-12.07
3.22
14.6
-1.3
-6.61
0.69
1.42
-12.26
18.03
8.16
1.21
-58.93
3.31
-85.79
62.73
44.2
7.27
-6.91
-15.09
12.33
155.49
8.17
-41.28
-95.32
11.62
-16.79
5.97
-9.24
24.27
-27.36
31.21
5.09
0.58
41.23
-32.88
-9.92
-40.23
-10.8
52.45
4.99
-44.93
-37.63
92.84
24.32
-43.26
-67.96
4.98
60.14
8.36
-8.25
-1.92
-1.24
105.26
52.71
-4.47
-7.38
-263.02
24.11
-40.56
-21.43
0.24
62.56
3.78
-8.38
0.71
-31.01
53.49
-33.62
6.77
52.27
66.07
24.58
-3.58
14.45
3.05
-94.27
9.02
5.35
-10.97
-27.36
34.99
74.1
73.96
8.79
46.61
-10.94
-29.26
248.1
14.07
-78.03
-7.14
-4.06
5.28
-124.63
-68.68
-7.26
-2.19
15.98
-4.9
37.68
-11.57
-10.63
40.65
12.58
92.42
-6.37
-34.51
23.72
18.67
-7.24
43.81
23.99
73.45
56.75
-11.4
62.71
98.67
-47.11
-9.13
8.19
-45.44
-42.66
-55.13
-42.97
-49.76
-3.31
46.66
14.21
-7.81
12.88
-72.69
17.62
33.85
56.74
10.43
6.72
-1.58
-69.28
4.83
-25.24
33.88
14.7
5.19
-14.32
-107.31
1.32
-6.73
-21.45
-70.52
-8.99
-80.35
-23.4
23.95
53.65
56.26
-51.95
-42.38
64.72
-8.53
-12.76
-152.48
13.12
67.32
26.49
79.9
4.87
-52.81
1.23
-0.18
-112.57
35.11
-19.39
32.73
-35.2
-60.62
32.14
12.03
127.78
-129.18
-99.06
78.72
-19.9
-3.37
-96.56
69.76
-84.69
5.94
-2.45
12.02
14.38
0.22
-9.55
3.43
29.21
-4.85
6.18
42.87
9.94
12.38
45.63
9.83
-23.53
13.24
-15.9
8.55
5.64
-129.67
-5.46
14.43
20.96
8.94
21.14
7.57
2.71
170.14
17.59
83.61
-38.67
7.51
-113.11
32.26
4.32
44.18
19.46
2.86
35.31
21.49
82.51
15.71
-1.32
-6.28
-6.92
44.35
-21.47
-41.16
13
-9.53
-2.67
80.7
10.16
2.01
45.17
-6.1
-1.53
-2.01
-8.52
-94.55
73.06
2.94
12.25
-5.85
134.86
-15.26
-24.47
-121.75
-17.94
6.06
-12.42
2.28
13.39
2.37
23.42
14.64
-11.27
44.45
46.3
-53.65
-33.74
52.1
11.56
10.39
-10.66
-8.11
6.32
1.72
-32.18
51.51
-1.74
-40.83
-5.72
18.41
-1.38
32.81
-8.59
11.14
90.43
-6
6.58
8.68
32.97
-5.65
20.54
18.48
-37.68
8.97
-24.63
-96.95
34.66
21.44
12.96
16.16
-6.95
13.29
67.13
4.14
24.82
5.81
-14.39
186.76
81.38
-5.81
17.56
-1.21
4.69
51.82
23.64
-11.59
46.12
5.36
-15.4
-4.36
5.5
-1.43
-15.15
17.76
10.49
-52.62
-4.78
-18.99
90.16
-7.25
-12.82
63.58
13.09
5.02
17.79
118.2
20.28
-6.13
-0.73
0.81
19.91
-160.23
-1.89
-1.92
-0.82
8.48
33.94
82.16
62.25
4.89
52.4
13.87
-14.46
5.85
-8.12
-5.16
-4.87
16.79
5.23
1.82
4.93
6.5
14.49
-10.02
-6.96
-12.85
-14.94
-9.34
11.16
31.45
15.99
-3.76
-2.1
-38.71
28.09
-26.42
-13.2
-3.34
-7.66
-8.73
63.29
13.21
59.04
10.89
46.71
7.84
11.64
-44.53
-27.23
-8.51
5.81
54.07
-9.98
-8.12
0.47
1.54
-36.17
62.44
5.49
8.67
-40.06
-48.51
-2.52
4.49
-18.69
-3.61
3.79
-41.42
-1.28
11.47
-2.18
-153.15
3.66
10.99
-38.24
-0.54
22.41
11.08
-50
-2.11
-24.84
-33.5
-6.02
-111.92
41.12
-11.15
-41.63
1.4
0.66
1.3
11.61
18.64
158.84
-15.83
20.37
-76.67
-30.02
51.97
4.08
5.53
38.3
17.71
0.07
-41.35
28.99
19.93
-11.95
-37
3.24
-51.92
11.25
-6.7
43.95
-107.45
8.2
-10.01
-26.3
-7.36
16.95
-40.92
28.07
-125.62
-32.25
-14.29
23.22
-6.01
10.86
-42
-8.35
18.94
-10.95
-54.72
-5.33
-35.07
61.56
20.02
76.44
2.85
-1.97
26.27
-43.54
-17.05
-60.69
-17.28
-51.98
27.1
-39.26
-82.87
-3.94
-12.95
54.28
-54.16
-42.47
-5.4
23.56
-24.12
-52.27
33.06
144.07
-2.56
-122.76
-26.75
24.3
-126.35
229.24
55.51
-9.26
-6.2
1.65
-10.88
2.86
-12.34
3.28
-90.54
17.24
27.28
-80.7
-2.36
-17.46
-15.82
8.29
-11.46
7.78
12.38
3.29
-66.46
-0.83
20.84
130.56
56.17
34.72
-25.09
52.23
-9.95
-49.59
-8.51
-10.7
5.4
-10.4
-10.19
-2.69
-1.28
-1.69
32.4
-1.29
7.02
-8.8
-17.52
41.72
13.54
6.69
-2
-0.29
3.61
33.86
-11.6
-7.95
11.42
-140.03
-5.59
95.22
-13.64
32.27
8.86
-25.36
10.49
-34.24
28.72
-20.09
12.04
6.36
24.32
-12.85
11.68
67.67
-266.61
-10.09
-91.1
5.45
7.72
8.87
-13.85
-12.27
1.05
8.52
5.53
13.03
17.1
14.97
-10.81
-183.31
-51.32
5.98
-2.18
5.55
-44.46
-74.84
10.92
20.39
-11.21
-1.65
-38.85
37.53
10.18
-10.57
-13
6.31
10.86
124.76
-84.33
60.11
6.76
-12.42
6.47
-9.35
-28.14
7.63
55.49
11.42
-16.81
-4.05
92.68
1.79
59.19
5.34
29.94
6.62
-14.08
-8.43
-42.07
-291.48
-1
2.08
12.06
60.85
5.62
54.45
-12.65
5.85
-40.43
17.24
-4.6
-3.31
127.1
-12.5
12.21
-12.33
57.22
-78.89
-4.41
-104.73
22.15
2.35
-9.83
14.81
-38.44
4.5
4.86
0.23
-47.24
-5.75
-95.19
7.86
-17.77
12.14
-7.35
-22.37
22.82
-82.17
30.33
16.82
8.38
17.71
-1.92
-13.68
-9.59
0.46
-27.45
11.93
-25.89
-5.54
33.46
12.84
-38.48
-20.66
48.41
82.31
-13.01
-5.2
10.45
-25.6
5.28
-11.16
-0.83
-47.3
2.2
10.27
2.03
-169.48
-20.34
8.63
-87.56
