9.17
-149.84
-65.58
2.03
-0.07
83.17
-9.78
-6.5
-3
14
38.29
-0.16
-10.96
-7.83
23.3
9.07
8.24
-195.98
11.03
51.42
-0.43
0.61
2.97
53.99
43.5
7.01
-89.45
-33.82
10.58
-5.86
7.95
21.02
-14.6
67.14
11.61
-2.08
-31.66
3.99
1.27
0.91
-11.5
-63.97
11.28
7.79
-8.9
13.54
4.63
0.47
86.3
10.42
18.13
4
-42.92
-1.88
16.17
73.78
-7.97
-7.66
-0.61
2.33
17.5
45.53
-0.84
-93.92
74.2
8.83
-1.72
43.87
-5.34
-2.85
31.99
3.49
1.98
9.21
4.55
30.72
45.86
-23.96
-23.87
-5.01
17.83
52.08
-61.72
27.22
-10.23
-9.82
-27.28
56.14
-66.48
28.61
-18.72
14.09
130.82
-344.92
-0.4
-3.62
-11.9
83.57
-131.56
11.75
7.68
67.94
-38.6
-43.58
-21.75
26.67
2.21
6.17
4.41
23.96
-0.52
41
-11.21
13.59
23.21
29
30.56
-5.4
104.94
-1.21
-14.75
0.71
-16.44
26.67
-13.01
53.69
-24.31
-66.46
37.16
-4.35
-3.12
-28.98
-36.63
-53.51
16.99
11.33
-36.55
-55.27
-7.93
-132.49
2.06
-62.18
-0.28
16.57
1.15
-5.47
-4.72
82.54
2.86
-2.69
-13.79
23.15
27.93
46.94
31.58
-72.08
-466.08
-11.71
-4.22
30.72
-144.91
-108.73
28.31
-6.43
48.54
60.08
-29.73
133.09
35.98
0.73
-4.53
45.34
33.49
6.44
27.89
-9.23
36.42
23.74
-29.89
-25.87
47.4
20.74
8.6
-16.33
23.4
-55.66
-7.49
5.41
55.64
3.8
29.32
27.88
10.31
2.11
0.67
7.53
121.93
-15.27
16.08
-91.15
-10.95
6.94
-25.48
8.22
3.03
-8.38
-60.11
13.88
18.47
6.98
-9.36
-6.5
10.18
31.53
58.04
16.58
50.72
8.42
-8.62
-9.97
-40.21
127.54
55.86
4.2
6.79
1.81
-16.02
-7
26.14
-1.25
-14.7
12.87
4.42
29.99
-8.69
-18.34
0.55
27.74
-9.65
121.15
11.56
0.87
-10.23
-21.78
3.99
-5.7
3.31
20.18
-5.86
-1.29
-16.09
-87.03
-124.89
-4.36
32.93
-51.16
6.5
21.37
-29.39
13.94
24.97
-25.69
-29.89
-1.38
-4.34
36.97
99.76
-4.38
59.96
9.87
23.5
25.27
-64.68
11.82
-102.59
64.34
40.03
3.92
12.33
28.35
0.57
-63.88
-74.32
2.38
34.24
19.45
-10.69
15.94
-13.3
-5.84
-11.27
54.69
-8.93
-112.81
-6.67
10.44
-51.66
-6.19
-71.94
-64.31
-13.61
-8.91
32.43
-7.55
3.93
9.14
30.45
27.75
3.04
19.58
3.55
-46.49
-70.61
11.17
-6.8
17.25
-48.62
40.59
-64.69
52.79
-10.44
5.46
-17.37
53.07
-15.23
68.85
-9.95
-14.12
-32.04
12.87
3.58
-1.44
-37.14
-23.76
4.62
20.94
323.72
-41.79
-5.15
-11.84
-80.79
-39.73
-14.37
-13.49
90.84
6.09
5.74
-10.55
12.66
37.18
-15.11
16.61
137.97
-5.09
-10.66
-54.94
47.63
62.48
0.65
3.65
23.82
11.37
10.62
-22.06
-41.25
-31.66
21.07
-22.66
12.22
-11.43
2.68
-11.01
-33.96
-5.3
-4.53
-87.57
142.99
-4.78
-25.4
5.81
-6.66
7.13
5.03
14.43
105.4
-229.05
-56.63
10.83
-11.46
38.99
-85.72
-46
71.68
8.57
85.43
-12.82
-2.88
9.77
30.55
3.75
-149.66
1.29
0.93
16.97
-17.93
30.38
-196.27
-3.72
76.08
-24.48
-13.59
59.23
-76.37
-10.27
-67.55
-31.15
-9.45
33.62
-12.71
-0.73
-46.02
3.79
3
-33.59
52.61
-2.66
3.78
-12.52
2.98
8.83
-46.81
-45.04
-13.01
-14.95
-22.54
3.99
10.73
-15.95
-32.9
-9.06
-107.56
9.89
-31.95
6.99
15.57
-11.73
72.15
-4.86
51.59
-14.19
104.11
-24.26
-86.21
-0.51
12.74
2.15
-1.64
1.87
-2.44
30.61
-4.46
0.47
66.66
82.24
111.85
35.58
3.33
1.61
-14.8
91.57
-60.44
-5.07
-6.2
-25.35
45.45
-2.79
4.12
9.04
103.87
-150.38
77.11
-64.73
3.71
9.94
-0.7
-7.19
-9.81
56.21
45.62
81.12
-18.5
-39.23
12.9
63.24
-45.32
-11.51
-1.13
48.03
-26.61
20.2
41.05
4.85
-59.89
6.62
-0.12
-55.86
15.41
-71.37
-74.03
1.53
-7.91
1.67
-12.78
5.56
-1.14
81.85
51.33
27.52
-8.38
-1.81
-130.49
-7.14
-10.56
4.16
-19.03
-13.23
-5.73
-37.1
-90.98
-116.65
-59.23
7.91
26.92
7.38
21.49
-1.38
45.26
5.09
2.65
7
17.23
-2.11
-4.97
-1.33
-77.86
-7.64
82.75
-9.89
24.98
-93.5
9.32
-11.38
-188.56
11.83
7.39
2.7
-53.03
-53.9
-158.52
-4.48
8.08
-31.73
6.74
15.03
1.06
6.4
23.08
16.74
-7.67
35.81
-7.24
4.63
-146.83
52
5.18
162.38
-130.18
26.78
-14.96
15.2
-8.31
-44.33
-51.15
-9.02
-59.14
58.64
22.96
-7.42
16.51
-10.48
43.08
-31.58
69.46
-38.13
-6.62
-10.77
0.68
20.96
-126.38
12.33
50.87
-4.83
22.68
14.08
-3.24
12.41
-11.28
-42.1
-17.36
20.35
-46.59
13.61
9.31
12.14
4.04
-102.18
-23.49
44.71
11.29
-3.36
-312.21
-5.77
-5.49
11.05
-5.1
5.3
34.59
2.02
-49.65
-3.37
-5.75
9.27
-17.99
4.54
-5.4
-30.07
5.82
50.84
-0.51
-44.67
124.32
7.03
25.26
-66.41
7.62
-7.16
9.01
-39.91
9.36
-9.01
-19.18
10.6
-8.34
-24.88
54.97
-20.38
-11.65
89.89
52.8
-138.03
-56.5
-30.96
10.01
1.92
8.09
53.06
-50.17
10.1
-10.95
-19.4
1.1
43.1
-5.63
2.94
-83.99
15.98
-142.88
6.3
-10.34
28.61
2.3
-25.27
2.94
27.54
1.98
-48.75
15.66
-0.25
41.8
-3.44
40.02
-57.71
10.42
-7.14
-5.76
35.91
68.48
-50.88
119.66
-283.08
-9.68
28.85
10.01
40.16
-9.38
31.3
-108.3
-32.6
-46.37
125.84
-41.98
-5.19
55.1
43.52
1.65
-10.78
-6.56
-92.84
30.79
49.78
-2.91
-9.87
-9.82
-95.41
23.8
-26
-14.25
-168.84
-11.48
5.83
-16.45
4.82
-5.48
-108.21
22.34
7.12
-4.06
17.72
-2.02
-62.49
-7.8
-1.65
9.36
42.27
23.23
4.61
3.63
-84.78
-3.42
73.66
-8.8
-63.2
-8.38
-6.29
2.71
6.84
-56.3
54.24
-2.2
22.38
31.43
30.64
-9.13
-46.98
101.37
13.86
7.65
16.28
31.5
-88.41
3.39
30.85
9.19
8.25
-116.68
7.71
11.07
-14.34
0.26
9.9
-7
-2.18
-21.06
-45.76
-100.28
11.98
-12.72
-64.1
15.79
-8.57
-2.67
-56.09
16.98
61.47
52.46
15.47
9.82
-2.99
-15.39
-84.66
85.79
-2.15
-0.21
8.86
60.09
-1.68
-168.4
-12.51
-9.1
50.72
18.17
2.65
-75.44
30.09
-92.32
-5.97
24.34
38.5
-0.85
11.85
-0.43
-69.25
-8.57
-4.43
-11.28
-49.16
5.03
10.19
-5.84
-8.66
12.55
-160.49
-47.97
-118.95
17.39
9.07
51.78
-0.82
-16.85
-6
-11.33
-11.2
39.69
16.67
-43.85
8.05
2.7
-20.55
5.5
14.4
-12.73
-12.65
-20.48
-10.24
-77.91
-35.74
9.28
-2.36
8.53
73.26
-4.49
0.39
46.86
4.92
8.97
36.44
-26.06
-9.51
-42.31
-1.18
4.38
-4.29
-52.06
-10.02
62.66
-7.88
67.3
-0.72
70.4
59.89
65.91
3.37
-25.21
44.91
58.03
123.35
-122.38
-55.65
-26.93
-7.05
-8.15
-246.51
-21.51
27.84
10.99
1.96
-13.61
-3.65
5.26
8.56
-4.49
-25.68
28.87
1.87
-5.2
-68.93
-3.33
26.12
15.47
21.95
30.45
6
-10.97
38.15
-60.63
-1.08
-132.09
-8.4
39.34
-39.1
17.55
10.98
-12.64
-87.43
8.33
5.3
1.15
-8.25
3.27
-17.15
-92.78
17.49
-34.76
-7.1
-17.97
-98.52
-14.58
-6.13
-76.53
-12.24
-5.98
3.25
1.08
9.28
-51.6
87.89
5.58
22.23
-20.26
-7.7
21.72
-8.51
-33.69
9.58
42.66
-3.01
-90.72
8.54
12.87
-1.25
10.32
71.91
-45.31
88.04
15.85
-8.18
-12.58
21.3
44.86
5.07
7.22
-32.81
45.21
-27.17
21.95
-8.33
-9.22
79.67
1.74
-116.45
-1.49
17.83
-9.81
-6.78
-12.58
67.67
-4.4
40.49
8.68
7.89
-141.79
8.74
13.72
7.06
-7.71
-27.52
-163.32
-15.89
-3.91
-0.09
64.17
90.08
3.17
81.88
0.77
85.57
66.72
-58.07
10.05
15
-11.73
-10.44
-2.25
29.29
-18.44
-86.53
0.72
-19.06
9.68
-4.14
-118.27
-0.99
-9.08
40.36
