-24.85
119.43
57.81
-36.45
-19.78
-157.3
13.46
0.76
73.43
44.05
10.48
7.36
10.98
30.06
9.44
98.11
-15.45
4.06
3.78
-62.6
11.02
-47.24
-8.5
-62.91
-4.27
-14.82
-7.24
-140.33
19.26
-7.4
-42.4
100.44
17.57
33.32
-9.24
-129.3
-1.68
13.27
20.66
-10.92
37.9
-5.75
-14.36
16.62
22.56
-92.49
-1.45
7.82
-75.56
-92.77
98.92
42.39
-1.86
-13.3
-25.22
-1
-14.77
-0.74
4.07
2.54
3.81
20.5
0.42
-74.37
6.81
-105.46
9.75
-37.65
57.88
-10.6
5
-4.4
-18.52
30.15
-7.54
-2.28
-52.32
-69.47
198.9
53.15
15.48
-8.28
-12.14
184.22
105.09
-75.78
18.95
-18.47
-3.44
-62.32
19.48
-15.21
6.84
44.46
-2.11
-2.77
5.82
42.92
-5.44
99.57
-17.94
12.73
-2.68
-4.73
12.42
44.42
27.72
1.9
11.19
8.39
143.62
1.8
46.36
-6.4
6.52
-4.62
-9.03
6.96
7.21
165.1
-2.65
-7.88
11.73
15.02
-10.58
-10.88
38.32
5.46
6.13
117.58
75.28
-7.93
10.11
-21.38
4.17
-39.88
1.67
-109.12
92.22
-9.68
2.44
-69.34
-21.75
28.76
-28.68
101.98
19.75
-31.47
2.14
52.04
17.59
-2.77
14.37
5.02
-0.43
0.55
-59.82
6.45
-50.89
-80.16
-10.27
48.78
79.14
1.08
-6.81
-2.82
8.54
-1.43
-7.73
-92.5
9.22
-64.57
16.85
8.37
108.97
37.12
-6.86
-12.06
-9.04
45.48
-56.55
-17.28
24.15
3.83
-32.19
5.37
-9.96
-6.37
-14.18
-35.02
-17.61
-7.41
26.04
21.95
-83.42
114.29
42.77
3.15
1.37
-1.44
-7.52
28.2
82.93
6.19
-71.16
8.69
59.42
-12.02
-67.82
-92.69
28.95
-68.51
50.26
-28.76
-17.5
18.05
-51.63
2.2
269.22
21.04
-10.21
131.67
-0.7
-5.23
-8.72
-60.53
4.38
-8.61
-6.82
-11.06
98.24
16.07
-13.35
-28.81
-9.97
-50.14
-178.56
19.32
-46.88
7.63
-27.08
90.55
8.78
1.72
-8.07
-5.09
-49.93
-2.95
84.54
11.08
-30.62
-4.78
-1.26
-37.17
-33.55
7.02
-106.16
71.79
-0.75
-10.77
-18.82
3.39
22.78
1.11
-5.15
-122.43
3.2
22.71
-74.23
-12.75
0.21
-99.71
207.16
84.56
39.31
-1.12
-3.14
-36.55
2.71
-39.6
-27.72
-7.26
-58.47
-53.63
-122.89
110.45
-55.58
-0.42
90.6
-5.04
10.34
-27.71
97.63
2.04
-77.62
6.84
-7.26
20.78
-98.11
21.79
23.78
113.83
-5.61
18.09
55.02
48.58
15.9
-169.27
28.16
-0.03
-33.82
-3.11
-10.55
12.02
11.35
-65.17
-54.73
29.5
54.5
-4.75
-5.68
-73.59
-65.99
-46
24.15
108.47
139.07
-39.77
-6.71
10.29
56.85
71.25
-15.86
-38.26
-46.42
10.04
2.18
-18.52
54.87
-10.66
-61.87
67.81
81.71
13.41
-2.05
-6.04
-7.99
-12.09
-7.53
-11.54
-11.26
-41.64
6.86
5.33
55.36
3.71
58.51
15.14
-6.19
-7.06
-9.26
19.53
-58.16
-1.87
-11.02
10.94
-0.75
-10.74
34.58
40.39
-10.98
-88.43
-81.51
-203.07
7.76
-20.17
-93.94
-12.24
-95.32
33.54
24.2
-3.08
-1.11
-230.26
27.67
-18.47
-11.36
50.57
41.47
-8.23
54.01
-98.67
-48.74
-33.49
-0.62
-97.87
-41.97
15.74
-19.01
12.9
-13.66
-31.76
-48.26
-10.17
10.59
45.73
12.06
-47.46
11.61
102.73
-12.4
2.16
-10.5
12.57
114.86
-30.12
-5.38
6.34
-30.67
-1.63
-2.56
17.27
-12.76
-3.2
19.81
44.57
-0.1
-11.87
-66.01
-54.24
0.66
-1.11
21.63
53.9
-64.89
13.79
-103.27
-68.47
-2.99
23.16
11.27
-2.99
-30.98
-6.49
9.45
60.48
-53.66
-32.32
36.01
52.69
-30.37
-102.29
6.02
10.67
53.69
-88.12
24.74
-11.87
45.11
-28.15
-12.44
-37.63
-10.61
-29.47
2.51
-10.23
12.87
-36.41
-46.92
61.12
3.98
22.61
-58.96
17.71
-67.94
6.09
-56.19
17.22
-10.97
14
14.6
9.3
47.48
-25.9
-5.67
-3.82
28.8
41.14
2.22
-7.29
-6.7
-5.1
-74.11
13.61
11.89
-66.23
2
-3.33
-8.19
-6.13
-56.92
-4.84
-37.44
-16.23
-20.47
2.43
-27.44
-81.7
-18.22
-13.4
-8.98
-9.96
-28.26
-30.89
35.57
-1.92
2.67
-2.02
10.58
-9.39
9.15
77.04
6.81
59.54
1.69
-58.03
-4.1
10.93
19.4
-6.16
6.27
25.1
-3.16
69.95
-8.25
0.57
-314.53
15.95
-11.07
-21.52
15.21
-0.17
2.21
42.52
6.23
-43.44
0.88
21.15
-91.51
64.9
-43.99
10.4
-64.12
72.58
-52.2
1.65
12.82
5.46
9.71
6.85
7.53
22.99
19.19
4.67
89.79
-243.62
-5.42
5.54
-24.25
-12.05
-1.22
-7.26
-3.52
8.12
10.88
155.69
30.24
-34.27
106.36
30.87
8.9
6.78
23.71
-36.63
26.04
-3.28
-141.23
-48.75
20.34
-78.89
1.91
-1.91
-7.4
-15.02
-51.28
21.97
-1.79
-85.02
-11.6
-18.68
160.02
52.32
-14.69
-76.2
-14.37
6.66
-79.7
55.73
-116.52
-3.44
5.91
-18.68
-1.13
31.78
-25.36
-14.52
10.95
116.43
-1.9
-6.24
5.18
-7.92
47.74
-22.38
8.48
-5.13
7.35
35.26
59.01
-4.54
40.28
-2.9
-10.68
8.49
-63.81
8.09
-103.01
36.54
13.05
-1.35
46.61
0.69
2.1
-10.6
71.34
9.12
4.04
-11.62
-17.1
-59.47
15.38
4.94
23.56
131.33
-63.11
-4.69
-2.9
-54.09
-126.96
-40.4
4.96
-15.02
96.73
10.01
-8.59
-46.78
3.49
103.88
-35.07
119.29
-5.79
-6.33
-120.49
2.17
27.49
-66.83
-94.81
-33.18
27.83
-3.83
-52.34
83.25
10.32
-4.74
-138.48
17.34
199.35
-42.25
32.26
37.7
40.99
-5.15
58.4
-12.02
42.52
21.52
-4.16
-9.55
13.94
35.06
1.44
1.32
-105.91
20.85
59.2
5.97
27.75
-50.86
-0.82
-9.83
-69.05
129.14
-5.57
-36
46.15
-6.51
30.27
-54.85
0.25
32.7
6.88
-19.91
-15.68
29.08
60.09
19.32
7.47
4.05
0.9
-25.27
-11.37
4.78
-74.76
-12.24
5.51
115.42
-37.46
10.13
7.07
29.66
65.15
-36.26
0.77
4.62
19.37
-10.22
-4.63
-13.87
-110.55
-59.35
5.32
55.95
52.25
-47.25
-6.04
4.8
-37.85
-38.33
61.51
-4.56
2.79
135.23
1.08
-8.43
-6.37
-8.62
-14.94
1.18
-6.05
57.71
-9.54
7.85
6.41
7.75
17.74
-117.3
8.76
-28.43
14.01
-22.95
-1.23
7.48
-3.19
-50.82
-0.27
-136.6
-9.79
2.03
-50.81
-14.05
16.42
19.68
31.09
-7.98
1.57
-50.52
-39.03
-49.57
13.68
5.05
-58.41
-50.86
-42.32
40.28
-8.35
-7.83
-44.3
-26.66
-124.51
-1.43
-7.66
13.89
-35.77
18.07
12.9
10.34
-75.77
61.04
62.17
6.39
-2.14
11.55
-20.34
-15.39
22.62
16.33
-3.39
0.67
76.93
65.95
-102.81
0.01
-15.64
1.62
-58.78
11.3
-51.12
18.95
127.06
28.87
-3.13
-59.17
49.47
39.11
8.62
3.32
26.65
-21.96
-13.12
-10.19
57.57
-3.42
-1.56
2.5
-23.68
1.97
-47.08
-33.87
-0.36
9.62
-6.08
0.24
-11.56
55.05
-9.87
-42.52
-10.52
-27.59
12.49
10.24
14.58
-24.61
5.68
8.13
-13.13
-8.72
17.08
12.58
-14.73
-9.13
-95
-54.25
14.28
12.45
-121.84
-19.93
110.6
46.36
35.05
-89.75
18.66
-123.78
41.78
-81.21
-12.06
36.3
-2.34
-13.9
98.72
2.21
-13.42
22.05
27.59
-102.63
8.37
-76.11
-12.5
12.77
91.81
45.61
-99.07
-83.55
6.01
13.02
3.2
57.37
-30.41
70.9
-2.06
-11.12
-11.61
6.25
35.44
6.81
2.34
11.22
9.41
12.37
51.73
-7.7
2.53
-69
-10.33
-28.93
57.66
93.34
4.84
70.11
-83.77
52.29
-5.27
26.26
39.69
-0.2
32.96
-8.93
-51.49
-6.34
7.6
-67.55
-37.23
19.41
8.08
101.46
-7.47
22.47
2.65
-0.86
-6.09
2.67
12.59
4.13
-7.49
8.02
-3.35
53.39
-6.58
-14.82
-10.81
14.97
-3.03
15.75
7.06
47.49
17.22
6.63
19.28
-9.82
-103.73
17.74
-35.8
-21.17
-52.92
-8.56
-8.57
-50.08
-97.3
15.54
-8.61
-52.06
9.53
-29.94
-17.47
-7.6
18.41
10.18
-19.98
-0.62
-5.12
-13.59
-10.94
-5.22
1.38
16.6
-4.32
8.08
-10.43
-11.59
74.41
-74.31
-49.19
-36.75
9.71
-68.44
3.16
10.17
-2.68
35.62
-10.65
73.27
-26.4
-97.42
62.8
-76.75
