4.66
-6.81
10.28
37.78
-8.02
30.03
9.88
8.65
0.57
103.16
6.47
32.42
-4.57
-52.91
81.24
7.76
3.56
-9.5
10.53
69.96
4.46
39.02
39.07
-0.97
65.61
-37.05
-56.08
-195.67
9.45
23.63
-25.32
80.04
-17.09
3.59
96.27
-1.9
-150.63
-1.33
-45.2
-23
-7.59
10.92
-22.69
91.4
3.76
38.21
46.85
21.35
-41.84
63.3
65.8
-5.37
28.51
-11.5
12.45
13.63
-65.35
-1.91
29.08
-11.81
5.83
-18.78
37.65
8.27
-0.86
-13.48
-0.56
3.37
-91.84
7.87
-50.15
9.49
-4.42
90.15
2.39
-2.03
117.75
47.35
-26.47
68.86
2.23
39.31
1.39
47.98
0.83
9.43
-52.05
-10.09
-10.72
16.25
27.39
-19.29
-36.56
-5.41
108.47
-6.67
-40.12
-10.85
14.74
33.68
36.78
34.71
-18.81
-13.74
-17.64
22.75
-33.84
12.61
84.25
-10.08
-7.38
8.38
147.44
-7.02
14.35
-11.29
8.4
-10.46
52.22
10.45
-402.45
165.15
8.24
-34.77
5.08
128.54
24.3
-40.45
-30.63
-51.21
9.18
13.11
118.35
-7.98
14.39
41.92
-94.56
18.79
1.31
59.66
3.86
-23.35
11.88
-21
-5.77
-7.77
24.09
42.81
25.29
1.42
-112.78
22.04
-22.4
-53.25
1.07
7.68
-165.46
-33.37
-8.98
-66.51
-131.11
-14.65
5.42
-2.72
-4.56
-31.45
5.68
10.52
15.36
49.2
-8.97
-35.79
-26.99
26.54
17.75
-9.75
24.75
51.96
113.62
-35.29
8.86
-0.38
55.28
10.45
9.02
3.4
-25.64
-16.38
-86.3
48.34
-195.93
-12.69
121.52
-7.92
11.67
32.13
-17.09
-15.36
37.31
20.57
8.67
13.05
-7.89
-11.38
22.34
9.48
-17.85
55.12
7.39
-5
203.31
189.27
-114.84
-2.92
-7.68
-23.94
-6.46
33.31
11.98
7.98
-39.54
-1.77
-10.01
-15.49
10.86
-5.03
47.58
84.83
-8.4
-0.43
-1.87
8.79
-9.27
-47.36
2.84
25.79
46.49
-17.91
2.01
-8.23
29.33
-55.92
47.08
-10.06
13.13
-4.15
92.79
-3.5
9.79
-2.78
-55.54
2.9
-211.13
6.06
-6.48
30.98
32.54
-261.48
-65.84
83.26
-64.35
-1.93
11.63
10.78
164.66
32.38
7.48
93.87
124.08
-13.9
-44.52
12.36
18.87
12.71
35.93
-7.78
55.52
65.95
-5.22
2.91
17.38
-10.51
-8.88
-86.24
-14.83
7.54
-14.12
6.64
-51.35
-16.07
19.44
16.41
7.81
-87.66
96.06
10.77
8.36
45.63
-59.87
37.63
11.37
37.28
-4.78
-11.18
-4.46
-28.83
-62.68
58.3
-9.95
18.68
34.48
20.29
7.7
-132.29
-39.73
-3.94
-30.82
10.65
-111.03
-11.42
3.57
38.06
11.2
-0.26
-29.73
20.12
-4.29
-45.93
1.23
27.08
-22.75
49.24
-10.88
29.17
12.35
-8.25
-1.22
48.29
67.95
-7.8
-6.43
33.32
-22.75
19.87
101.58
43.84
6.87
58.98
64.56
-57.42
-19.28
66.91
60.96
-28.66
89.78
-9.45
16.55
-13.3
41.32
-31.31
-15.14
-7.49
-23.93
-69.26
-148.43
31.61
11.98
32.46
6.98
-28.75
1.97
-3.98
-105.23
60.71
8.1
9.83
-75
7.42
0.18
63.13
-8.11
-13.52
-17.59
-172.48
7.4
-12.43
3.8
9.63
25.66
-4.21
318.94
-4.52
41.08
8.44
30.43
-97.58
-25.92
75.88
10.33
14.17
-59.55
-5.35
26.85
-10.85
-25.38
65.77
-9.81
0.84
-8.95
21.87
27.98
10.38
-76.07
-70.2
-4.16
10.73
-14.88
26.66
-7.23
-44.42
100.81
27.68
-9.87
40.98
5.86
-7.03
-17.26
-1.62
-13.4
-9.28
-33.48
-16.26
-24.94
-17.95
-6.03
10.37
3.47
1.7
-17.53
-18.26
111.39
26.79
9.57
10.65
-19.95
-44.18
-7.05
-6.13
4.41
91.93
-49.57
-52.21
3.79
-9.35
-32.91
-28.59
26.38
-24.4
-36.16
2.62
-8.58
-10.99
-50.02
2.7
-12.48
-10.16
13.28
-13.22
-60.69
-7.15
3.33
-0.72
-2.13
7.12
61.72
-130.59
-142.41
-15.43
5.1
0.32
-6.06
-75.99
-5.83
-17.28
14.67
55.57
-28.03
1.57
-59.28
-30.53
8.92
10.93
-27.84
-0.64
-7.75
-0.94
18.59
102.95
4.5
-18.93
61.96
6
-27.27
-99.93
-7.56
1.18
24.45
3.53
183.36
8.89
14.1
-16.46
109.71
4.77
7.23
3.33
0.1
37.35
12.61
31.14
-9.83
70.54
36.24
29.08
63.77
-50.17
6.36
-20.24
-13.5
-18.41
8.78
63.9
-7.73
12.17
-4.92
-10.02
-3.13
2.41
69.72
117.12
0.44
5.31
-0.04
12.47
-3.09
-12.18
45.9
-19.98
11.95
-26.5
-17.38
11.18
2.93
7.76
-145.9
20.21
-9.48
-68.22
-10.04
-17.19
-16.39
-11.59
0.6
-0.44
-6.91
33.4
-37.5
28.45
-71.6
50.73
-76.47
-22.25
4.84
-3.39
-55.86
11.9
-7.95
-0.79
16.23
-33.08
-11.14
1.47
54.14
-29.62
-35.96
9.48
-1.21
15.77
-26.37
42.93
13.76
37.41
-44.53
12.04
1.7
6.77
81.06
110.36
36.19
11.3
-10.8
4.19
-8.39
-1.64
-3.09
-4.53
50.84
-8.18
15.56
-198.73
-3.81
-63.32
109.29
3.8
-17.67
155.38
-37.69
108.66
4.62
-93.18
-4.49
-3.03
62.29
13.79
-19.13
-12.38
-59.98
-405.33
53.89
21.92
-9.98
45.75
-15.19
-13.14
-361.9
0.7
33.26
-14.76
90.53
11.13
-128.95
-52.07
49.77
12.01
-5.79
-33.37
-5.98
3.56
-32.36
-61.49
105.63
-9.01
-46.33
-5.24
-83.67
-3.2
-145.08
-9.79
-8.45
0.31
25.72
5.85
-104.15
-29.95
-2.37
-2.7
-26.48
27.01
-12.26
-21.02
18.44
0.98
-9.68
-56.17
-9.71
-2.04
-2.94
-7.07
-47.69
-11.81
71.94
8.7
10.2
-27.58
6.17
9.15
-11.1
-3.14
-6.53
-51.34
8.43
-1.76
48.28
-26.74
58.56
4.77
24.17
-6.92
-20.05
-2.19
-13.09
-11.34
36.41
-33.94
138.6
24.25
-19.23
1.11
-33.92
8.11
41.47
5.11
9.93
-5.48
0.53
-10.19
-203.29
4.34
-61.46
11.17
-136.67
6.5
58.06
35.72
-35.84
48.33
11.03
-16.78
9.73
-5.5
2.05
6.54
-1.27
6.95
17.5
-43.41
8.84
45.61
-16.48
-55.67
-4.29
15.09
41.75
35.37
-30.99
5.31
-3.92
-27.53
41.67
19.94
18.65
9.59
-18.17
-16.45
-137.01
-1.97
6.68
14.97
-7.28
6.4
-127.49
15.47
61.19
-30.38
-48.5
-11.72
-39.87
-35.68
-13.91
126.86
-15
-6.67
62.21
8.21
24.53
-53.09
75
4.63
37.21
115.05
-6.06
-9.48
1.04
-3.71
-1.31
116.41
-8.33
17.12
8.73
-144.35
1.25
7.76
14.25
-120.48
-19.28
8.07
-30.37
63.9
11.61
-261.04
-7.49
49.99
4.18
33.44
-20.37
-11.14
45.46
52.71
-11.48
-8.96
39.44
-55.29
18.15
16.86
-2.91
7.8
-1.83
140.47
-127.88
-96.12
10.79
-9.76
-8.46
26.44
7.99
-101.9
-10.58
-16.2
-13.23
-8.3
-0.6
50.61
17.89
-11.89
-7.15
-107.65
30.64
11.71
20.14
-39.16
42.26
-9.98
76.82
7.47
15.79
-7.34
-44.49
-0.85
70.36
-12.99
-5.17
-41.79
-28.04
2.97
-71.46
-58.49
7.29
31.71
45.95
-47.46
23.17
3.58
9.93
-24.74
-10.25
57.78
-79.1
5.86
-23.37
-72.42
-6.76
-15.52
-73.56
11.08
78.42
-20.21
3
143.6
-7.65
15.12
50.39
74.93
-55.37
-33.94
-51.87
-3.13
4.03
-32.52
8.58
-166.52
-1
-11.77
-11.52
4.53
86.38
3.54
-8.44
12.96
-4.15
12.29
9.58
-53.8
4.12
0.96
15.95
13.46
1.08
12.04
41.57
-11.86
30.35
-4.24
-20.88
7.05
13.16
28.6
2.11
36.14
-23.49
-36.39
-36.95
-90.16
67.61
75.06
7.98
0.86
-35.27
-6.46
-7.08
4.68
3.43
83.21
29.11
-6.87
-30.46
-35.47
20.48
62.31
94.67
-16.03
-35.41
-189.19
27.06
-12.3
21.04
-195.28
0.17
38.23
-73.32
-129.52
19.06
-8.55
37.06
-2.9
-3.54
-0.58
-3.72
96.81
-17.54
-49.53
1.91
14.17
3.09
-1.63
96.89
21.57
-6.23
29.93
-7.62
26.6
-184
-8.41
-2.53
5.62
-9.3
163.87
67.7
-10.74
-0.06
12.63
3.54
29.88
-13.61
-6.97
66.58
15.35
-34.2
77.17
-34.46
-32.89
11.37
4.54
-11.08
29.92
-71.83
-12.84
2.26
12.05
-46.13
-11.66
1.86
-0.88
-167.68
-22.38
-20.42
18.29
9.22
-50.92
9.92
7.61
61.23
-6.12
9.05
-119.27
-5.84
8.08
-64.91
27.59
35.33
43.59
22.86
40.35
-45.18
-30.34
