-67.22
88.42
-18.67
70.69
7.39
-25.72
-19.76
71
45.79
-10.6
13.31
71.5
5.68
8.61
52.97
-1.46
-5.27
18.94
11.61
85.92
11.93
-24.02
1
34.43
8.06
80.11
48.63
2.8
80.48
9.81
4.31
-3.8
10.95
54.39
7.95
9.39
11.77
4.58
-14.16
23.55
-11.73
9.09
-51.66
4.52
64.64
24.52
97.89
-78.07
36.45
-8.03
-1.91
7.99
177.31
34.07
-16.49
-89.37
-66.67
155.26
3.68
63.33
-9.96
-5.12
-11.37
-59.87
-3.33
54.51
3.36
36.32
-31.5
10.51
4.64
12.33
-5.07
-10.06
13.24
29.09
4.73
-1.98
42.35
-4.5
-69.16
-16.65
4.99
-44.22
-12.1
-131.26
54.58
4.48
5.65
-8.74
4.12
11.16
50.45
-60.87
8.61
43.07
15.99
28.67
87.94
5.49
5.68
23.31
-13.55
4.23
-32.17
2.19
-7.09
40.41
5.18
-24.17
-13.54
-2.24
-84.74
125.54
-48.1
-11.8
-4.25
-0.19
41.91
-119.51
5.64
-10.16
1.15
62.94
16.31
-9.02
16.79
5.9
6.03
15.9
-72.27
11.6
-18.2
4.29
19.26
-10.31
-16.09
20.28
15.08
-8.75
-3.64
-93.5
-9.06
-52.89
10.77
18.6
15.13
42.13
6.96
66.11
-1.28
-11.73
55.09
5.02
1.17
-15.24
26.9
6.33
-8.26
-48.49
12.78
4.72
9.89
4.96
41.97
-13.53
-9.51
-11.2
1.79
-18.02
-122.39
7.36
-1.05
-77.21
224.56
-229.37
-40.44
-26.02
0.59
12.44
13.88
-85.12
77.26
30.58
-22.23
-9.96
-26.62
98.07
-9
-6.78
0.31
29.86
-16.68
-3.87
-17.8
-18.2
34.23
-46.32
-8.3
23.43
152.5
12.3
-7.85
36.63
-20.81
-16.88
14.79
69.05
-31.15
-23.09
-43.65
-9.94
-49.87
-56.8
-1.74
12.67
60.52
32.78
-11.6
-27.77
-30.98
19.9
11.72
-0.46
7.49
-3.66
-1.65
-56.54
-6.06
71.43
20.09
-11.44
-41.1
-8.73
1.59
-57.56
-95.36
76.52
93.86
64.44
7.71
-12.34
13.88
-3.75
-4.93
121.19
38.82
-81.59
82.94
-217.21
-54.4
70.59
-6.04
-14.95
-92.11
4.9
-5.43
-14.75
-19.33
12.02
-17.34
-72.31
9.45
61.7
-57.16
-29.68
-13.78
49.34
-53.27
-11.68
13.64
-30.3
-8.59
-21.62
13.53
-10.43
-67.59
-150.33
37.13
46.49
-13.46
-86.09
-46.43
7.77
-0.15
6.25
27.8
0.22
-11.14
38.43
217.6
0.96
-6.05
-78.5
-2.1
6.06
-11.65
57.76
14.34
46.16
-48.93
65.73
-54.62
12.03
-39.33
10.24
55.67
70.4
0.68
54.71
-11.38
-42.27
18.07
1.14
-97.4
-7.64
107.65
-3.17
-8.73
-26.35
-15.89
3.64
-16.22
-6.24
-37.53
4.44
12.91
-173.1
60.38
0.71
-2.97
-61.21
-19.81
8.22
55.06
17.61
36.3
3.88
-8.11
-44.58
94.8
-10.04
-94.37
-46.63
5.5
11.05
3.67
2.67
46.56
12.05
-6.84
-96.59
-69.91
2.91
84.96
-15.51
6.78
7.01
1.47
52.31
8.54
-4.34
9.93
-36.46
23.66
-10.48
-65.88
-2.08
7.68
-6.97
-33.6
-8.16
9.66
7.82
-59.09
7.87
-0.67
-12.33
-9.01
-74.16
3.91
9.36
118.9
0.24
-10.45
24.42
27.9
-3.22
-83.75
31.29
-21.53
-59.62
7.16
0.68
-28.69
-28.99
40.85
22.49
8.71
8.32
8.74
84.77
58.78
-12.24
62.97
-34.46
-8.49
2.16
-8.44
3.82
-5.58
95.89
92.09
0.43
-38.92
-14.55
21.86
5.49
18.8
-86.84
-5.5
43.07
-35.51
8.93
-9.21
-9.11
9.76
-29.24
3.43
6.86
-38.7
3.92
114.29
21.36
10.85
6.67
36.95
10.41
-22.49
2.61
-4.03
-68.6
-2.28
-0.27
-1.91
9.16
20.68
119.73
-8.84
18.72
3.05
12.94
-14.7
-5.86
14.19
76.77
-1.38
-10.45
-2.01
-10.25
-23.1
-13.14
-66.65
10.62
31.3
-8.28
3.56
5.91
20.88
-19.66
74.69
1.04
6.95
-4.34
2.24
-10.7
9.46
-69.03
3.89
-6.7
12.72
-70.37
0.36
34.16
-30.06
0.27
5.08
14.33
26.64
-8.07
-29.47
-5.6
-108.45
8.27
-5.15
-17.55
-11.88
12.83
22.93
0.31
-17.14
-1.73
9.34
40.44
-1.7
35.9
5.94
-17.06
26.34
24.32
39.17
48.9
-5.19
-30.11
-100.66
68.49
-9.31
-4.33
-8.28
-80.99
62.07
-4.21
-19.56
125.67
-4.05
-14.11
-85.49
4.67
37.76
14.71
-79.91
-24.82
-11.89
-20.84
-3.52
24.79
37.3
16.78
36.89
-94.56
11.52
38.64
-276.03
-6.9
5.48
40.43
-50.91
-4.55
-9.74
-97.81
58.25
38.28
67.21
-63.38
3.3
70.3
24.36
20.88
16.32
-4.69
-7.88
75.54
11.11
-120.14
12.56
-7.03
-114.6
40.68
-6.78
1.4
73.56
4.27
3.27
-17.31
15.91
-33.92
27.16
-7.95
-11.31
87.16
-17.03
4.53
34.52
-5.89
-9.25
58.22
57.31
37.55
162.68
2.36
-5.06
70.48
7.65
-15.84
32.43
94.91
-3.93
11.27
-16.95
46.41
-2.52
-53.65
-36.06
-140.19
43.92
-11.09
55.91
27.33
-0.17
1.24
32.67
40.11
5.29
-14.62
46.4
-7.38
-42.75
17.99
130.5
-10.57
3.87
200.77
95.18
25.01
3.55
12.11
7.55
-44.71
25.59
-92.1
-15.46
18.93
-64.02
50.6
-8.24
17.91
15.05
-1.97
-17.39
-36.43
16.44
-16.12
-11.37
-38.42
13.95
-78.31
14.7
17.77
-78.57
-12.9
-150.42
-8.62
40.15
-49.76
19.53
-9.01
24.66
203.36
-3.36
-9.06
62.62
-9.62
-54.61
84.75
-8.28
-102.37
-7.59
-3.09
62.53
-48.43
-3.04
-56.67
2.9
-3.21
-36.94
-9.45
18.73
-42.66
-9.61
-6.87
-13.29
6.21
-32.02
-46.97
63.94
35.89
-14.66
20.39
37.07
-6.96
-129.52
5.94
-35.64
6.45
-9.36
-0.38
44.18
-2.45
108.79
35.25
-10.96
15.45
13.13
-35.37
78.32
-187.25
-18.19
4.25
13.16
34.2
-15.14
38.2
-32.3
-2.56
-0.3
-0.51
-29.67
-6.98
74.78
-63.14
-3.34
-37.19
28.74
-2.4
110.52
74.11
-36.21
9.48
6.96
-6.91
35.79
9.34
-198.83
6.6
6.22
12.33
2.12
148.56
7.38
95.31
2.07
-74.56
36.55
-61.09
-2.29
-75.99
-10.48
-10.42
1.24
-41.11
-109.44
26.18
-17.97
-1.3
-33.88
82.59
-100.49
114.21
-10.74
-9.02
9.01
0.63
0.08
-5.62
-8.36
-7.13
-11.47
-8.43
-6.24
14.39
-19.54
-0.76
10.8
-4.83
-3.55
-0.08
-44.37
37.81
-6.59
-12.51
3.2
-53.03
53.49
90.33
-20.41
-26.58
-91.84
6.47
8.01
11.88
49.21
-10.66
-51.08
0.88
25.11
-1.1
116.39
-55.98
-0.56
-20.57
3.01
-38.63
-43.26
86.23
-20.52
-24.46
32.47
-6.38
106.81
9.51
16.69
41.17
5.67
-11.3
45.61
-21.73
-10.61
-66.98
9
10.97
-10.76
54.62
10.53
-2.73
1.79
8.22
90.84
-107.77
14.56
-8.23
50.17
14.48
12.8
126.73
11.83
4.3
1.51
13.14
-3.47
49.7
-6.17
15.7
10.34
-3.01
218.74
0.54
-10.43
52.61
-126.04
-0.27
-37.37
-6.7
-45.41
9.59
41.6
48.67
24.52
3.84
15.71
10.86
-44.81
6.95
36.07
44.77
16.8
-34.89
-2.8
-12.68
14.09
6.27
45.04
-6.3
-5.78
4.35
-2.97
12.52
-37.19
-4.86
26.42
26.01
-1.95
13.45
6.06
9.4
-8.2
6.24
2.16
-6.63
-5.98
16.85
22.78
2.09
-11.97
-73.82
10.46
7.22
-86.91
100.23
-31.56
168.28
-1.35
4.65
-25.25
-9.8
-61.87
99.45
-19.99
-17.48
29.08
24.26
4.93
39.25
2.36
5.17
0.15
-9.01
27.58
-21.1
-23.2
24.3
23.36
-17.87
-30.17
-5.66
-18.47
54.88
25.05
-227.22
-33.93
1.49
-9.09
-0.86
-6.89
66.82
26.07
-15.45
29.7
42.59
4.75
26.05
65.84
6.27
-33.06
17.65
3.4
-20.83
1.14
-50.02
45.17
-12.11
-29.92
11.85
49.73
12.76
-18.06
-18.43
-69.71
-131.99
8.35
-18.6
45.76
-5.6
57.76
-8.48
-1.55
-85.44
47.18
-31.92
20.39
-22.18
7.5
-65.5
-7.22
-87.11
6.42
-22.31
8.68
3.82
-25.47
49.61
-29.26
47.52
22.54
50.4
-9.13
-3
5.74
-3.35
1.75
-65.33
29.99
-6.3
8.32
15.51
36.88
36.7
7.44
23.38
87.74
-18.53
-3.96
-6.36
27.56
-27.02
6.72
-148.46
1.54
-9.85
11.01
185.45
-36.55
27.65
68.19
-45
20.94
-5.37
8.24
-5.24
-7.53
7.8
14.18
20.28
-21.24
-47.82
