0.26
9.03
-48.12
26.45
-4.67
-41.98
102.35
2.18
-31.37
3.7
9.18
16.53
-29.35
2.01
-0.19
-27.33
5.81
-209
-8.6
-62.95
5.34
75.55
6.61
0.16
-77.2
-28.89
1.48
-3.77
-14.74
-198.12
32.42
37.49
6.51
6.37
0.94
-49.67
-48.05
20.8
107.7
-42.99
46.49
-9.24
84.34
-8.08
-33.11
-37.12
11.08
44.28
124.87
10.98
-7.59
-142.53
-99.95
-1.05
-215.58
62
0.08
13.43
-23.22
-7.04
37.21
-9.23
-64.39
18.4
-56.36
-53.52
40.72
20.24
85.19
-66.26
0.54
7.02
3.7
1.82
-9.18
-47.35
35.19
20.26
-8.29
59.43
-45.12
10.02
-58.19
16.48
2.66
9.48
48.14
10.5
-3.61
15.19
-0.8
18.85
19.8
7.61
152.19
-4.64
6.98
6.61
-46.67
3.89
-74.68
-129.37
-18.58
5.54
52.5
-6.79
-22.41
-46.21
5.29
-144.63
-9.22
47.85
10.2
0.12
-9.82
2.99
23.88
4.3
33.76
76.83
-9.18
-9.04
65.94
-40.8
39.2
-37.33
-0.68
69.74
69.48
12.08
-73.57
3.09
29.13
-62.27
-5.37
26.38
-9.81
19.56
9.97
39.34
61.4
-10.63
23.74
16.65
11.18
-114.14
2.51
65.41
80.92
-20.04
-16.9
61.52
-17.41
38.34
34.58
-5.47
-27.05
-83.08
-0.41
-10.99
16.98
-2.71
2.74
-22.08
18.35
77.22
10.64
-11.45
62.75
11.24
-7.5
-66.54
-11.38
-4.83
43.7
-7.14
25.31
-5.44
9.91
-7.75
9.99
-11.79
-0.75
20.03
32.22
27.62
5.45
1.85
114.24
-21.01
3.68
11.44
38.73
54.77
4.46
22.88
8.89
2.82
-17.87
-21
5.35
-36.24
-12.95
-8.68
28.06
-6.05
9.47
59.33
-2.46
-47.25
-23.06
44.76
1.85
-64.68
-6.25
15.9
-4.34
30.85
-12.83
-0.01
-8.34
-9.92
-5.92
-82.56
-18.28
-41.41
5.46
12.7
-49.9
89.14
-1.4
-65.06
-29.98
8.83
30.72
12
14.66
20.71
-10.36
40.48
-103.07
60.13
12.72
70.42
-21.8
24.06
-4.79
0.18
-42.04
8.59
8.96
31.65
-20.17
104.44
43.29
-18.32
9.62
7.88
-60.26
7.52
-108.77
27.1
40.22
9.21
42.78
-28.99
1.64
-52.54
-5.66
28.56
1.07
9.88
-177.7
-49.2
87.61
-12.67
-4.61
-34.16
-5.93
-96.25
9.01
-26.45
-17.45
-3.14
21.83
18.99
39.81
48.03
20.66
-0.58
15.63
18.23
14.58
-12.5
-0.52
-20.58
-31.73
-7.23
-28.24
-13.7
2.81
-14.91
40.7
88.9
1.27
-8.2
2.83
-13.68
-14.92
-17.19
36.89
53.17
-9.75
-95.41
-33.37
46.4
-20.76
-325.48
-19.17
30.15
46.25
3.87
21.29
12.53
26.61
252.8
2.41
-9.25
40.19
-6.97
-84.05
-2.14
41.08
-82.28
-15.95
21.98
-9.17
32.63
-15.49
48.96
-41.34
3.99
-9.05
41.78
73.45
-3.1
13.93
-9.99
-36.25
-60.3
-35.41
8.52
7.88
62.43
5.77
11.22
-5.99
6.97
23.98
9.43
-2.46
-48.11
17.64
54.79
6.01
5.27
-6.27
7.17
-1.83
0.31
49.17
-182.94
10.96
7.39
28.45
9.31
-27.56
-70.65
9.93
12.53
0.48
49.29
48.93
-6.62
-17.31
34.15
-75.99
-4.78
-43.12
13.91
53.98
11.72
-14.19
-52.35
1.47
29.46
-58.96
3.94
-22.32
-2
31.31
-4.41
-6.91
-4.1
22.45
-16.53
-88.16
7.16
12.89
47.06
-6.56
73.68
2.18
-15.95
-19.93
5.6
64.76
-1.2
6.73
135.89
82.51
-218.11
2.76
-58.81
31.19
2.5
8.53
137.51
21.97
-4.86
-15.72
-4.38
10.47
-7.81
1.83
-42.46
-26.45
8.12
2.25
7.67
-46.9
-11.96
-22.9
-10.86
65.27
-4.1
-9.26
-44.32
-2.62
15.74
-26.78
-9.19
52.58
-21.86
7.43
21.96
46.92
-9.97
14.02
8.17
3.44
-7.03
-1.17
-11.63
-6.84
-33.97
25.11
-123.34
12.66
-5.81
49.7
-1.29
-32.02
-11.85
76.85
99.73
24.05
-0.33
39.2
9.86
2.76
-4.75
24.95
48.7
155.44
17.02
79.85
-10.66
8.51
-9.62
-61.9
-154.49
-45.85
13.38
44.14
20.81
-39.81
62.72
-33.9
12.13
9.95
45.06
39.62
19.34
7.87
-1.76
36.4
36.71
10.06
-18.99
78.9
205.9
30.21
-23.87
41.95
141.07
-54.4
10.98
20.14
-9.79
-24.85
-17.95
119.26
5.12
10.08
7.88
-32.97
38.75
21.54
-54.28
46.28
-89.34
-104.34
151.87
-9.03
8.53
6.82
15.86
8.92
19.63
-8.82
-8.62
-53.58
-61.4
-19.39
-46.15
-8.93
4.12
27.68
-50.33
-42.44
2.95
8.8
-0.24
-174.35
10.4
4.39
-16.75
1.23
-4.9
17.54
27.64
7.41
-2.15
1.67
8.96
-7.29
7
7.98
88.73
11.35
4.6
59.28
-9.44
-7.75
-1.85
0.63
-149.97
-52.45
-46.66
5.05
6.32
19.56
7.69
-12.32
29.95
3.61
32.8
7.95
-19.85
9.96
2.15
-68.69
44.6
15.03
29.86
-9.27
-24.25
15.66
33.47
79.19
22.42
24.89
4.46
-175.17
-52.39
-7.57
-8.08
14.24
12.13
1.7
-29.47
-87.82
-81.78
-43.68
-142.21
-1.57
-21.4
-9.26
-2.95
110.54
46.74
-52.56
-43.95
-10.69
-96.02
-69.63
122.97
31.94
-76.28
-2.17
0.96
4.86
2.7
-0.81
54.27
65.39
37.59
10.56
11.64
-4.47
-6.31
78.22
-22.17
-11.24
-17.15
14.21
-3.46
-62.25
-74.73
25.67
80.68
-10.32
-71.8
-137.73
11.26
-48.91
187.62
-80.31
-13.55
-114.55
-4.99
17.78
-1.93
-14.82
-6.35
-182.41
-67.9
56.47
-8.52
-7.54
9.41
8.92
0.61
12.01
9.18
10.23
-64.1
-17.39
48.18
0.83
7.95
11.3
25.78
65.52
17.74
-78.86
-83.33
-7.91
13.2
-8.28
50.56
-17
10.51
2.21
20.04
-59.31
13.75
34.79
-24.36
52.72
22.07
-31.49
29.79
58.57
27.45
2.84
-16.24
-96.99
-53.4
-48.32
16.39
-29.8
-0.69
29.69
70.27
28.78
-12.98
62.35
-6.01
26.43
42.76
12.86
17.66
23.81
-217.91
199.14
70.81
-14.48
-32.28
-16.14
-8.96
-5.39
12.32
71.29
-70.57
53.02
9.32
-11.2
40.44
-116.58
6.39
2.45
9.6
5.24
83.28
4.6
4.8
9.38
40.15
17.13
-112.51
-55.44
17.13
20.31
-82.3
1.83
-72.14
-17.15
-8.02
-29
32.08
-18.38
49.82
59.78
6.16
-8.95
-392.4
18.41
-5.96
64.68
21.83
11.71
22.2
62.59
15.11
26.64
8.07
-5.97
-81.13
46.11
29
39.48
-15.99
-12.89
-6.82
57.69
5.38
-7.49
-8.37
35.49
10.38
8.76
-8.09
-45.69
-0.61
-109.7
57.79
-6.8
-38.3
1.82
77.33
29.01
-49.34
4.1
6.69
-5.13
-7.03
12.91
-5.98
-152.32
-120.05
-60.77
-30.71
-16.66
-5.23
-15.92
74.71
160.95
1.28
-13.54
-71.25
4.87
-79.63
37.22
-68.63
-4.7
-39.24
6.29
-7.25
-165.4
-19.79
-12.49
-97.75
-0.66
-6.41
10.91
-24.77
-5.57
-0.55
8.52
-1.14
88.57
-25.97
-5.31
-7.96
-51.67
7.01
-19.45
-1.61
-34.39
-2.57
-74.05
28.94
-75.56
0.39
-20.47
2.6
-10.7
-9.37
-32.4
-1
-71.69
-8.18
8.31
-8.93
-45.56
29.01
-13.62
-8.55
4.42
1.63
-238.3
66.13
47.76
-43.22
43.25
13.86
6.64
-97.59
-27.24
-2.57
-187.52
53.83
18.18
-7.63
88.71
-4.33
44.93
0.92
6.04
7.92
-1.9
123.45
-7.87
13.54
-31.01
-28.35
-84.92
19.45
-81.73
-4.35
4.53
47.82
37.45
19.97
3.62
-4.86
12.06
20.58
18.81
18.06
-5.81
-1.43
7.01
20.12
60.44
-5.02
-2.44
-143.22
129.88
1.04
-73.97
60.57
-21.84
11.13
6.98
-93.4
-14.77
-6.7
-13.43
-1.33
67.37
-0.37
97.31
-71.19
20.09
11.76
-14.77
6.14
11.49
-47.16
-2.36
6.94
41.16
1.99
3.27
34.12
-13.08
-3.47
193.15
9.3
110.76
42.4
55.26
44.36
21.15
3.79
102.76
52.76
34.49
-158.7
-14.51
-8.15
-2.53
-7.09
-7.18
30.79
3.87
-12.18
8.76
30.29
41.31
-59
41.57
-8.78
3.04
35.7
21.1
3.46
-8.47
41.66
5.67
-52.11
-36.76
-44.02
-34.87
17.8
-75.01
-54.06
6.3
47.23
17.41
-23.99
3.27
87.99
-10.36
-27.36
13.2
-33
4.93
11.8
0.52
-4.77
-48.56
2.86
24.93
50.08
131.18
14.23
112.9
25.65
-179.71
8.16
7.9
3.03
-0.78
-8.07
-6.44
-6.79
-3.43
-67.95
-10.53
-221.14
