-4.96
-0.32
-5.45
-9.06
-61.4
12.77
-10.12
76.6
-200.28
13.68
-43.91
22.91
-9.68
-59.61
19.2
-37.19
-9.99
-6.22
15.73
8.1
92.85
-4.4
-60.64
-13.13
119.75
-18.83
-81.79
-7.08
-49.77
189.29
67.94
-28.26
37.38
49
2
21.02
-113.51
57.59
-46.13
16.41
-71.98
-1.25
-0.82
-27.76
-20.11
-19.04
8.22
67.14
13.88
7.14
57.73
5.54
18.55
24.16
-9.52
-63.42
-16.89
-8.05
-6.44
1.74
-3.45
4.59
-72.89
13.78
-50.08
4.17
34.8
3.96
-5.88
-6.91
42.33
37.54
5.29
9.81
4.93
-48.39
-30.86
66.81
-0.14
12.57
-3.48
14.03
-3.09
30.25
12.16
-10.59
12.97
111.51
-8.96
84.38
-96.97
43.69
31.73
-27.6
5.17
-14.9
-42.53
42.73
15.77
37.57
74.85
2.2
16.24
90.54
11.57
86.3
18.4
-18.94
123.08
-5.51
3.31
1.02
-19.59
17.15
-17.4
41.78
98.36
-23.26
41.2
14.78
32.29
-83.56
-23.05
-0.04
2.35
-3.77
-28.68
-21.75
34.15
4.26
20.28
15.08
2.19
-4.88
-3.22
-8.61
85.13
-3.48
-83.52
36.06
7.04
31.27
85.46
-5.91
-4.42
-8.47
9.08
18.06
-8.48
20.03
-8.58
-11.7
-11.44
-6.32
-4.02
-6.39
-4.57
4.3
107.99
13.56
-52.82
-115.27
-6.42
-46.49
-9.18
-14.23
14.61
30.56
-63.86
26.78
11.86
143.83
-98.75
26.89
-2.83
-6.65
-39.45
-140.51
-1.13
68.35
-1.69
-23.2
-12.07
13.19
-21.92
-0.96
-43.02
-5.94
1.93
-2.46
-423.19
12.17
-53.66
6.77
2.42
13.65
82.4
-10.91
-9.67
1.47
-40.22
12.19
88.87
75.6
14.27
-14.06
19.54
-81.88
3.35
49.45
71.43
-6.95
-14.2
31.39
-20.22
-179.1
12.18
69.25
-20.24
-9.11
-9.82
43.18
3.67
-155.57
39.57
-6.24
-12.37
3.85
16.97
-2.23
-5.48
0.72
18.48
15.49
-25.64
-2.53
2.01
53.64
64.49
-83.38
8.51
9
-40.38
87.66
-52.07
10.26
-5.33
-16.48
3.73
1.07
-54.28
7.84
-92.37
97.33
33.7
10.29
-9.79
-56.41
-24.99
12.09
0.31
-20.85
1.89
-44.66
-9.06
33.38
45.08
-0.02
1.07
-10.95
59.27
19.03
15.42
25.19
-29.81
-1.71
-31.68
-32.15
-3.73
-35.39
41.22
7.31
-18.2
30.36
20.04
-21.24
-9.1
84.52
-4.21
-5.54
11.32
-2.07
144.8
-27.39
58.97
-1.4
65.74
5.11
-8.87
9.42
12.35
39.6
3.69
-22.24
25.12
-1.66
-13.36
-38.26
6.14
12.42
110.55
-21.38
-1.58
-3.42
11.28
85.87
63.37
-1.67
-21.13
-18.77
9.75
24.56
17.75
-156.29
9.97
1.31
-11.5
82.17
-77.01
7.94
7.78
136.77
-3.9
-13.04
-287.31
-0.96
-2.89
1.55
7.69
7.8
-41.04
-5.37
171.86
7.81
31.39
13
-26.43
-10.91
15.36
-82.71
-13.18
-3.24
-49.62
-12.29
-1.07
29.12
-178.68
36.61
-30.13
-79.86
-10.99
-0.22
-102.22
41.37
143.92
15.01
-43.84
30.42
-11.86
-1.21
-248.51
48.21
-33.25
-3.11
81.54
-44.53
-6.86
-1.45
17.31
-11.38
-47.08
-12.03
25.02
74.04
-18.7
-65.86
-22.36
-138.19
10.87
12.49
8.71
8.77
26.09
5.94
8.56
-18.27
14.47
6.36
9.96
23.44
-2.73
54.05
-9.34
11.18
-9.74
42.52
32.39
55.3
12.59
-8.01
38.49
54.65
12.64
8.67
-17.03
-90.85
18.5
87.88
38.31
-21.29
7.1
-7.19
-2.44
98.77
70.95
-2.92
39.93
-32.53
-18.91
9.62
16.43
-7.76
-35.73
0.44
127.29
11.95
78.79
-77.27
-57.07
11.67
-8.31
-46.54
-10.33
-13.71
-12.84
-140.41
-4.87
-4.57
1.35
2.5
76.92
53.22
-2.18
-64.05
-87.23
6.48
5.09
-58.98
-4.76
6.64
-7.91
-13.76
12.35
-20.96
10.85
10.64
54.05
-61.95
3.46
-0.31
-3.67
14.47
1.33
3.45
4.35
-5.87
-14.86
-104.14
-273.96
43.69
143.3
-16.77
-9.6
7.47
15.63
-10.97
-9
23.52
-146.12
-5.47
18.39
-18.29
-3.07
5.95
15.16
56.55
-71.65
-7.43
-10.41
-10.83
-15.04
11.43
-164.08
41.75
-12.85
27.52
-7.27
-13.51
-10.99
-12.18
-34.07
-184.18
68.39
-13.74
-19.96
64.59
-81.54
-23.51
65.51
-6.12
-8.61
-16.61
-3.44
-0.77
-49.68
25.48
66.01
-12.72
1.91
-30.07
-103.4
-0.88
44
-11.63
35.42
-46.22
-17.95
-78.29
35.54
51.72
12.4
-28.68
-17.49
1.89
0.21
19.74
34.16
22.77
-13.34
-10.04
12.63
41.11
78.54
11.41
37.07
20.34
-151.01
13.24
83.74
38.99
89.83
0.69
72.5
19.53
-50.52
3.42
-2.66
38.89
-116.43
-24.7
28.99
3.97
-13.22
13.08
7.03
4.56
-0.76
-28.11
-1.28
17.16
66.39
9.24
-67.58
-75.05
-1.94
-90.01
-1.47
101.52
-22.65
23.82
51.13
96.98
-87.49
1.46
14.13
58.46
22.87
-7.05
-165.35
-4.19
-96.84
-70.49
-89.55
-13.18
0.15
-3.68
-10.52
35.73
-23.31
12.08
-2.46
8.36
-8.09
13.13
3.78
64.78
26.04
-14.03
36.46
6.05
72.52
-11.63
-15.31
4.87
-6.64
2.85
10.62
0.98
-22.55
-14.96
1.12
5.2
-10.32
35.66
19.63
-1.86
3.53
-12.82
24.92
31.34
148.26
-34.96
-3.12
-15.23
216.43
-74.56
-28.19
8.89
75
-7.41
-15.02
-38.53
27.16
-16.33
5.54
109.93
8.86
-8.8
8.29
26.3
-2.88
49.98
-2.72
32.7
3.18
8.6
-0.79
5.69
10.26
-0.94
-3.69
4.87
10.21
53.17
-2.94
7.67
90.55
12.98
-99.46
-3.96
3.5
9.14
54.57
25.56
3.35
10.29
45.4
57.73
-9.89
-10
-100.4
22.68
-10.04
0.82
-2
90.81
-24.97
3.17
-4.39
65.1
-36.67
0.3
0.56
-21.36
19.4
-0.68
5.93
-106.39
6.62
-7.8
2.7
54.36
-27.75
0.09
-4
40.43
132.66
22.01
46.52
13.38
57.5
-12.07
56.5
22.45
4.65
17.32
16.21
13.92
-47.73
15.56
-61.17
-75.44
21.4
-2.52
-46.76
-0.58
-11.67
-2.26
-4.47
-73.62
10.01
35.44
-59.58
6.4
5.34
-20.18
-8.15
3.86
-13.03
-3.2
31.55
10.45
-8.79
10.21
-20.82
-16.84
-19.94
-29.83
-3.22
-12.35
-10.4
12.12
25.54
11.23
-2.21
66.41
-17.76
125.39
-16.69
-5.18
47.12
12.07
0.05
4.3
26.87
16.8
33.88
-55.26
39.4
-9.73
-24.76
5.13
-44.55
-4.58
-36.03
12.5
-5.2
-0.12
29.12
-6.38
78.57
0.56
45.08
-22.05
2.48
2.77
23.53
-36.94
4.33
8.9
4.89
47.97
-60.75
36.97
13.24
17.96
-5.57
98.63
-7.48
-49.4
-17.8
0.58
19.29
21.4
8.86
3.74
-0.73
0.38
-7.28
0.52
0.84
29.26
-15.4
-7.95
-15.48
-6.91
7.61
26.02
74.12
11.7
-69.81
-4.96
19.84
-12.77
-13.47
80.28
2.61
28.52
-1.95
-24.05
13.39
53.13
-27.21
11.74
34.03
-14.96
-0.25
63.02
54.21
18.93
6.22
-4.4
9.1
40.36
-3.93
-6.71
-11.34
-11.36
-11.53
-6.9
54.8
-27.12
2.58
0.73
-4.54
-13.86
9.08
6.09
-36.99
-2.84
15.3
8.85
89.69
1.45
-126.14
-41.12
-75.05
38.55
2.66
11.22
-10.39
-42.24
40.84
-61.47
-4.09
8.8
-60.73
-12.3
-170.29
-59.15
-188.59
69.5
-100.24
-13.45
9.98
10.28
-18.93
-109.49
-26.69
44.45
71.33
11.14
11.13
11.61
-11.89
-13.86
-7.17
-33.87
-1.92
5.26
6.67
-36.26
2.52
-43.05
13.46
22.46
21.95
-106.2
7.9
30.39
-58.08
-5.58
20.96
-3.69
-9.08
-12.69
12.17
8.51
-17.45
-22.79
-6.65
-9.43
-142.54
-126.45
45.22
-56.98
30.49
18.01
-24.46
6.16
-230.74
-34.62
3.89
-15.01
138.48
-8.47
3.25
-0.11
45.02
6.69
-17.9
-118.19
3.73
4.19
2.11
-1.39
49.21
-0.28
-42.12
-40.93
-13.12
35.52
121.04
-6.04
-108.23
-12.91
-5.09
-7.99
4.36
-2.41
155
-81.13
-8.75
-8.14
-122.22
80.21
19.09
-6.83
-2.72
26.08
3.93
-11.37
-22.19
1.44
-36.62
54.61
6.92
-0.81
-29.19
-53.15
-6.46
13.71
13.49
9.27
-8.04
22.48
-24.46
-3.33
-22.29
-38.21
6.81
50.69
82.74
12.9
10.23
10.02
22.62
-18.31
14.61
-187.05
-16.05
-29.5
19.85
-11.62
-20.4
-41.83
-28.8
3.94
-6.59
-6.15
14.6
0.71
10.28
6.67
