74.75
-73.29
-5.35
-118.04
4.11
-20.04
-1.89
-17.09
9.28
12.8
126.97
80.64
31.72
-1.63
-11.82
7.12
-12.74
15.09
-46.3
-69.9
5.5
-3.06
5.93
-17.43
-4.02
13.74
32.16
-10.78
-32.21
-7.73
-3.82
-0.69
-58.5
-38.49
-72.74
9.31
-1.35
-7.99
8
153.84
160.17
-91.88
-12.1
22.26
6.33
-7.86
26
4.57
9.61
12.32
61.02
76.28
2.44
2.39
-95.12
1.09
6.88
-7.19
-9.23
-246.78
70.49
2.97
-3
-113.89
2.13
-23.89
61.29
-23.39
-34.02
157.09
-17.6
8.19
9.47
89.04
-12.42
11.71
15.97
-13.48
125.21
19.57
2.14
-6.52
-34.33
14.77
9.61
3.94
-25.28
-59.68
-47.4
4.89
133.91
7.21
-33.33
-15.58
0.83
63.1
26.42
5.61
9.68
20.98
-37.59
-35.27
33.89
-3.19
-48.94
-10.36
-7.25
-11.42
54.15
161.05
22.26
-15.88
-70.64
12.84
3.48
-2.26
9.6
9.84
94.89
-9.76
11.01
13.87
-17.54
7.76
-4.31
31.79
36.74
-14.1
-4.77
-8.77
69.44
20.31
14.17
28.63
-62.21
-12.49
135.19
1.23
-5.99
9.72
10.1
-62.51
75.55
-88.46
10.83
126.79
9.8
-25.43
13.79
-48.53
6.68
8.61
8.56
32.71
30.28
10.72
-1.37
0.63
-6
-1.4
0.5
97.29
50.35
-15.12
34.29
-2.46
7.81
2.19
-1.03
3.99
-13.05
38.81
-24.32
45.42
-2.05
-11.19
28.61
8.22
-0.24
19.24
7.71
-19.31
-11.28
47.26
-0.32
77.69
-3.54
-17.41
-11.67
-0.32
-13.35
0.22
10.52
-9.48
2.96
43.95
-17.88
43.2
-0.03
-2.39
-250.9
7.34
-1.13
47
-44.55
-7.78
-128.82
35.98
9.18
43.47
-0.12
-16.18
-26.02
-45.49
-6.87
13.79
8.5
-62.22
-27.68
39.4
16.86
-12.47
10.4
-15.76
3.82
-2.93
-111.56
82.48
-6.01
12.82
31.73
-108.51
-3.41
52.54
3.71
32.19
-103.52
-3
-0.95
-13.88
5.31
26.64
11.8
-5.53
20.3
12.88
24.63
119.06
-0.64
8.28
63.18
-84.21
59.34
-11.24
64.54
-46.79
-7.07
5.22
-5.54
-1.18
0.08
61.88
40.71
27.97
3.06
-7.74
-4.83
66.18
-7.81
11.35
12.97
-107.09
-2.63
-87.16
-46.58
48.01
2.25
-82.98
-68.89
60.59
-74.96
-29.13
36.63
-10.76
-9.51
-46.77
-72.73
5.42
-68.25
12.86
14.59
27.21
-1.99
-9.76
-40.73
-12.17
-83.72
60.6
5.9
44.57
-10.98
-5.22
37.76
10.22
-13.53
3.18
7.57
1.72
8.15
1.93
-55.78
-0.31
18.29
-14.12
-138.53
-11.61
-30.86
-7.8
70.75
116.51
78.47
-24.49
43.11
-44.87
-45.88
-124.06
59.71
-91.52
-24.98
28.74
28.52
4.64
-38.34
-72.08
-3.94
11.05
20.58
15.76
-4.64
2.32
-5.13
39.44
-6.47
-50.29
30.95
12.08
-9.23
-33.88
-73.16
-8.7
-23.64
1.91
-9.04
89.26
-9.73
23.34
-15.46
-13.16
142.05
1.9
-15.67
-114.65
10.35
-2.97
-15.53
56.94
-16.71
10.05
16.84
-44.84
16.48
-71.08
8
42.84
-3.66
176.62
15.65
19.64
-3.58
119.86
15.26
16.35
266.17
27.91
12.2
-13.26
-12.45
-1.37
-9.64
-16.32
3.67
29.67
-0.16
39.63
-41.73
2.63
-146.54
18.21
14.47
41.97
5.18
7.54
9.77
-54.82
19.15
-4.17
-22.68
37.24
-14.21
-29.95
-30.6
46.61
-149.43
31.22
-166.49
11.03
-7.49
13.12
-52.22
16.75
-124.17
-37.65
-4.29
-28.8
-37.85
12.24
36.41
-69.51
-5.49
-11.74
9.2
44.29
-11.92
9.42
-2.44
11.3
38.28
37.46
149.8
7.91
6.21
59.87
6.2
9.45
34.25
-13.2
19.98
5.43
9.47
8.06
-28.07
58.36
0.63
-27.7
16.39
48.04
-5.3
-231.41
75.42
-1.67
-12.02
-15.17
-8.38
30.61
9.46
-63.54
31.49
-16.8
13.36
62.64
42.38
-93.8
5.09
1.65
3.7
10.59
137.06
11.96
-19.69
10.85
-52.83
-6.71
0.69
-4.58
-148.61
19.44
-40.82
-7.56
43.95
-33.51
2.94
126.33
51.21
-1.55
34.32
8.94
35.31
-62.95
1.04
33.75
-14.67
69.48
-102.56
8.29
-8.98
-16.82
-0.09
2.36
-1.39
13.52
11.77
7.44
-1.21
-76.74
4.86
-16.94
26.92
2.44
-14.75
12.51
-8.53
21.44
-136.06
-5.21
-4.76
-13.91
-8.19
-11.87
88.1
-10.72
6.95
-25.89
-12.44
9.91
7.83
58.49
2.54
10.31
19.54
40
7.26
32.87
-15.43
32.75
3.46
-26.88
-13.62
-3.65
-138.28
-6.25
-1.25
-57.28
-36.03
42.63
-41.6
-5.9
198.53
116.38
-90.35
34.14
12.46
-7.59
179.17
-0.57
-7.39
45.71
-14.8
-43.46
-20.97
6.11
-1.12
-12.96
27.03
-17.3
86.81
5.28
10.53
29.3
8.32
-59.17
156.18
-18.74
74.69
-46.23
-17.94
-12.38
-150.85
48.23
-9.42
-265.86
1.99
-28.5
-0.21
-6.47
-0.92
-37.02
36.04
-326.83
-13.64
8.42
-11.59
-12.1
-5.9
16.05
9.48
-3.99
-9.23
-18.21
-13
2.48
29.27
-36.16
37.93
8.57
-4.72
8.6
17.58
-18.37
-12.4
-102.76
14.34
-81.32
-0.51
14.1
-91.82
-3.9
-23.46
18.42
16.81
-13.09
42.14
22.55
78.47
-10.53
-14.03
-0.69
-7.53
1.83
15.1
8.86
-34.08
23.05
0.33
2.94
-96.54
112.8
0.3
-3.25
-9.84
-12.83
6.29
10.68
67.46
-8.57
25.54
101.69
35.43
-49.81
-77.53
7.42
6.78
-9.3
-71.99
-232.2
14.58
-8.64
2.21
-205.94
-1.43
-5.1
-9.75
-92.36
-11.96
-5.47
7.11
-56.96
-5.72
21.75
45.38
-3.79
-9.85
-9.62
-107.27
-111.04
-20.82
70.01
-24.66
-3.26
-84.11
-6.33
-5.07
-13.66
-67.06
-3.39
60.97
-46.45
-7.8
-8.03
97.86
38.04
-8.43
-123.65
-11.63
10
18.84
-53.96
-4.26
10.8
37.56
13.39
-18.09
7.02
56.24
-30.12
22.15
-90.17
166.34
-1.52
13.6
23.83
19.57
41.93
10.85
46.65
24.05
2.72
2.64
-73.12
-8.23
23.41
-23.45
1.54
29.15
-189.06
23.63
-0.11
3.87
1.76
-13.15
-7.11
-162.09
11.81
4.61
-143.83
-10.32
12.79
-1.7
40.47
60
78.42
37.06
32.98
24.82
-4.5
-3.56
-25.58
-2.76
-19.57
-9.52
16.91
7.19
55.48
-73.98
4.26
10.46
-11.38
-28.33
-9.56
-12.27
-12.6
8.05
-7.91
10.96
-13.47
5.34
2.26
8.18
-7.52
96.07
21.67
-7.63
-34.96
-18.36
38.7
252.68
-0.2
-8.3
44.8
37.3
-1.61
-14.63
8.59
8.99
15.54
-10.66
42.84
-101.41
-19.61
-60.56
24.32
-6.07
-13.89
-27.37
9.13
-7.17
-41.12
-5.42
-42.28
10.18
-18.7
6.17
53.15
74.97
5.4
-8.93
-18.31
-92.11
-166.93
-107.36
-1.43
22.41
15.94
37.49
-2.47
3.24
122.31
20.23
9.11
53.75
-91.82
9.74
41.19
-141.63
1.03
3.54
98.51
11.39
-36.05
-10.05
-9.47
-8.97
-43.07
85
11.81
-73.57
-18.64
139.34
-1.41
-6.96
28.91
3.69
1.54
14.53
5.93
20.73
9.3
9.19
13.03
-8.36
-8.16
112.6
-83.24
-7.4
3.82
-2.1
1.11
117.3
-49.36
-10.94
106.14
25.2
15.77
4.98
-5
46.59
-8.2
-13.77
99.83
52.83
-7.65
4.44
0.87
3.37
-1.06
-27.7
-27.89
-17.23
-7.59
-22.74
21.62
-78.05
-48.52
50.63
6.33
-84.19
-8.86
3.89
12.28
10.64
-61.31
51.37
-16
5.52
65.8
-115.84
45.92
-13.55
18.38
27.1
56.98
3.37
-54.62
-6.24
-52.08
3.17
8.67
-6.49
9.43
-14.5
-5.49
-5.63
17.69
-39.23
-37.42
-64.33
-32.83
-60.63
-10.75
-7.09
-11.32
64.68
-8.23
23.01
24.94
14
9.54
-2.97
-73.96
-6.79
-9.11
35.1
0.09
-5.01
25.7
-74.41
-4.1
8.65
-26.4
-99.06
6.91
6.15
12.03
8.96
-0.28
-7.82
11.64
-23.8
-11.02
-13.1
80.98
-28
-68.44
-76.98
-49.54
41
-5.57
39.96
-2.41
-6.39
5.95
-4.11
-40.37
-101.25
-2.13
43.89
-9.41
-91.06
0.44
3.65
24.59
4.18
-2.65
0.42
75.23
28.73
0.14
-161.98
-8.14
0.74
18.92
1.63
98.54
1.31
67.79
-8.91
-1.82
-0.42
-14.29
9.53
-10.57
-1.56
-20.17
3.88
29.13
-5.73
38.28
-51.36
18.15
28.32
-7.61
-11.25
-70.61
-12.02
-93.47
3.59
12.81
-53.18
-1.64
51.64
28.25
35.81
-46.26
-9.29
54.04
