6.9
5.86
-6.76
18.39
-26.77
29.44
-8.17
17.92
132.68
-0.33
-199.55
9.64
55.31
35.86
-29.11
-17.25
0.74
8.33
17.53
0.19
28.19
105.51
-6.95
8.52
-50.45
-74.34
32.48
-132.15
6.55
-39.34
-1.66
-5.29
81.49
-70.47
2.36
-10.43
-2.87
-20.09
-0.91
56.66
-63.46
10.88
-80.33
25.76
-1.58
14.27
15.12
0.56
5.28
35.75
-86.93
5.68
31.54
-103.81
4.99
-16.46
-33.46
26.72
8.86
-15.11
-5.76
-54.76
7.61
44.02
-8.76
73.02
-5.9
-13.03
-32.5
0.71
6.34
7.86
-88.86
-7.46
6.07
3.9
-38.37
11.5
0.37
0.5
187.32
-6.49
38.41
23.86
-79.68
42.6
-30.21
-11.7
-31.79
72.32
-15.73
-74.94
12.77
-12.98
-14.96
-42.63
6.63
31.19
-27.47
-95.63
199.52
10.92
4.16
-5.58
-19.37
-75.58
-14.3
-59.7
128.15
14.47
-34.01
20.08
22.04
-22.77
60.48
-86.13
-4.32
-30.29
13.89
7.12
-8.1
-131.45
103.6
40.93
2.6
1.42
-53.06
17.7
-23.01
68.35
-11.8
14.88
-3.5
59.85
-42.07
-49.85
43.4
-14.24
2.95
75.58
-6.23
0.14
0.54
-4.98
-7.38
6.97
11.93
45.55
49.26
-16.33
109.28
84.02
-108.3
2.37
-0.89
14.92
-11.89
-9.24
26.61
20.11
0.86
-38.43
-14.38
-1.61
17.45
-35.64
26.73
34.19
-29.01
-3.22
62.55
-0.61
78.03
5.37
-8.83
0.99
-38.2
20.5
-127.24
-242.99
-4.08
19.24
5.59
-23.86
-81.09
-21.11
14.12
12.94
6.3
-7.98
-9.88
1.67
-8.55
-93.42
106.13
51.05
55.7
-9.62
-66.79
-4.42
-124.52
7.36
-31
3.27
44.46
-21.21
-1.58
-39.91
-69.39
55.44
-75.94
140.99
-10.05
44.32
143.44
64.73
1.75
-42.51
2.13
-63.28
40.26
-32.85
-77.48
85.31
9.9
-2.73
1.38
-78.99
-121.23
7.62
-3.01
80.66
-16.4
-12.75
107.69
-12.41
11.69
-5.83
-21.82
76
13.92
-76
-18.86
-8.01
-41.72
46.61
26.89
20.18
3.74
0.77
2.43
-34.35
39.55
-0.35
70.66
-17.55
12.36
42.03
8.09
-13.79
11.9
1.82
-3.9
47.96
-314.23
108.77
7.49
2.29
-7.79
-9.36
21.64
33.41
-36.93
-95.11
-12.26
-33.34
5.35
8.77
-2.51
33.46
-24.07
-20.59
8.01
-4.39
33.18
8.73
-5.02
-9.32
-19.78
-11.3
68.78
7.11
-1.55
-6.74
24.36
-44.46
-23.38
55.62
31.04
-87.36
10.74
3.99
-7.09
-74.04
15.31
4.22
2.3
76.84
161.06
-223.6
34.79
-13.99
7.69
-2.35
-4.1
-7.4
-3.39
-14.82
-43.94
29.35
-1.84
-0.25
9.28
36.03
72.08
-37.9
16.35
5.46
7.93
-75.77
-80.12
-3.17
11.99
21.61
4.05
-46.95
-6.15
-143.63
5.64
-3.33
-117.43
-14.2
104.06
-101.07
40.49
4.63
-3.91
-32.37
31.99
-7.83
2.19
11.02
7.54
-4.29
83.76
-23.37
-1.83
-3.36
-1.73
-8.79
83.7
-21.99
-3.87
0.73
-7.52
3.45
15
-6.91
161.07
6.39
4.12
-34.98
-2.93
-16.59
132.13
-4.78
3.66
8.94
-44.77
9.65
-4.81
-225.83
-12.07
-8.68
19.79
37.08
-30.34
-86.33
-10.96
-1.6
0.95
8.71
-6.99
55.26
53.04
68.99
49.68
38.34
-24.7
-115.12
2.28
-20.09
8.24
-11.84
11.73
12
9.03
12.34
-9.78
-7.55
-45.91
2.18
-183.41
-43.12
-16.76
-3.53
44.86
50.78
42.07
-57.96
-147.33
45.59
78.5
-12.03
63.55
2.62
6.92
-16.97
9.74
-11.52
-30.48
-35.79
83.8
-12.87
-7.73
-11.75
-56.39
44.93
-60.59
14.76
149.01
14.47
-11.98
-83.31
-15.25
1.41
10.9
5.3
-2.28
1.92
2.26
84.49
64.8
131.21
-79.52
-9.76
9.04
-9.21
-5.38
12.07
2.82
4.44
3.66
37.69
43.96
6
-6.27
-2.02
15.22
12.85
44.2
5.14
3.85
-14.4
-8.61
-4.86
15.55
1.67
-11.06
9.59
-23.64
-12.27
4.4
-22.74
-14.4
7.07
69.02
-6.52
66.11
93.05
-25.32
135.04
-165.37
5.68
-67.3
-43.14
11.78
143.31
-8.41
-3.42
17.46
5.06
-5.88
35.83
22.36
-1.23
18.29
3.6
52.57
-6.93
9.64
-32.23
10.86
8.41
81.89
11.79
6.13
0.42
74.47
-137.58
5.94
32.9
-9.93
-50.21
10.34
19.67
-3.68
22.39
4.54
12.71
17.42
-22.95
-2.44
1.25
63.97
-38.53
8.33
-3.1
77.46
3.78
13.25
-12.24
25.06
13.44
16.39
-68.63
9.86
-5.26
2.37
17.55
1.88
40.48
-3.71
-53.21
-9.33
39.48
-91.36
-6.24
-69.87
15.94
9.26
-28.02
-103.83
8.25
36.38
-30.96
-12.96
26.17
-5.25
22.62
-36.25
4.34
-15.95
-15.1
106.83
-5.26
116.22
40.32
3.13
30.36
-51.83
7.63
-16.23
17.58
36.88
-44.56
-1.32
2.56
-60.58
17.89
10.79
72.8
15.47
60.11
31.87
-16.93
37.54
22.61
11.05
-32.31
-6.99
6.76
82.73
-109.43
-153.9
-7.48
144.09
140.02
7.91
-24.18
57.06
39.11
33.46
8.89
1.09
-38.99
14.14
23.93
-4.27
6.88
16.94
12.7
-83.15
-8.76
15.34
-232.93
-25.36
-33.1
4.98
-3.05
-26.02
-15.83
31.13
45.76
4.79
7.79
-30.29
-68.67
-11.7
24.87
-8.65
-1.44
-4.81
5.87
5.04
-3.15
-36.78
2.7
-20.01
6.12
-8.68
-19.19
11.63
29.86
-9.03
13.3
16.36
1.48
7.1
-19.24
43.66
-1.47
15.84
-14.13
-37.54
-3.53
7.78
-16.76
12.18
9.4
-14.47
2.52
4.5
1.82
-9.9
-21.4
-68.21
61.93
4.69
4.95
58.35
15.28
-11.5
22.07
28.6
7.42
5.53
-3.41
-53.97
0.22
30.73
144.28
-20.14
4.63
54.57
-14.33
1.93
9.47
-73.74
8.78
5.72
9.37
18.87
38.38
-67.2
5.42
6.76
24.25
32.61
16.95
70.69
38.95
-98.17
49.83
-7.34
78.2
4.84
19.49
-42.64
-5.25
2.39
-65.58
-0.59
159.14
3.17
165.66
54.28
6.81
44.66
-2.07
17.62
-50.11
68.14
-20.54
110.89
11.05
-99.04
-23.68
-1.78
-5.59
-27.38
49.14
-7.07
29.12
10.56
14.4
54.08
43.2
10.85
0.19
-44.22
-12.1
-8.75
9.38
-25.41
6.33
35.6
14.74
28.26
74.21
-65.1
-6.67
4.03
-8.72
-2.8
11.57
43.41
-15.99
-26.63
-48.47
18.49
44.04
-1.76
-7.73
-27.25
1.99
-5.78
-106.45
-30.7
-74.4
-26.24
-203.34
10.65
-69.64
-0.45
4.8
-11.31
-3.85
6.83
-0.52
65.57
86.48
35.92
23.5
96.76
24.25
-0.26
-71.22
9.96
-108.36
-16.82
-33.23
-10.09
-12.39
73.14
10.86
7.76
-1.92
-16.73
26.64
65.5
10.14
52.24
2.63
-3
-2.91
-12.53
41.87
-1.27
79.48
4.77
73.36
-53.4
-18.73
27.37
12.1
-0.34
-4.52
-13.27
4.48
9.03
-79.72
25.59
-95.69
7.91
-273.87
12.83
8.36
-8.98
2.18
139.9
-17.77
26.23
48.3
-21.88
-13.39
6.11
-67.35
-27.63
-5.55
-8.5
-10.94
11.31
14.55
-125.84
55.17
6.33
-23.72
11.34
30.81
-6.05
12.03
-6.55
5.37
49.56
36.31
-31.84
45.86
-12.51
28.97
2.85
2.59
18.22
-27.33
-59.79
-36.75
-4.68
-8.51
-16.68
-8.17
14.92
-66.02
-7.33
-7.56
-159.64
-7.59
-43.36
-108.79
9.31
-4.06
-20.61
51.65
43.89
-34.7
-8.7
-40.67
-81.3
0.31
-28.14
-12.09
13.08
48.25
-38.56
8.06
70.46
-63.37
-35.44
-10.55
12.3
7.6
-8.04
7.38
21.01
6.74
-4.2
143.32
4.31
73.14
7.68
-5.05
-1.22
-4.96
-76.46
8.96
-21.02
3.95
-9.71
-1.01
2.56
-10.91
4.13
50.54
-58.33
52.93
2.84
-4.63
-7.64
-5.28
90.46
51.5
52.01
6.97
-15.6
-91.99
1.47
-74.66
19.5
98.59
29.6
3.85
108.08
-10.13
25.89
-35.51
-114.34
13.1
10.8
-4.36
8.45
-126.79
-86.88
-56.12
-48.9
7.06
-1.38
-13.71
5.25
-9.67
-23.51
-9.02
13.68
-7.08
-38.64
-8.28
52.16
23.74
-13.34
0.04
10.18
-42.29
13.17
8.5
30.88
19.28
-1.75
113.4
-35.67
7.36
-47.9
5.42
12.83
-3.45
-8.51
-64.24
25.08
20.79
4.29
27.48
-98.97
9.32
-8.92
45.85
1.82
-96.19
12.43
-2.27
111.02
-136.07
70.83
63.28
-23.26
71.28
15.12
-133.45
0.63
45.25
15.19
-9.18
13.52
44.48
-3.69
-9.71
12.78
-7.24
