35.08
133.54
-36.61
-70.68
1.58
-15.14
-45.66
-59.1
15.24
4.91
4.55
12.23
-19.04
12.66
-32.95
-6.05
-0.47
-149.33
1.1
-68.93
52.94
7.66
17.36
0.7
27.63
24.63
-9.94
21.45
55.94
-17.09
62.82
13.18
31.38
24.96
-42.23
2.24
8.74
-45.02
-29.46
-10.28
-50.92
28.22
-4.59
10.98
-13.56
23.06
63.91
-2.83
12.75
107.74
19.58
-1.94
4.93
-12.16
-14.86
18.81
-7.05
-2.66
30.49
1.4
10
9.93
60.65
-4.03
4.51
-82.59
12.86
-5.32
180.43
8.34
-7.28
35.45
54.39
8.43
2.4
-5.85
-48.16
6.76
-3.27
49.29
58.77
-29.58
4.47
35.43
41.69
17.12
7.6
-7.66
6.57
-69.58
-11.06
-3.75
-4.14
-17.67
28.42
22.43
150.93
-25.33
9.67
46.17
24.43
50.13
13.5
58.35
-98.63
-3.93
20.91
-40.39
92.5
41.96
16.84
5.91
-18.5
23.48
59.34
-6.87
-115.59
12.29
5.9
-7.85
6.85
26.14
-0.38
9.24
-1.64
-3.64
-8.93
11.95
-14.85
22.38
4.54
6.53
103.16
-55.54
-45.93
9.52
-6.99
6.89
2.78
52.17
14.16
6.55
-9.85
151.82
-132.61
7.49
-7.77
-49.29
21.5
3.79
18.89
-3.69
-243.79
-7.72
63.98
92.63
-82.79
-7.87
3.97
-6.8
3.22
6.52
-10.5
64.06
-4.45
-14.09
268.06
-24.04
6.97
31.94
-51.37
11.05
-67.32
-12.31
21.88
-7.05
22.91
25.7
-10.65
5.04
-3.38
-38.67
15.33
47.91
-4.59
-97.36
84.8
4.95
-23.3
6.84
21.55
-8.06
-16.18
149.41
13.34
133.64
4.18
59.09
77.81
-1.52
-2.16
-75.05
19.31
40.89
145.68
9.49
-39.99
-6.72
-9.93
0.29
-17.7
-19.47
74.97
-8.37
-21.19
-30.02
9.19
-89.43
19.17
-8.63
-1.94
-2.94
-20
-201.7
13.52
54.46
32.91
36.72
9.14
20.04
3.62
-9.45
8.47
21.44
47.25
89.2
91.49
-1.51
-49.33
0.17
15.88
48.87
120.93
-78.71
-28.81
124.38
12.53
-15
54.51
-42.05
0.57
-17.27
70.1
-15.99
3.84
3.44
23.17
-0.54
-28.61
9.1
4.15
122.46
112.21
79.05
40.37
35.12
8.46
-141.4
38.87
-4.94
12.38
0.35
-13.94
41.99
-11.73
56.26
5.11
52.15
-50.55
37.69
113.23
-13.29
24.07
-12.25
17.18
-57.62
9.53
-8.61
10.06
15
52.35
26.05
-11.43
-12.38
14.1
16.79
-82.54
-4.12
-9.32
3.5
130.75
-44.05
-64.92
-88.35
-9.75
26.46
22.88
3.07
7.69
31.37
30.88
-13.56
-2.64
10.85
75.19
-9.83
23.86
7.93
80.95
-114.3
3.31
-104.79
11.71
-82.16
-2.92
94.81
-47.13
8.66
-13.29
3.12
68.69
11.12
20.18
57.12
1.64
-7.32
21.47
22.29
36.09
2.66
-2.13
-4.4
-21.11
54.3
-6.54
-8.36
15.94
-11.16
-69.91
-4.08
83.9
-3.36
-113.45
-2.59
-68.79
98.76
-8.79
10.71
-9.93
-1.22
7.04
-29.2
48.33
13.61
-44.91
-68.12
-1.78
-23.49
4.39
-33.39
-7.93
1.89
0.8
-8.59
81.93
15.83
26.87
8.48
-32.37
-14.36
-66.63
23.95
65.24
8.52
-11.7
-23.06
0.72
13.87
-10.13
9.87
-6.21
-20.54
-11.4
9.16
-0.94
-5.91
22.73
-5.26
-26.89
-10.35
-53.03
-1.35
22.12
8.25
-3.43
14.58
40.29
25
70.3
-9.99
5.51
-40.37
-43.4
-8.63
3.09
-15.31
2.24
8.63
-35.7
-42.74
-48.83
-80.49
2.06
8.75
-40.83
73.29
73.78
69.41
-45.76
8.49
-22.07
8.66
8.64
-0.36
-3.38
-24.86
65.17
-65.33
5.18
0.82
9.02
-34.06
-7.2
3.82
-150.67
15.58
7.98
75.16
-76.58
-5.72
-2.22
101.86
-38.67
-31.63
85.62
-27.62
-22.78
5.05
-5.21
-61.21
7.36
8.94
87.63
-4.65
15.4
43.97
-2.95
-14.27
7.97
62.29
50.73
23.13
7.08
22.36
90.81
-5.29
3.63
-62.73
-11.8
-30.17
-102.34
-125.28
-15.78
-27.24
-109.99
-25.87
-31.73
-28.75
44.01
160.06
56.1
264.29
7.58
30.31
0.31
-15.82
9.12
-11.49
-4.5
8.36
-39.4
-12.83
44.51
51.32
18.54
-0.24
-60.49
33.77
-1.73
-2.26
7.11
6.03
-10.66
14.01
14.68
13.45
11.41
-0.2
24.83
5.85
25.78
-121.77
-53.43
8.82
-35.65
-10.93
-2.42
-9.2
-13.39
101.94
17.06
13.83
-11.33
-63.84
5.45
-25.29
81.03
-3.33
22.5
-4.46
-58.53
125.28
-5.75
9.19
17.46
9.83
5.36
-16.38
-74.35
-3.2
16.91
8.24
-5.03
-3.81
-74.79
83.35
27.51
11.62
2.2
-71.82
-24.79
-44.64
35.75
-15.37
60.65
6.17
-10.38
-81.59
1.55
9.65
-45.83
52.4
-36.78
-34.61
-17.12
55.31
4.7
1.6
-68.18
-19.02
-39.74
-2.16
-5.54
-39.1
-54.52
2.99
42.88
-6.5
-13.06
-24.12
31.23
-28.25
-10.76
52.86
55.38
1.31
16.79
-21.13
-26.08
1.63
5.63
29.94
-31.96
-32.33
42.76
22.73
58.6
55.74
2.89
2.24
82.31
-75.95
-19.01
26.5
-3.26
-124.79
-3.86
59.29
-37.52
26.35
-2.43
-9.01
10.07
9.97
37.98
11.74
50.47
-34.54
70.06
5.22
-4.47
10.3
-8.19
12.05
39.51
-25.83
-11.38
3.35
-10.23
-19.88
2.16
-20.77
12.96
19.92
-14.13
-8.6
49.5
24.16
-69.82
42.65
84.01
-14.23
21.52
-5.99
-22.69
26.65
-9.4
-12.21
-0.74
14.38
-12.46
-19.05
5.99
-11.72
28.65
9.88
13.48
-12.93
-192.43
-36.42
2.87
1.52
50.85
44.91
-12.21
-11.17
-31.48
-3.54
66.2
15.72
-2.13
74.68
-2.06
16.56
5.51
3.74
-13.54
3.2
59.11
8.77
-43.35
29.57
107.33
4.62
7.88
-10.7
-11.01
8.8
7.74
8.09
-7.16
61.33
1.9
6.21
-9.33
5.35
13.43
18.55
12.62
-4.19
-27.23
-72.42
-5.83
-13.41
-33.35
84.57
-6.12
51.74
1.8
-41.4
36.4
-28.77
-8.03
-13.98
7.95
97.3
-14.42
-12.14
8.44
-59.34
58.62
25.67
-49.39
12.76
22.55
-7.47
-13.01
-11.46
-2.81
-0.57
3.14
115.78
-30.58
-11.8
86.49
-12.38
6.98
34.87
30.98
6.83
7.53
-11.44
4.4
28.71
-3.23
-79.76
-85.6
12.14
-5.45
-8.12
-3.75
59.09
-57.34
13.65
120.49
6.59
-7.36
119.81
-29.16
-152.57
-9.1
37.8
-28.08
-12.13
9.62
-80.42
19.81
8.51
10.1
12.4
76.59
11.2
10.11
-50.15
-183.64
28.63
33.88
-21.01
-9.33
-98.27
47.24
-75.19
6.32
-63.19
-114.34
44.76
-2.13
10.48
10.33
-106.92
-23.62
-76.94
-23.71
27.61
5.39
24.5
7.78
-13
-128.59
69.67
-0.22
13.47
-2
-2.88
3.01
42.22
-15.38
43.63
3.06
29.59
-14.16
8.46
43.32
-37.76
116.09
-0.27
-6.39
0.48
111.3
-103.73
-12.35
26.39
0.33
-7.14
11.86
-2.8
-37.98
-8.55
5
-23.77
47.84
-45.98
76.06
43.98
75.83
-8.89
15.18
-3.37
-44.8
26.3
-9.35
-116.43
42.97
-2.35
14.55
9.16
39.53
-15.06
0.73
70.21
-53.1
19.93
75.68
-12.99
-5.94
21.73
29.81
9.35
32.38
-2.89
-3.05
5.35
12.12
12.38
-8.42
5.24
68.44
0.55
100.04
46.95
-93.13
150.97
-27.57
-112.79
4.63
-449.5
-130.43
-10.26
-79.77
14.83
19.55
-83.57
24.81
79.17
-79.25
-23.28
-2.92
110.09
-8.22
2.84
-6.35
2.43
27.72
-12.65
18.91
-69.73
19.09
112.35
-0.95
-9.65
-60
-171.33
-11.48
28.23
-10.17
9.7
15.22
-2.14
-191.3
-25.81
-3.41
29.14
34.87
-62.51
-38.74
2.71
9
19.25
-47.39
10.58
-9.99
-22.65
35.87
-7.82
-78.18
-87.62
2.93
-36.14
-10.17
35.18
-81.22
0.45
11.54
-38.69
-11.62
-0.89
19.59
132.72
-12.47
63.11
26.97
-7.94
42.25
-12.72
90.77
-11.13
6.93
-10.31
28.63
-111.74
-40.6
54.3
-15.39
-148.63
-109.67
-10.51
-13.16
-129.3
-220.89
-6.89
-3.29
-18.08
29.89
-11.39
25.07
4.68
7.77
0.81
-2.68
25.89
6.75
14.46
126.39
12.58
124.87
70.09
-10.61
-18.05
92.54
-1.17
2.35
10.72
-7.15
-310.44
23.59
-44.93
-41.94
-12.04
-1.79
-6.49
-0.21
70.43
13.53
0.45
3.94
-4.75
0.05
-15.52
51.3
-100.82
-58.52
11.58
28.81
-15.78
49.27
-4.52
-16.11
-6.54
10.02
11.97
13.83
8.52
-76.71
3.77
