7.23
12.08
-6.61
3.5
53.35
-12.38
-8.3
-8.1
45.76
-109.45
26.16
-36.47
-1.2
-0.81
41.11
22.47
7.85
-94.97
62.01
77.48
-29.3
-12.62
5.19
-32.28
11.75
-10.24
30.61
5.08
119.22
10.79
-42.14
-9.23
-59.46
27.2
4.31
-2.57
-1.63
9.42
57.87
17.67
-36.1
-16.45
-10.6
4.09
46.97
-72.94
6.4
8.43
7.12
13.06
-29.82
-112.14
-176.27
-73.22
-2.65
-43.16
17.86
3.59
-9.4
-14.99
12.2
79.16
-94.13
2.03
-7.31
-77.96
-32.47
-11.27
-2.96
35.44
-3.23
7.05
-18.23
18.4
-86.79
-7.12
-11.73
-45.98
26.97
-9.59
7.02
-9.66
-9.51
35.79
-7.68
54.14
45.19
-54.68
-4.14
7.13
-1.06
16.35
-8.21
-41.18
33.06
-1.23
41.17
24.73
62.12
4.66
-70.4
-12.13
-11.95
34.95
-67.31
10.33
14.86
11.82
93.21
14.35
60.11
-10.14
26.1
84.76
47.85
164.5
-33.91
11.66
-56.95
-23.26
53.07
67.42
29.49
76.16
46.56
137.53
-80.87
7.38
-113.71
-3.97
-4.04
-59.05
181.55
-0.5
-10.99
74.65
4.48
-8.7
69.4
-2
-3.82
4.66
11.42
-86.44
20.32
72.99
4.86
15.95
-3.55
-47.06
54.29
39.55
0.14
37.05
1.73
-13.32
28.06
52.79
-9.52
10.89
-44.71
-6.42
-6
-12.57
-22.44
39.66
-43.39
-29.74
62.21
-35.33
15.38
57.98
67.94
-12.49
0.44
64.19
-9.42
-10.86
-2.6
0.45
5.78
71.83
-18.8
-5.12
10.55
-5.2
29.07
6.01
10.83
150.12
3.5
9.19
-10.81
-8.77
5.33
36.57
51.45
81.78
17.08
49.36
73.65
24.48
34.85
130.26
-33.97
42.69
-5.87
-117.89
-40.91
12.92
22.46
-8.38
30.08
-5.7
-4.58
0.22
-6.9
10.15
63.36
-13.45
-108.84
8.33
13.46
72.4
-28.97
-78.04
14.86
-13.01
-12.57
-113.87
10.62
-20.86
-104.96
21.4
-6.17
8.61
9.91
19.79
-67.73
-2.65
-10.58
-10.5
-54.81
3.63
34.4
-65.48
-17.11
20.47
-14.27
54.79
80.78
-3.34
0.38
19.78
-44.16
59.42
-10.66
-75.64
-36.71
-52.96
1.98
-14.33
12.03
3.53
0.67
-9.17
181.44
-34.08
-4.8
-1.67
-0.01
5.14
67.86
-24.45
76.92
-16.05
45.44
-10.68
34.53
-8.14
-48.78
44.22
-0.27
9.87
5.34
6.39
-105.89
110.59
7.8
-57.24
-139.29
-9.42
9.03
32.97
-54.03
-15.29
92.45
68.41
6.65
1.13
31.23
-27.48
-44.54
4.71
112.53
10.46
-80.47
3.53
35.54
-7.34
7
-29.75
9.06
11.37
78.42
44.81
24.19
-22.84
-146.29
61.64
-2.23
-17.51
-32.22
22.92
44.43
20.62
-170.66
-1.5
0.36
-44.44
1.82
9.98
77.91
-24.15
47.59
-22.45
-5.22
-8.57
-13.95
61.92
-18.91
32.65
17.45
77.33
45.22
22.48
-17.7
-72.13
-3.62
-48
-2.19
4.19
10.7
-12.64
28.19
31.27
11.57
-56.56
-11.39
10.78
-3.03
-1.69
8.1
5.81
-8.12
7.89
11.12
-3.4
-15.49
-64.83
59.43
-14.26
-3.73
-15.21
-5.59
-60.47
-162.96
38.71
16.12
-118.63
4.39
11.15
-0.04
-6.74
1.39
-7.68
-81.05
-11.3
-35.01
-15.06
-77.82
0.1
-7.71
49.67
4.1
42.85
-31.21
62.23
14.32
-24.51
2.19
4.31
110.83
34.33
16.89
3.65
-11.79
20.28
2.59
-6.17
3.98
-11.8
25.6
20.62
62.55
30.54
-45.64
-103.45
15.66
-0.89
9.49
2.81
12.3
5.35
4.72
6.71
-11.56
-30.51
-104.39
10.9
9.16
-13.56
3.92
48.73
9.85
-9.62
-139.16
7.75
12.02
-10.34
9.02
-5.64
-108.46
-4.62
23.53
50.13
-49.97
25.83
-45.4
41.18
26.73
-9.59
58.32
-15.64
23.23
-15.38
22.55
2.69
-110.62
49.52
46
75.53
12.38
-0.63
-6.86
-199.99
-19.3
-24.89
1.28
13.16
-34.81
1.1
-139.77
22.35
-3.86
-1.45
-27.73
46.77
-3.34
6.54
0.29
67.77
-65.63
5.94
27.89
15.08
152.68
-9.86
-81.27
60.07
-57.54
-0.37
29.57
-15.1
8.61
-50.53
5.99
18.15
-15.07
-13.23
33.96
-12.73
-242.52
-13.09
-44.54
-10.76
-8.39
31.53
-34.03
-212.8
29.09
19.28
21.66
25.05
6.09
39.92
-37.92
-11.77
-19.71
15.09
7.87
-11.75
54.2
-49.58
-80.94
-14.04
-8.46
64.57
11.03
-3.4
-7.31
28.64
-31.59
-13.76
-21.83
0.96
-10.92
65.37
11.92
4.1
59.68
16.41
93.13
2.18
-55.5
-1.98
-42.78
-6.3
-36.13
22.35
41.09
-1.3
-8.45
44.7
10.03
-129.3
-55.96
9.94
32.4
-1.68
67.27
-13.53
-2.89
22.57
18.27
-35.95
-10.62
-59.18
-0.43
-23.03
-7.08
-9.97
20.47
-48.82
17.83
0.79
18.58
0.47
-83.05
56.41
27.79
-13.79
31.58
-56.37
19.6
10.63
-6.91
-5.65
-2.15
29.52
-24.53
10.4
-13.53
8.53
61.91
19.04
27.14
-97.74
44.59
-9.11
10.61
-4.34
49.15
28.86
32.38
33.83
-6.31
59.79
32.38
-7.55
-14.3
1.74
-8.97
19.46
-8.32
-8.58
-70.62
-6.27
41.08
-40.48
-1.14
31.38
2.89
-43.2
-6.28
5.59
7.77
-103.68
40.93
5.81
3.68
34.15
-9.71
54.36
2.21
22.81
-79.8
-2.25
-4.35
0.01
39.92
87.55
-15.79
83.9
-4.79
-2.46
-61.66
8.37
20.98
-4.34
41.81
18.56
-34.71
-31.85
-16.46
-2.87
-34.28
-0.18
-9.15
49.46
-8.46
8.22
-1.34
75.84
35.32
1.46
93.54
-5.61
20.38
24.44
89.57
15.04
8.44
51.96
38.53
-32.46
9.13
-14.97
20.24
139.55
-6.52
-9.75
-1.6
53.04
32.88
-3.64
-39.19
0.83
-6.84
53.93
-23.1
190.12
-13.87
-10.5
-17.16
-18.8
-189.23
8.11
60.17
-79.71
-22.47
7.6
-27.24
6.46
2.88
43.07
-9.56
5.04
-7.28
-4.79
59.99
19.51
94.89
-27.09
7.69
-3.81
-12.08
-20.89
10.7
144.74
26.35
1.92
-32.05
-7.72
-8.19
-80.5
-59.58
2.37
-7.68
33.1
-26.63
-2.93
-0.5
15.95
3.17
13.13
-0.65
17.81
-4.11
-193.85
14.85
-12.83
14.97
22.41
8.27
-24.03
-5.24
6.34
58.2
-62.63
31.61
55.46
12.4
-82.67
-32.02
26.93
41.35
41.73
-7.27
50.06
-18.37
40.83
-68.32
-34.31
5.25
-83.58
2.19
-4.23
-10.05
127.55
-113.73
-12
7.96
-54.96
2.13
3.58
9.01
8.5
-40.74
-53.27
-156.83
-13.73
-5.65
1.07
-7.21
65.03
-2.64
-8.29
-30.07
26.85
26.55
-7.95
-43.01
62.72
-96.6
-33.32
50.5
20.08
83.2
-17.59
58.94
-15.52
27.7
1.37
8.42
6.67
-90.62
78.37
-49.41
6.26
-36.28
-88.91
-3.69
31.04
-12.19
33.85
-7.94
27.36
2.59
6.98
-5.14
6.41
2.81
47.9
-6.88
7
56.59
15.88
-4.78
31.87
14.16
-5.85
37.39
13.18
12.19
-30.21
14.6
-10.1
-6.68
53.88
122.23
-1.64
-59.26
-14.87
-23.83
-91.1
53.99
49.2
5
-7.02
4
14.45
-35.62
23.24
-21.81
72.33
4.93
23.35
145.41
0.29
13.34
29.39
10.84
34.14
-27.7
-6.36
58.13
-21.64
-226.33
-4.48
3.74
4.74
-46.2
-5.52
3.31
-88.92
100.55
4.48
34.86
1.36
28.03
-18.59
-13.85
38.28
15.77
-8.73
-2.45
53.21
53.26
-13.95
10.27
1.91
135.34
-21.37
-2.07
1.69
24.51
15.71
34
-29.25
-43.02
184.25
7.94
-53.32
4.39
62.46
-32.31
7.88
-23.06
15.6
144.37
-78.28
-25.45
-10.43
-5.99
-13.17
-6.17
-110.92
56.97
3.36
44.97
-30.69
19.12
5.71
-9.95
47.08
5.14
-10.78
-63.56
2.42
5.83
57.9
-118.63
57.51
-36.11
-7.28
-3.51
-14.81
-2.74
94.9
25.08
-11.83
-8.82
-87.8
-55.71
80.5
7.57
5.3
7.41
4.15
-22.44
-113.21
2.06
1.21
-15.9
2.08
122.39
-4.49
-38.76
-7.92
-1.13
34.08
87.27
32.86
-5.8
-3.84
-3.2
-5.75
-118.55
20.19
-8.19
49.4
-113.32
-44.05
-17.57
24.77
6.41
-12.11
48.04
-14.93
-9.58
-59.6
6.94
-47.16
105.35
10.06
-141.6
50.55
-34.59
10.15
-9.41
0.36
8.59
-70.65
-7.59
-2.77
24.78
-3.61
29.08
87.94
-11.17
8.26
17.33
-17.49
-0.6
-4.3
6.75
8.78
-6.25
41.15
-10.94
57.86
69.61
16.54
16.76
48.26
26.37
-19.23
-88.5
10.45
54.17
34.8
6.82
0.18
