8.21
90.27
-1.48
-1.04
10.88
130
-9.52
-6.9
13.75
54.3
45.76
5.53
23.1
2.34
2.39
-18.26
8
-8.22
-12.88
11.41
69.43
-2.69
-90.95
10.89
12.38
29.74
-11.04
-8.06
-9.7
-36.57
-288.53
-7.04
-5.21
51.56
28.85
-10.49
6.23
-36.25
-1.8
-114.89
28.5
-2.2
8.24
9.64
-43.7
-5.45
5.53
100.86
-34.95
25.71
-8.04
-33.39
12.69
3.43
77.53
-66.49
-7.18
57.89
-9.25
-65.21
6.88
14.4
-1.93
-0.86
8.53
80.13
-5.18
44.93
-2.29
-6.63
-7.21
5.98
-47.49
62.42
0.3
9.3
-17.19
14.15
3.78
-5.5
22.64
-4.31
40.53
13.62
-42.82
-28.03
19.91
-3.83
-23.53
-2.4
-5.77
0.2
-11.09
6.36
0.16
106.95
-8.27
-12.97
-14.57
-13.43
72.56
16.56
-14.34
-118.16
61.15
71.25
-43.86
11.66
76.24
12.85
-7.86
29.69
2.97
-57.01
18.74
-0.02
-41.71
16.43
6.33
1.74
-18.14
19.16
48.87
-17.7
-23.07
101.96
5.36
-59.12
7.16
-36.22
7.08
43.97
15.83
85.71
-1.54
-92.29
-6.24
-50.32
47.57
-3.73
-28.1
10.85
33.97
42.14
-45.11
-12.21
4.47
2.66
12.14
32.24
-4.06
-21.52
-9.02
-93.43
5.76
0.26
-153.93
-17.3
-11.81
-6.87
81.21
32.06
47.14
2.8
-0.93
-27.9
-66.78
-2.26
-0.99
-48.13
-34.32
115.85
-76.99
3.93
44.19
64.09
9.2
67.02
-0.95
96.48
21.55
12.26
0.34
129.65
117.36
-5.73
-5.4
-0.29
44.16
8.44
8.17
-4.21
-43.63
66.79
48.65
37.54
-13.44
27.92
-18.19
27.19
29.14
-6.12
-33.48
-5.41
16.62
-33.84
78.04
3.85
-25.48
-121.25
0.92
50.19
-11.94
8.7
8.81
-33.51
7.98
-76.91
2.36
46.08
33.6
8.48
-6.35
17.03
-34.48
-73.52
7.7
-2.76
-11
-119.86
19.74
-57.9
-23.18
12.25
-120.46
-4.87
-130.47
-26.41
30.49
-135.07
-42.9
18.98
75.7
-10.31
-61.86
11.83
-6.51
4.93
-14.08
22.26
54.55
-13.47
71.19
-217.65
-15.51
167.37
-6.27
3.05
-60.18
8.72
7.18
11.6
36.5
-33.02
70.54
-8.22
0.96
-10.63
-2.88
7.07
-42.78
6.98
22.06
49.46
-34.77
-5.36
-29.37
52.47
37.15
171.86
-11.19
-14.92
-32.2
48.39
-2.79
16.08
-19.75
-5.62
9.75
-50.53
5.32
-30.74
-63.89
-10.02
60.43
-121.76
38.09
12.91
-19.09
19.81
8.94
4.21
38.63
18.86
-13.07
77.9
1.73
-40.16
-122.87
-40.29
18.66
25.95
-8.06
-33.33
-1.26
-13.13
16.3
7.4
-110.63
14.35
-8.04
57.22
21.53
-19.16
11.6
122.93
17.2
-44.27
-5.13
0.08
14.76
-1.77
68.89
15.91
-54.7
35.7
45.95
-26.32
-114.16
-4.08
9.54
33.3
18.92
0.58
34.93
-69.66
-4.12
9.82
38.97
15.33
-104.57
9.98
6.55
-11.87
-0.71
62.33
4.16
1.17
24.52
-79.04
29.23
5.93
8.83
103.38
14.24
67.71
56.14
8.96
-27.28
33.73
0.72
25.32
12.24
6.31
-3.99
-1.09
8.72
-13.34
-18.28
0.48
150.87
-10.8
49.77
7.91
-15.97
-2.37
3.93
3.04
1.38
11.89
109.01
53.43
33.8
-10.61
84.45
12.18
-20.37
-68.76
12.67
12.53
-301.21
-0.32
-13.19
-10.08
173.35
2.16
95.34
-13.44
4.91
-1.79
-47.28
26.95
44.86
5.76
50.35
7.8
37.33
-65.96
52.14
5.77
-18.1
-35.93
-25.28
8.1
6.9
18.16
9.73
26.57
2.59
61.62
-44.15
-129.73
-41.78
19.78
73.65
-65.78
70.69
-1.91
1.89
-3.41
70.07
9.4
4.39
-3.73
52.27
-5.91
-6.78
-45.27
-36.39
16.51
69.94
32.48
64.73
-34.74
102.78
98.35
27.33
-2.01
5.82
-7.4
11.57
27.69
11.94
33.94
-0.12
-10.26
-44.48
8.26
40.84
-79.81
0.01
25.86
0.59
-13.12
112.33
-24.68
42.28
27.42
-37.15
73.58
-3.14
-9.82
19.09
-74.94
-66.78
-7.92
11.24
-3.38
64.06
1.6
15.55
18.21
39.52
45.57
-18.63
54.84
111.56
41.3
7.24
-17.03
16.3
69.2
-25.7
-23.65
-162.85
101.23
56.21
132.56
-8.25
8.01
9.93
2.23
146.91
-88.51
15.87
23.53
2.45
17.53
45.71
-20.56
44.43
9.95
16.59
0.5
-72.42
-8.12
-192.05
113.79
-4.47
-19.22
3.11
22.15
84.09
-7.45
-24.27
5.42
-13.41
4.79
7.1
-49.42
0.22
-4.17
-10.94
3.5
7.78
36.1
-23.28
-21.87
-14.42
-53.85
75.26
-1.59
-19.92
5.5
7.23
8.4
-10.49
-1.69
-2.83
-153.6
-7.1
-125.1
-100.01
7.96
20.63
36.07
-28.69
60.33
-22.81
-10.39
-31.43
-4.71
59.65
-43.49
108.6
-9.02
-9.13
3.14
10.36
-22.57
0.86
93.51
12.75
38.2
0.7
8.25
-46.69
-2.14
-0.39
-87.08
17.76
-9.22
3.04
-108.71
-1.13
-1.79
6.71
-54.64
5.55
-12.14
-55.31
-3.33
-9.22
18.48
-8.28
70.34
-40.39
8.06
-46.52
72.2
-23.18
4.21
-5.49
45.15
-12.18
7.01
13.67
-14.59
-3.83
-68.21
12.19
11.1
16.36
-24.14
40.96
-94.51
45.24
-28.1
-233.87
-2.32
-29.46
17.69
-53.77
86.98
-3.36
-57.9
-5.92
-1.83
10.93
9.23
-5.95
11.66
169.86
-2.83
57.23
20.97
-60.47
17.62
49.75
-4.25
76.43
-3.17
0.23
3.65
3.71
52.36
-13.66
-6.45
80.75
105.93
3.23
33.31
52.09
-9.64
-47.27
8.71
17.87
-10.54
17.7
-5.6
-14.01
8.19
11.24
8.43
64.62
34.54
-26
23.99
-32.71
-37.41
-11.17
-14.43
-11.07
-8.27
9.54
59.75
59.16
19.57
-47.53
-11.83
-1.32
-22.11
2.53
-36.18
0.75
13.67
6.53
-3.93
9.55
-46.79
78.9
-2.55
-4.1
28.16
-6.56
-6.69
3.75
19.07
25.32
39.21
-195.3
8.74
15.38
17.47
10.36
-46.97
7.61
-95.53
4.78
-145.02
-17.83
-62.68
-11.3
165.31
0.19
70.38
-3.11
-11.7
11.93
-17.2
27.95
14.39
14.62
-56.07
-8.15
-76.91
7.09
5.86
-4.2
70.16
-3.18
48.4
-33.47
-14.79
73.93
22.5
37.83
18.75
5.33
-54.06
133.81
7.98
-25.12
-11.04
-0.21
24.29
7.51
-18.47
48.64
-9.57
-4.8
-8.9
-68.15
24.26
-18.83
-63.12
3.59
7.33
57.11
14.5
-191.35
-6.9
59.74
-40.76
137.45
19.58
33.34
2.38
-8.04
20.94
-56.86
-17.12
18.68
-39.41
-15.2
-2.95
3.08
-1.87
86.93
7.83
-1.61
-17.86
-87.86
3.12
-53.38
47.83
-2.75
31.46
6.52
-52.18
-4.09
-46.98
-9.45
38.27
8.07
0.52
128.52
-14.67
-41.36
10.1
9.01
13.36
50.82
6.52
10.57
-8.83
8.86
-13.31
20.28
20.59
89.39
67.4
-25.08
-6.44
-12.08
-4.69
-9.25
45
-11.12
-10.16
-11.05
-8.37
-10.1
-23.51
-5.13
25.81
-5.14
4.39
0.84
36.13
-44.9
-2.32
-3.38
33.08
26.79
47.36
-8.07
-210.67
-1.53
1.94
-8.39
125.32
-2.43
15.63
13.84
-72.83
-13.01
-14.23
-82.92
18.23
10.38
11.15
-3.93
4.16
-112.84
39.75
-44.71
-41.54
43.56
-0.47
6.45
75.14
-3.18
66.41
80.31
-70.72
29.68
62.14
108.5
-17.15
-5.5
-1.9
2.78
5.98
0.54
-95.63
-4.68
-207.18
-145.76
-4.34
52.04
12.35
24.05
-21.84
-43.36
52.78
-42.08
-0.7
-9.74
57.18
80.71
-62.22
41.88
-10.43
3.51
4.61
6.99
6.29
43.32
11.15
4.19
4.95
-10.92
-13.36
86.56
18.21
-14.87
-28.97
1.38
-85.22
-2.71
9.39
14.27
73.52
102.48
8.22
-15.14
0.42
-4.43
-22.62
5.23
-11.68
-58.53
5.54
16.62
30.19
-6.1
9.35
-4.34
17.04
12.39
3.71
-23.97
-11.06
-2.47
15.13
-7.06
0.54
57.34
-6.23
26.78
75.92
34.08
1.38
-5.45
-41.19
7.27
-0.26
-25.56
-7.8
-9.63
79.81
23.9
39.57
7.4
-34.63
94.01
5.95
30.34
8.46
-9.71
-15.22
17.32
10.24
-69.45
18.81
0.67
-139.14
-64.27
55.87
5.6
11.2
26.22
-38.56
-86.06
-50.67
-7.97
5.69
76.28
-99.39
92.79
-9.4
0.11
-9.93
32.97
15.74
-133.26
-14.05
7.39
-11.29
-10.48
0.7
7.61
13.14
26.27
-30.99
-8.34
-8.63
6.73
15.27
-72.04
-36.47
28.06
-161.18
-4.42
-3.43
-1.48
54.38
50.18
-4.31
-2.61
108.2
6.88
-104.09
