-11.96
-0.9
-3.56
-79.31
76.33
-6.91
11.63
4.17
12.2
7.37
48.46
-2.58
-13.02
6.25
30.2
-14.6
-53.25
3.59
-5.85
-7.27
11.55
6.68
-8.5
-1.42
-170.87
-4.78
-215.35
-5.33
-7.73
-1.26
1.56
11.3
26.08
-19.63
12.43
4.16
9.18
70.58
5.05
6.42
16.13
22.61
14.35
-20.49
9.86
10.61
63.47
76.1
24.22
51.86
-25.23
22
2.29
6.94
83.58
13.53
38.46
-5.54
88.41
13.45
10.04
5.67
98.1
6.97
18.11
-38.45
-38.37
-5.29
14.05
30.97
-38.53
-30.74
-23.88
-2.29
-5.51
0.43
-171.49
0.3
-174.03
141.54
4.44
-54.89
-5.38
-51.05
2.82
68.19
6.19
-77.53
6.5
-4.89
42.72
5.6
-9.76
-9.18
14.71
-13.31
46.05
-11.7
29.6
7.95
-194.85
74.53
-23.15
-6.63
10.05
-37.68
-61.11
-10.03
-54.62
-12.53
-10.69
-3.49
-8.97
7.13
-22.33
5.1
9.33
-37.49
11.44
31.64
14.97
-4.17
-35.03
-1.88
67.22
-68.88
8.85
96.77
2.37
-10.72
12.32
9.44
105.32
9.2
2.43
-9.95
-43.87
-3.07
-8.28
16.72
5.34
6.65
-7.71
-6.52
-9.22
-9.2
11.06
13.83
15.55
-13.31
251.31
-13.72
-7.33
3.55
-10.53
-65.83
29.08
-37.8
7.36
-16.92
-43.9
-4.79
7.62
9.26
60.32
6.37
-12.51
2.1
30.13
-5.58
-7.91
8.89
2.64
-16.28
1.48
9.86
0.99
37.95
-2.82
-17.47
8.65
-3.85
-74.9
-96.89
-8.9
8.68
-125.01
27.24
1.72
-10.18
-63.09
135.91
43.3
-54.96
-3.57
2.61
39.25
51.49
114.91
-23.77
136.21
-7.93
0.18
14.7
11.27
-7.48
-55.6
-90.92
26.06
-10.36
-94.03
21.81
19.12
10.7
16.15
89.3
39.4
-4
217.01
2.05
9.32
-1.74
-3.26
7.94
46.28
-129.2
-3.86
-127.79
-86.69
-2.52
27.97
6.17
-127.87
62.55
-6.61
-8
-77.4
-84.05
28.84
3.29
8.83
26.96
16.98
-10.8
-97.7
-33.94
6.77
-45.39
-16.37
-41.24
-6.45
20.67
57.71
12.3
20.98
14.1
-7.58
-47.71
-50.91
-38.31
2.2
-4.88
10.11
34.52
21.05
-29.78
-35.25
-20.7
30.94
-9.7
0.69
-9.88
20.76
29.62
-12.25
-11.41
38.26
3.95
-11.59
10.57
10.66
12.23
47.9
-11.97
14.09
-15.73
-4.99
-14.33
-14.84
-73.72
15.51
8.57
14.78
0.35
1.57
-127.05
-7.06
29.14
-3.49
0.86
31.65
6.57
-1.74
-12.8
-2.43
-2.74
-30.59
3.09
15.35
1.96
-63.59
17.6
-15.83
43.59
-15.51
29.5
-131.29
-43.61
8.85
4.42
14.72
-7.3
21.15
4.15
-36.51
3.8
-10.12
19.25
6.63
11.79
17.13
-27.61
0.81
50.55
-4.92
10.38
-17.06
13.46
3.31
-60.41
-8.97
8.81
17.91
89.01
101.66
18.85
0.21
-84.52
-5.92
-13.14
4.51
-102.92
-88.15
1.9
-20.08
34.97
-45.35
-3.39
-3.55
17.13
-32.58
-4.94
77.35
21.09
12.04
21.29
-15.77
0.57
55.66
-10.5
-29.79
-9
2.03
-5.79
28
-3.32
-15.55
-52.23
-4.62
-31.16
-45.34
16.09
-5.88
-3.57
-3.44
-93.25
-108.58
0.24
-9.65
-12.68
73.19
-128.17
-11.99
116.03
3.39
1.61
-7.68
-54.72
-9.74
10.76
-2.69
-17.86
5.94
-1.84
12.27
-2.65
17.15
96.32
4.53
-62.85
-71.21
124.55
-113.04
-1.47
-16.3
-13.31
29.06
3.05
-15.75
-4.6
-1.12
-1.23
-43.99
12.31
8.88
-15.22
-29.78
9.13
11.01
4.72
20.51
46.29
-18.26
-8.41
8.54
16.02
-1.72
41.04
13.99
3.59
-40.88
20.86
-5.67
-41.44
-13.18
-5.53
-37.77
32.29
-128.6
42.29
28.02
-22.2
-8.36
-4.1
23.82
-68.02
20.32
148.65
-59.02
3.13
15.16
-6.67
0.4
-18.29
-163.65
-12.81
-6.84
-1.19
6.73
4.93
19.14
-13.91
-3.31
17.2
-8.44
-7.02
17.76
48.53
-41.06
41.92
179.99
-1.54
33.99
-114.89
118.81
32.01
57.16
-13.56
7.89
7.47
49.19
-69.53
6.52
0.66
100.71
-30.87
12.55
-170.29
52.1
6.04
-40.12
28.31
5.67
22.57
-81.14
-15.74
-3.2
230.85
8.94
-8.96
12.94
-27.5
-15.3
-68.11
-4.7
2.72
-6.18
-10.45
1.2
10.03
-11.18
20.67
-67.04
36.86
-13.99
6.2
-12.25
7.27
8.7
-24.94
-79.65
-40.42
4.37
7.35
109.52
-24.25
-18.94
15.41
-45.97
-8.18
17.69
132.08
-30.88
-11.55
34.33
-58.91
0.2
13.2
-31.56
-11.56
-19.86
1.52
113.43
-9.31
21.93
-35.58
-16.84
6.17
-82.91
15.2
7.32
-30.55
-1.36
-54.77
8.77
-36.45
-8.56
50.17
-5.02
-52.89
-6.16
6.67
-1.31
11.52
-18.72
7.64
48.49
32.62
44.51
-32.98
34.93
51.84
-55.88
0.51
-45.54
-57.92
7.08
-8.67
6.81
-6.32
55.78
-2.21
-36.89
-42.61
10.48
16.12
38.6
-9.77
10.56
-1
84.6
-43.48
18.28
-37.87
-13.38
36.43
17.92
72.22
-7.36
11.07
-1.18
16.21
105.4
50.09
-27.82
172.58
-13.39
-44.79
-2.33
64.62
-48.08
-23.57
12.6
7.15
12.4
10.9
-2.09
13.41
35.18
-7.39
76.74
95.9
143.37
75.27
-8.65
8.17
-57.93
9.78
-1.42
117.72
92.92
29.06
89.43
-63.16
20.25
8.13
10.99
113.98
5.97
93.55
-16.6
6.44
-17.22
-18.42
26.53
9.8
9.7
43.81
-8.39
-22.48
-9.13
-159.36
12.08
4.46
-45.65
-7.53
33.07
4.64
2.71
23.34
-2.45
46.21
42.92
-11.68
-1.6
29.52
-13.58
17.2
-18.86
-52.44
-5.83
-59.26
68.36
-4.62
28.27
57.17
97.38
21.53
3.66
45.01
0.37
12.53
-52.98
-8.07
-28.51
27.46
56.4
-29.72
-53.54
16.44
39.69
9.38
20
62.74
-5.46
40.76
49.63
-6.56
-8.17
4.51
8.89
3.88
35.61
27.62
4.48
-178.96
22.89
182.44
15.84
-0.24
-51.43
-71.68
-12.72
-280.97
163.53
-54.7
-28.66
-10.15
-24.06
2.67
-61.81
84.01
33.19
-36.04
-10.6
-21.41
13.88
-33.56
-0.4
3.16
-56.61
-15.85
-0.45
-11.89
-2.04
-9.03
-48.51
-30.96
-46.28
-29.63
-0.9
-7.41
17.71
-100.18
-14.7
3.25
-24.61
62.84
11.08
-41.23
88.7
-75.03
-4.06
11.53
19.48
45.47
43.18
2.74
2.05
-9.89
2.36
-23.76
-14.48
11.39
-11.62
-3.65
-136.48
-10.09
-20.39
7.67
-7.54
-12.59
21.88
33.03
5.18
5.93
-35.25
2.83
-61.24
1.48
-2.09
25.35
68.87
16.95
-91.13
-13.93
21.91
-32.32
-11
-4.25
74.01
36.18
51.59
-2.44
-8.08
1.56
13.43
25.96
30
-27.91
-1.28
-3.45
-107.57
28.42
104.97
-65.07
17.43
106.53
40.9
7.79
-10.56
21.78
51.77
21.11
-9.21
-9.25
41.31
20.46
-18.84
-4.56
98.22
15.74
24.7
87.37
11.3
29.92
-2.94
10.72
34.7
21.88
-98.14
-72.74
9.97
-83.47
131.44
15.18
-163.21
-12.3
-27.08
9.08
-132.94
5.53
3.26
-2.38
-7.23
-19.5
16.59
14.25
17.5
20.01
-13.25
27.35
8.5
5.71
1.32
-34.45
-23.44
-23.85
-15.13
42.98
-10.55
4.07
-4.93
-10.74
-120.88
7.97
48.17
11.63
-11.37
37.94
-11.95
-4.5
-13.86
11.28
-13.52
82.02
15.71
12.11
-45.62
6.29
8.46
10.26
-102.05
-64.49
188.27
95
4.38
-8.61
-93.86
15.65
-32.07
-64.55
8.94
0.83
-109.58
-32.07
59
-81.11
10.89
16.66
-96.6
-100.93
-56.54
12.76
62.05
10.54
16.6
-8.08
-5.24
-53.25
-3.96
-4.48
53.16
-20.71
-203.42
37.98
-5.31
-50.18
80.59
1.78
-14.4
12.62
3.36
6.18
24.01
9.25
-19.71
-67.34
80.61
13.9
2.36
39
16.66
101.47
-21.09
-35.42
0.87
-30.24
36.65
-11.16
-10.44
2.02
-5.03
-9.71
-27.13
-9.05
-5.06
-1.79
-2.94
-14.17
-6.81
-75.09
36.59
16.29
-29.69
15.87
12.59
-5.56
-39.77
33.34
13.88
6.99
3.28
-34.18
45.76
-8.92
-35.9
20.98
-7.05
5.08
-1.26
-1.58
43.06
9.98
-21.61
-23.64
1.75
101.97
-18.89
-7.92
-3.79
22.22
-110.39
-32.53
23
15.96
2.53
28.36
15.71
17.34
-38.76
-22.73
4.1
9.94
4.7
-30.74
7.21
92.37
66.79
8.28
-95.63
10.02
11.38
10.4
5.55
-10.72
-43.8
-25.13
33.89
-41.42
9.84
-15.04
-1.49
-13.07
