121.63
19.19
-14.37
-19.51
45.96
3.96
8.16
-18.32
6.6
-0.31
115.23
12.34
-16.86
-6.63
-8.64
-1.48
11.33
-102.95
57.54
26.17
9.34
15.49
-8.63
-4
69.73
-23.07
50.34
55.57
2.15
46.83
-94.03
-10.99
-21.67
40.28
8.29
11.44
35.84
10.41
0.2
48.13
15.64
-19.39
-11.37
96.7
-98.12
12.28
38.53
3.62
57.79
41.75
-15.11
-2.97
127.53
-29.57
60.26
-88.06
-31.83
-13.03
11.16
-11.84
37.72
96.01
9.91
-2.15
-0.96
-9.56
51.16
-36.43
1.15
45.51
1.7
30.84
51.76
-4.74
25.11
-14.76
36.51
-5.67
-71.16
-58.92
35.15
-14.36
35.19
-27.53
-0.42
-11.44
-13.43
107.29
-62.49
40.81
-9.98
-14.94
-5.96
-4.47
51.77
-20.53
-6.25
-11.58
39.8
-1.36
-24.23
11.09
83.03
6.86
-30.22
44.12
-13.52
31.14
17.36
-12.23
4.31
6.4
-52.35
-3.87
-28.1
9.89
31.09
123.49
-28.86
-3.03
25.25
7.13
10.08
0.04
-10.98
68.54
-12.13
-7.24
38.14
-24.04
-100.07
26.13
-4.07
8.1
-11.01
-11.73
19.3
20.58
-267.97
1.84
-24.82
-7.07
6.12
-44.73
8.06
84.59
11.53
55.78
-33
-8.3
-15.65
27.12
-27.13
52.34
8.12
16.53
-2.15
31.03
33.43
-26.06
-38.58
-34.58
160.15
-13.15
114.26
-0.08
18.5
46.94
0.48
55.81
-13.94
9.27
10.06
-5.31
-47.98
-38.13
-8.43
-7.34
-52.96
-0.68
17.1
-7.31
-3.39
24.34
-58.59
39.61
8.43
52.37
-32.81
143.47
-35.67
-8.36
-5.31
16.52
-9.9
26.96
-69.17
56.82
-11.4
-117.93
-1.28
33.69
25.93
63.23
-2.28
2.81
110.05
-5.36
12.26
8.32
22.19
-11.98
-67.18
66.68
45.92
2.04
7.94
1.94
2.57
-58.96
-99.59
4.71
32.9
-41.54
50.78
3.94
-97.35
-70.07
19.98
8.17
-92.85
6.81
58.77
52.21
-3.82
14.87
-9.6
8.35
96.89
-6.22
5.35
-17.6
121.43
-21.89
11.72
7.61
-10.31
39.74
-5.99
20.33
48.38
-86.69
-42.66
-47.12
5.41
9.94
-83.75
14.46
-58.06
-51.6
-6
-4.66
-282.45
-1.55
7.3
-3.34
-76.53
-8.31
52.98
-15.42
-3.68
79.47
-33.79
7.41
-193.15
66.01
-70.31
6.73
-6.89
24.55
-11.93
28.36
13.26
-21.25
-251.51
11.26
19.39
-19.97
-25.03
61.24
-1.03
135.86
-7.63
13.11
13.96
31.89
-12.17
9.32
-2.22
2.61
-33.24
-11.69
29.63
-6.22
-22.89
-164.39
-28.08
12.92
5.84
14.65
8.59
-15.55
7.35
-89.36
-75.95
-45.86
93.45
-9.12
2.36
-5.38
-3.55
25.35
-8.69
-91.76
-71.58
20.73
7.9
1.85
-48.72
-4.53
55.07
-42.83
-5.39
-15.89
48.19
-16.4
2.49
-50.67
44.94
-12.26
29.3
8.68
-0
-5.52
-6.81
-6.85
31.39
1.89
15.17
5.26
-1.57
-20.92
2.98
122.92
28.58
72.7
6.89
28.55
-84.66
0.72
-6.57
16.21
16.17
7.56
-12.33
8.51
-27.93
31.8
6.3
78.09
12.15
42.75
-9.6
24.97
64.31
10.45
28.76
47.19
34.73
-36.74
6.22
10.14
52.03
-10.09
70.56
0.04
-61.12
-6.03
-42.81
101.69
21.68
-43.83
-7.09
-0.16
21.41
-61.42
-10.32
46.99
-25.95
-52.61
11.25
-9.46
-3.66
-15.15
121.77
-16.1
57.5
9.08
18.24
105.2
3.99
-109.3
59.99
-103.21
-54.74
-20.22
98.42
-25.97
7.71
0.75
39.81
17.66
11.23
-3.86
-23.57
-25.68
-51.16
-30.15
24.58
30.41
85.88
29.85
12.99
-82.74
9.15
79.84
86.23
-14.6
-12.99
-14.45
-15.75
24.83
7.22
7.55
45.38
-11.3
8.13
-15.79
-44.79
-2.73
21.49
-7.08
-9.66
1.15
-9.72
-3.21
-88.93
-31.42
-7.2
1.99
14.44
10.72
-93.99
-82.61
12.27
-50.86
14.02
-5.16
-8.55
12.99
-101.13
-2.83
17.41
1.23
4.72
12.51
12.51
-9.63
87.89
41.39
-69.33
-13.82
17.8
-68.33
42.04
-18.11
37.9
-11.51
-3.81
50.75
14.83
61.19
-9.81
-5.84
60.21
70.76
-2.18
-57.53
-29.15
10.19
-14.43
15.76
-25.68
0.09
1.51
-0.83
-9.41
7.07
-4.95
8.56
74.83
35.47
7.95
2.28
11.42
-6.01
-184.87
-2.71
1.39
-11.95
-15.49
-7.91
-6.52
-9.37
-37.08
25.83
-36.34
-1.03
46.04
-149.3
-181.23
4.1
-15.27
4.52
-104.82
-14.55
0.64
-3.22
45.88
1.9
10.5
-20.64
-0.26
39.42
-47.36
-11.25
-11.17
-4.16
-23.52
43.09
4.05
8
63.06
3.05
-2.62
-26.06
20.77
-58.77
77.71
-40.61
12.59
69.22
8.36
-9.07
51.47
-8.18
-17.43
11
-25.43
-0.83
-84.48
65.28
29.1
22.26
-9.56
-15.31
3.6
-49.21
-9.53
1.29
4.05
-18.77
41.28
3.47
-12.01
92.14
7.9
84.76
-3.47
-21.56
-4.36
11.4
3.83
6.2
10.08
-26.21
-69.27
23.42
-11.05
2.63
36.9
10.61
5.97
0.52
86.44
-25.13
-52.35
-119.91
-43.15
-4.28
-78.86
17.65
4.71
8.13
-12.26
4.49
-112.18
-22.6
-12.09
-56.71
-10.39
96.62
-3.24
-18.33
-13.13
23.94
10.18
-115.34
11.31
11.65
33.49
63.92
-11.4
117.84
20.77
-84.19
112.1
10.35
19.61
-9.27
-38.81
2.53
5.22
87.49
32.21
61.37
-7.83
64.86
-6.34
-100
-5.54
62.8
-98.05
-24.64
59
-13.37
44.21
-14.87
-1.69
-12.42
1.84
-44.31
-2.87
-5.61
9.22
-62.38
-13.14
1.71
5.75
15.72
-13.66
2.98
-4.43
170.54
14.23
-7.75
-157.06
-16.91
-101.02
-9.06
41.69
-6.86
14.12
-31.5
6.85
-23.42
-14.6
79.77
-26.65
-4.16
19.86
30.94
-0.92
4.02
-90.09
-10.69
2.57
12.11
-11.15
-7.15
9.16
-23.69
26.23
11.52
-4.81
-10.67
-5.97
9.5
-4.68
-32.63
0.11
2.56
-9.34
-6.12
-12.35
-28.47
16.87
4.98
-3.91
60.26
-30.73
0.25
8.62
-0.63
22.78
-25.39
10.93
-12.4
0.84
24.82
-50.22
-3.08
-93.2
10.28
11.98
-4.21
31.68
-11.63
-21.48
14.44
15.24
2.45
65.96
-4.6
-21.92
22.33
8.57
-3.68
-128.33
-4.54
-66.22
14.22
-0.83
-46.27
-24.53
0.31
23.98
-20.89
14.57
21.31
1.2
52.89
-2.55
45.03
20.42
-12.63
13.58
103.77
-7.05
55.07
-1.56
-2.2
-26.44
90.21
-51.27
73.21
46.05
-8.01
-7.08
-108.37
53.63
-12.04
43.15
-14.23
44.73
67.9
47.23
1.23
-39.87
33.69
6.59
0.17
37.27
-105.05
8.61
3.95
32.1
0.91
155.68
-52.37
36.49
29.65
-21.11
7.91
3
-28.97
-27.9
-5.24
12.26
-37.32
-9.51
79.04
14.82
61.09
-12.92
-14.48
4.76
9.35
53.68
-18.08
-15.98
44.83
202.93
29.86
-3.34
-7.65
-56.21
6.97
-7.14
-108.09
75.59
-6.52
42.41
-27.47
-15.52
19.42
104.89
0.51
48.44
-30.15
-113.86
-3.47
7.33
-25.64
-2.34
-13.09
-13.35
87.81
6.84
34.44
-5.41
7.77
3.25
7.36
45.6
-7.16
-71.32
3.59
12.65
-10.21
21.77
-192.18
-7.47
31.99
85.26
16.94
-1.58
-35.93
-27.15
132.39
-27.22
20.6
1.97
39.97
46.78
-31.52
15.35
-162.8
-17.01
4.48
-2.33
8.31
-9.23
6.11
-9.74
48.88
13.05
56.81
-32.52
49.37
-5.17
2.04
3.45
10.03
0.67
38.47
-8.85
23.28
5.45
-5.97
-22.19
39.77
-37.32
4.68
-34.89
-10.39
-60.9
-25.35
-14.16
9.21
23.49
-84.75
-6.95
-30.18
-11.45
-18
-6.05
-4.84
-10.56
11.29
-6.08
58
9.43
59.82
8.66
-111.02
33.84
-10.76
39.1
12.69
173.35
18.65
-31.12
-4.91
-12.77
-13.63
1.06
-11.47
2.72
-90.91
4.1
-49.95
-73.23
-6.52
100.67
13.67
-29.53
23.79
-5.33
-114.75
10.09
5.57
1.01
-22.66
-5.59
43.63
76.02
-10.74
-5.35
9.78
-2.19
-12.04
-5.63
-54.69
-23.76
0.18
41.16
10.72
18.23
90.87
9.63
44.64
-9.24
17.99
9.26
-3.41
8.09
-19.49
0.39
-102.03
-9.33
-206.9
9.54
26.24
23.04
-0.63
-3.88
75.4
3.87
-7.27
21.45
7.39
12.08
7.1
11.51
25.26
74.36
9.56
-38.25
-73.11
-4.71
53.88
-71.51
-8.92
-5.61
-12.11
-23.65
5.57
-54.75
-8.33
5.21
-1.65
-16.17
-0.05
-0.36
31.66
6.81
-0.1
-20
9.23
78.27
2.98
-3.92
-90.09
