-9.53
-82.48
-172.22
37.13
-28.13
-13.48
-74.07
30.24
-107.02
39.79
-45.59
15.68
10.11
11.86
3.99
6.55
10.9
68.76
12.61
54.81
19.96
-16.37
-63.71
-14.21
28.26
81.1
9.58
9.2
-23.81
-12.13
6.44
15.56
-5.93
-55.75
3.46
64.7
-19.3
2.34
18.05
39.82
-32.9
-3.27
14.87
21.96
1.52
-41.64
-4.31
4.42
-92.05
-7.07
-1.15
-5.18
190.93
-1.95
-70.93
29.49
59.22
-5.15
-7.9
-198.82
-0.4
-2.13
-4.2
-94.71
1.86
21.25
26.73
-15.76
-29.31
-5.02
-11.82
27.19
-191.98
13.04
57.78
7.35
-12.58
5.17
1.12
5.06
27.26
-17.88
4.36
-6.93
-27.95
84.19
-5.82
35.39
14.4
-6.64
-69.64
147.8
-15.01
27.22
-90.44
13.71
-0.44
16
-1.43
-6.24
-1.9
-92.86
-15.98
29.91
-7.01
-1.03
-49.33
6.9
-21.53
-0.94
-2.33
7.11
4.4
27.04
4.83
-40.55
-22
-49.8
46.94
-27.97
-4.67
-69.76
-152.55
1.67
-7.33
-100.85
9.77
33.96
-43.01
-7.03
95.03
-66.5
5.28
-7.59
0.15
21.31
-12.58
-18.08
-43.16
12.08
27.62
34.28
-1.59
0.69
12.26
-97.3
34.48
-12.96
-6.97
84.7
-287.21
25.55
-5.35
0.03
-62.81
-2.96
41.85
0.26
-98.11
1.12
46.24
-16.45
-4.43
-5.33
61.89
-15.13
-5.62
2.13
3.53
-6.56
22.69
49.24
21.6
15.32
60.6
-8
-15.4
-35.49
4.52
-13.32
-1.71
23.74
14.3
3.73
30.7
3.18
5.39
-14.3
6.4
-43.58
34.79
48.41
-17.58
-11.41
30.81
-4.2
-4.84
6.86
-0.72
-81.75
-9.15
28
-104.92
63.48
-53.91
16.8
9.02
5.27
3.25
79.35
92.63
56.69
-41.17
10.31
-6.24
5.32
8.98
-5.33
-35.06
1.16
-5.84
-10.91
1.8
43.1
35.1
79.48
-26.43
-16.86
35.56
55.11
-10.6
-22.44
-8.8
-0.37
-7.68
-12.57
-3.69
91.55
3.94
-44.54
2.56
20.49
-3.15
-2.77
8.92
-45.54
3.29
-3.05
29.96
-1
-9.74
5.31
-9.54
10.08
-2.49
-21.23
-69.53
-12.8
9.16
33.32
-5.73
-63
34.68
-9.46
-69.54
7.46
-9.59
7.67
11.59
-7.65
-36
-9.53
-42.82
156.54
-6.75
-4.04
43.47
-4.91
-23.56
66.52
6.26
-5.21
-57.67
11.04
9.53
136.22
109.03
-26.2
11.67
-88.98
-37.72
59.59
4.38
-12.12
27.1
9.46
41.33
-40.64
-11.43
54.67
-32.17
128.61
-10.85
-12.98
72.47
6.15
101.64
34.38
62.82
-25.14
-154.19
-4.16
-1.66
2.79
12.47
54.11
-10.8
-9.39
-46.74
2.07
-13.83
6.05
1.98
-38.29
-5.63
19.92
-4.95
-76.1
19.2
20.76
2.3
87.38
89.93
37.28
-6.47
143.77
-0.31
-1.95
10.17
13.65
44.24
30.13
5.04
-138.95
117.28
8.22
10.45
-83.76
16.56
-15.2
53.3
-149.38
-48.88
72
4.17
-32.13
44.15
-5.63
26.05
6.44
14.63
-44.49
13.56
-35.08
-12.94
-0.28
77.32
1.52
-36.7
8.19
-24.81
-75.23
-35.49
49.68
-9.65
-3.36
42.19
-4.19
51.25
6.12
18.56
66.98
12.51
-2.98
-22.02
67.29
-1.23
-7.14
-4.98
52.28
-21.72
14.28
-28.74
-12.93
-30.16
3.28
-3.98
122.63
-8.37
11.24
13.54
-49
-64.5
-37.72
-24.29
8.33
-49.29
-253.53
1.18
-10.99
-81
28.74
-4.79
8.49
0.25
22.36
42.26
13.59
-5.12
-6.06
-10.07
-78.72
-22.58
9.74
13.79
-4.52
157.48
1.53
-11.16
12.79
-16.6
-30.62
12.67
28.36
26.95
-43.94
-17.63
11.91
62.65
-14.1
18.81
-11.73
5.69
107.89
-1.93
12.91
4.16
5.34
-28.83
97.05
128.92
-27.86
4.32
-11.51
53.23
-98.76
-12.14
6.86
78.58
53.13
-2.62
4.32
1.96
9.01
-5.7
-68.58
4.54
21.43
0.34
28.18
15.02
-69.93
30.59
30.45
-52.84
42.19
7.18
31.19
-35.06
49.82
24.55
2.27
16.4
-24.22
5.02
9.55
-29.61
9.13
33.86
4.76
-13.65
16.67
-8.67
-7.93
-15.44
6.97
11.97
-3.98
8.98
75.49
11.22
-17.41
10.82
-11.22
-2.8
-7.22
2.75
-8.08
18.9
105.31
11.94
-106.33
-21.5
-8.05
59.61
-9.39
-256.41
-40.3
54.69
-43.2
31.91
6.4
34.77
-28.59
50.51
-108.17
7.9
-18.73
-8.1
-0.18
-210.05
10.27
-104.65
-8.31
7.04
-4.57
-9.38
-10.6
63.59
-47.52
25.47
-5.08
-1.68
19.96
-43.87
-79.19
53.55
10.56
40.11
88.94
12.06
-5.02
19.07
-67.22
-30.98
-7.64
3.76
-17.31
-11.39
-40.94
4.43
-13.62
7.65
46.98
56.65
-5.6
4.76
-21.28
-26.51
40.21
7.59
3.97
12.9
5.18
45.75
91.47
-11.81
-9.24
-3.38
15.92
-13.97
58.72
-13.5
16.15
6.03
-91.99
-5.9
-5.1
40.76
-11.98
-2.59
-106.72
72.03
59.71
33.23
286.72
132.17
1.47
93.53
43.15
6.52
46.26
-9.8
7.49
17.85
9.47
-1.21
-9.36
-8.94
51.51
-15.97
-13.83
-14.02
-16.01
5.44
-4.43
2.19
-8.04
-17.29
6.44
117.12
-35.39
-40.59
-0.4
-88.37
102.31
7.27
-5.37
10.56
48.23
-1.45
-69.01
-24.14
7.2
-89.17
-108.44
-84.73
-147.75
-5.64
-21.55
53.52
4.79
-26.44
-48.62
24.44
49.47
-6.78
-38.49
-5.47
86.3
21.36
-15.31
-50.47
-15.22
2.29
32.18
-3.96
1.36
87.48
-7.81
-55.82
-29.99
49.65
17.54
-43.73
11.87
-124.37
-30.59
-132.44
5.3
-87.02
-3.51
-119.25
85.76
-53.89
-160.12
-3.88
-3.78
55.36
-53.16
-8.69
3.69
-63.28
6.17
60.33
64.96
1.71
55.77
5.34
73.7
4.32
-3.63
47.52
0.55
-13.52
-105.78
16.89
43.21
7.89
-136.69
88.17
-234.54
29.1
42.87
21.19
55.03
-132.5
11.32
-55.8
9.78
64.41
-13.9
6.78
14.84
-24.05
34.26
-10.84
23.15
7.93
7.77
-20.25
-0.53
-137.11
-17.36
9.87
49.45
-99.7
-19.53
12.77
70.56
-15.63
-25.42
16.17
52.45
7.7
8.7
-0.5
-29.43
-131.22
5.28
-8.87
-133.39
13.21
49.5
36.64
24.68
2.68
-6.53
5.97
46.1
-12.56
-12.42
-65.94
19.07
110.12
10.66
-10.65
52.09
-14.72
112.2
-0.35
10.81
-257.74
-54.32
19.81
-20.31
17.52
-58.47
-22.34
-3.13
20.02
-123.46
2.04
-7.08
23
-49.2
4.97
9.01
32.19
45.21
-9.69
-8.03
-88.38
-64.01
-27.39
9.87
8.2
-3.22
-16
80.56
9.5
1.99
-121.97
89.73
6.75
-39.34
12.04
14.68
-80.57
50.32
8.78
-12.4
-19.78
-41.22
7.52
38.52
-0.79
-50.03
70.02
-4.91
-5.61
-45.84
10.91
8.01
3.12
42.2
-7.88
-63.26
1.23
5.52
11.21
1.28
-14.25
2.7
27.26
-8.42
-2.3
-7.16
24.9
-31.28
51.9
4.98
-4.57
55.38
-19.81
-12.28
6.44
70.08
-88.46
-0.92
13.48
48.02
-5.56
-32.09
16.43
20.67
13.88
-93.81
65.31
-1.99
-9.23
56.07
3.6
-58.77
-4.97
-30.17
8.12
-17.73
-73.86
31.86
-52.76
-4.34
-46.41
3.45
30.33
66.76
-25.61
15.5
2.31
0.37
84.7
-26.55
55.55
17.42
6.85
-7.3
-14.86
73.39
45.27
0.86
-32.15
-1.92
5.9
52.27
-112.61
-19.77
-1.9
4.6
-44.85
-31.23
36.31
10.86
-7.19
31.26
-3.98
-13.02
-16.08
-10.94
7.69
8.88
-208.31
46.09
3.47
7.22
-4.64
0.17
-131.63
10.74
-39.7
5.48
5.09
-19.96
-9.58
-17.99
12.18
2.2
40.42
-1.33
-8.58
79.58
27.37
6.63
-36.95
-8.97
-4.12
-27.33
-6.83
-0.91
166.81
-2.82
-4.38
6.11
-14.71
-15.59
9.4
-11.52
-1.71
-5.57
-0.1
-3.9
-13.92
-10.32
-90.73
-90.49
5.93
-7.24
59.92
-13.13
1.57
35.49
-9.72
-13.46
-87.01
32.16
5.74
-49.66
14.46
39.65
26.92
-15.56
-19.16
-18.19
43.45
5.98
84.39
-56.84
12.82
-21.13
-4.27
-88.34
-147.05
-5.75
-8.66
-1.52
138.46
-8.57
-72.47
-73.15
-2
25.23
2.76
8.62
-50.9
-1.32
4.88
7.5
4.08
21.82
26.66
-13.38
43.68
-1.7
17.14
-152.57
-6.36
-96.87
8.05
24.11
10.37
16.41
38.74
-6.58
-27.43
-30.69
-7.82
7.55
56.54
26.38
-8.2
-98.17
45.89
-78.16
-21.56
-68.67
72.73
-16
68.09
-8.61
-5.69
-47.89
-95.38
10.55
12.42
-17.81
