30.95
12.96
42.34
75.41
-70.23
13.56
-22.74
29.26
-97.19
-4.67
-10.98
-82.44
28.91
9.25
22.67
-70.69
-53.39
-190.43
12.63
43.76
52.44
-7.05
-9.14
-60.5
38.91
51.37
2.46
11.32
-50.69
102.14
11.83
60.68
63.82
46.54
23.22
-88.45
30.9
-12.73
14.26
-199.83
-1.81
2.9
5.97
-8.77
-59.86
-90.04
-5.01
-6.87
6.93
-5.13
-7.09
2.56
6.63
-9.92
-34.98
60.51
-4.6
10.43
56.82
-2.24
-72.41
5.62
-8.68
-13.01
41.63
-18.31
-77.32
13.32
-4.23
-34.8
-22.86
37.87
51
-48.37
43.26
-0.35
5.39
78.86
91.62
81.73
-12.57
-23.77
3.99
-28.58
43.8
-11.68
-9.99
9.15
1.81
-9.38
10.27
-6.3
3.38
2.37
-5.18
4.53
-3.76
-9.38
-34.34
14.42
-6.31
10.58
2.49
44.45
-8.11
4.61
-6.42
31.23
14.34
-15.68
-1.25
-79.27
-115.56
-46.95
15.65
3.9
-29.89
17.74
91.48
13.8
20.31
48.97
-112.89
13.29
27.57
1.8
36.06
59.45
-70.8
12.55
-18.43
96.51
77.25
0.2
11.62
3.5
-101.99
-9.49
-22.51
6.34
23.6
-4.31
-6.88
12.52
-7.88
-47.74
-29.13
0.62
-38.81
8.46
-0.18
-33.44
85.39
15.09
-10.15
-3.11
18.27
-7.04
8.97
-24.9
-162.48
-17.1
7.27
-16.1
-8.07
6.61
6.45
-6.21
70.29
33.13
59.77
5.41
30.72
-93.29
-414.33
6.69
-4.98
7.31
14.03
-46.02
-11.12
42.7
34.9
8.9
-1.56
58.37
-78.55
-7.65
-44.23
39.4
-94.02
-34.94
-21.75
-8.08
-40.31
-14.99
1.43
39.71
53.57
-82.99
4.45
9.52
9.09
-52.96
-46.09
22.66
-76.63
13.36
-82.81
8.62
-51
113.52
67.86
2.4
2.98
14.56
21.58
7.57
-7.24
-40.09
0.04
64.89
-33.29
10.21
8.87
-36.32
-9.71
-6.1
-15.45
89.53
-6.18
15.46
29.05
57.85
62.59
32.36
-59.48
-12.43
-14.69
82.35
40.98
-4.77
61.92
74.7
-3.46
29.84
-8.48
89.88
31.83
-8.55
-75.12
-0.07
14.51
187.63
6.21
120.99
-51.43
-2.32
-11.68
29.04
9.34
62.44
65.65
71.64
34.72
46.56
-19.3
75.31
10.96
-30.38
-12.46
51.63
-8.26
1.63
-80.69
23.8
37.69
-4.43
82.28
-28.02
-51.45
-68.06
-6.41
-11.89
4.41
46.89
-8.9
17.96
9.69
-24.96
-1.58
15.4
23.69
-5.97
1.23
4.32
10.28
-53.17
-8.77
9.65
-26.19
-48.54
7.81
-7.43
-67.74
25.56
98.4
-47.79
-3.17
55.32
3.33
56.57
64.77
3.44
-78.76
-82.71
-15.18
16.42
8.46
-6.38
8.65
-48.2
9.31
-10.58
-42.46
18.54
8.06
-0.19
6.59
-0.04
1.65
-12.67
-3.81
-55.81
-2.22
125.34
96.44
-77.02
-17.1
59.5
-0.72
52.93
5.85
-20.61
3.82
20.14
0.41
21.67
-15.97
-3.39
-63.04
20.63
-78.02
-1.76
-44.42
14.49
36.72
-56.88
-13.07
-2.84
-12.3
4.14
-10.76
-10.71
-72.06
-102.62
-13.98
-8.1
-143.59
-127.3
-13.69
-33.72
6.23
-43.76
96.41
7.47
-4.98
-9.8
-129.04
10.01
16.07
-140.63
-98.86
-30.19
-0.05
6.03
4.82
9.36
-22.92
17.84
3.33
101.5
-16.21
19.64
114
-3.95
10.06
60.88
12.81
1.11
-0.74
2.14
-158.24
8.08
9.98
-157.32
-19.07
-43.28
106.97
-48.36
-13.46
9.78
-1.25
11.53
8.69
61.15
-12.33
-13.65
61.34
94.8
8.03
-220.1
3.94
8.77
-3.94
17.37
57.83
-9.1
8.8
-5.87
-35.08
44.75
-28.75
-30.39
37.94
25.45
-12.83
-64.94
7.05
-25.77
55.62
15.54
-66.11
46.59
-56.46
7.05
45.33
-7.76
57.95
25.3
-1.86
-14.65
41.72
3.56
-5.96
-27.37
-18.28
37.1
-34.43
-5.1
0.11
-6.83
-9.97
32.6
-2.77
52.91
104.3
-4.53
-24.37
34.48
1.95
-63.86
5.62
23.2
-14.11
-28.68
-5.66
-11.03
-88.17
11.8
87.47
132.43
1.9
7.03
8.47
84.67
-127.79
-7.55
57.66
6.94
-2.56
15.14
96.95
-36.23
31.49
-45.81
7.92
-100.91
-8.99
-36.73
-92.31
-37.17
6.99
4.78
55.49
67.25
9.82
-9.59
-50.63
8.26
53.58
70.54
-0.73
14.19
43.54
27.87
70.85
-88.43
-61.65
35.49
-12.99
77.86
66
4.91
71.58
42.19
22.05
9.05
2.92
-21.17
-7.78
-12.58
18.18
-6.06
-5.3
-12.26
76.36
-6.38
26.69
43.84
73.6
11.97
19.98
32.64
7.43
-0.25
21.27
96.14
17.73
-50.88
2.52
32.81
149.91
49.65
-63.08
5.15
-11.64
52.61
-16.05
8.94
-106.63
-82.61
79.03
-8.5
12.88
9.86
64.22
-3.69
-7.1
74
-10.03
34.36
-0.2
-9.47
5.61
74.89
-114.75
8.28
5.53
-3.57
-8.66
8.89
9.78
-10.58
-59.39
12.79
-37.59
-4.4
38.79
43.61
-110.01
5.07
-85.3
-12.17
-10.49
6.24
-5.94
-68.34
40.33
35.6
-55.44
73.62
60.02
57.19
-46.55
-51.2
2.94
48.52
-16.45
122.59
-19.15
8.93
-7.73
29.09
-9.83
9.99
-64.74
-9.92
137.07
-3.87
8
5.9
6.12
-12.63
3.72
39.48
11.97
76.81
12.88
-14.18
-109.49
-33.52
4.32
2.6
13.4
-71.11
21.15
-3.63
-33.41
40.07
56.53
-1.08
16.73
-7.35
-144.4
18.9
7.2
-63.59
-13.25
-0
1.06
-24.52
-5.21
9.94
-102.43
-90.97
-7.74
21.81
-8.65
138.95
-9.59
-1.33
16.57
-105.48
5.3
23.27
23.53
-7.61
13.63
-12.48
17.45
2.71
-6.71
38.67
-0.93
19.65
-78.24
53.49
33.23
-41.91
-76.57
-32.18
7.03
-9.56
-0.57
-61.21
7.49
62.21
-14.73
6.41
17.03
104.96
-23.67
21.57
5.47
-14.49
-119.74
-59.61
-89.12
-2.56
10.31
51
-28.13
-9.15
-18.95
-11.61
-5.53
14.39
-71.18
-62.56
39.71
65.16
58.71
-30.93
5.18
32.04
1.46
-85.36
8.19
-12.8
45.17
-102.72
92.09
17.77
-33.22
6
15.52
-49.16
21.09
-32.06
9.72
49.01
8.06
-3.08
0.54
-3.48
-5.86
4.88
4.49
-6.42
-3.36
21.21
-2.39
39.24
4.95
167.44
16.05
-158.96
-14.03
1.95
45.1
19.42
-78.14
10.03
3.63
-4.35
64.59
-16.63
68.48
-17.96
109.63
-20.09
-11.12
-23.39
48.43
5.35
1.47
-29.01
82.99
-4.1
-1.23
-12.61
-72.24
10.28
-9.95
35.29
10.68
65.6
2.4
22.16
-170.25
-53.45
-24.22
24.75
5.77
-21.75
50.32
69.15
116.21
-11
85.76
-43.49
-13.48
11.74
-49.46
25.27
-8.49
7.14
-9.55
1.28
9.4
-0.3
0.36
23.74
-43.31
0.42
17.53
-62.37
-17.05
49.55
-9.61
66.43
-33.2
6.83
-35.45
80.99
-13.72
-6.83
29.75
24.31
10.97
-7.24
-9.23
-0.41
33.29
-65.49
-10.95
-46.87
17.59
-83.21
-141.91
-0.86
106.89
30.24
4.2
-15.9
3.9
-3.15
-56.37
22.73
45.24
-25.61
0.4
-7.21
-124.05
24.11
13.84
6.96
8.81
-12.92
7.04
4.5
3.18
-26.01
6.6
53.19
7.16
-40.22
-48.69
2.7
-22.14
-153.96
-58.85
10.27
86.52
16.28
13.3
-6.26
22.88
33.28
-9.19
-12.95
-50.27
-72.53
22.74
-31.34
22.86
33.57
-88.83
-48.05
65.29
8.58
-144.25
70.35
-78.37
-19.68
2.57
-54.11
-3.87
51.11
-8.7
51.59
10.87
-28.43
-8.04
-100.9
-73.6
107.98
10.2
3.48
192.66
-5.44
-12.05
10.92
-30.06
-4.06
-415.15
-8.12
35.25
-12.24
18.71
-1.42
3.48
2.67
-95.5
3.68
-8.87
50.43
-9.43
-7.7
105.54
-8.37
18.19
85.89
74.85
11.76
-1.03
6.21
40.33
51.15
-16.18
6.05
62.88
-45.88
5.84
11.57
180.32
-150.21
-13.05
-17.32
-5.27
-2.98
34.61
-7.62
45.89
-5.34
25.66
-3.63
-20.69
17.49
-59.92
-16.47
11.7
-5.95
-3.32
-159.03
11.56
2.56
6.83
2.84
2.26
-6.67
7.11
94.58
4.07
44.22
13.98
-37.18
10.46
5.75
9.66
-30.28
-1.57
11.86
6.28
-13.07
-4.7
-3.9
32.87
-48.1
16.49
22.49
38.58
-13.11
-3.51
37.62
65.32
-91.21
-17.89
-24.84
7.29
-28.51
37.09
-7.62
14.15
6.05
-17.22
19.99
-38.89
42.46
-14.84
24.71
-11.47
9.49
-67.6
-27.55
9.4
-88.56
-119.81
-2.2
9.88
62.21
4.29
14.66
7.58
-104.14
13.8
26.08
19.22
19.16
12.35
-4.86
3.76
-50.31
