-8.61
5.85
-55.69
-66.22
21.01
97.45
-108.61
-19.43
50.98
-49.24
4.69
43.71
-19.81
-1.35
-5.56
-55.8
23.75
4.47
37.84
-28.72
9.61
46.79
-1.11
2.02
2.5
17.95
2.78
71.67
7.26
-1.57
-17.04
10.84
-117.35
15.67
72.59
-35.88
-4.46
-174.01
39.27
-82.71
13.17
13.6
-60.59
-4.75
-10.52
-8.07
-13.41
-106.65
-1.47
-63.02
19.09
71.91
-51.68
-10.73
16.13
38.65
-14.13
84.45
19.25
-47.36
-11.42
-8.81
29.87
-6.62
-12.16
2.14
47.98
40.9
51.37
-43.9
67.23
6.44
21.01
-78.19
-59.57
7.37
-14.85
51.85
-7.27
-5.83
-15.28
-10.07
-140.54
35.71
0.22
-2.83
9.56
-9.15
-6.45
2.64
-10.61
-9.79
-60.27
98.28
4.54
-108.22
96.92
28.78
-0.76
-3.48
-10.05
19.24
-60.54
0.99
56.46
-14.02
100
66.58
-1.47
138.54
-11.25
105.28
-31.6
-9.1
-7.77
-10.05
-58.01
7.5
-0.54
69.77
6.48
122.15
11.39
37.9
3.21
-20.65
29.27
7.45
-11.57
42.41
-8.66
0.84
-12.38
-3.77
2.6
-234.84
3.44
2.54
-20.24
6.74
-2.16
1.58
-23.32
7.4
-2.72
106.21
5.26
-17.98
-40.3
25.34
9.58
30.38
46.87
-8.4
-0.25
3.26
103.83
-22.01
6.5
8.88
38.72
6.97
-27.01
-76.51
-15.68
20.91
8.84
-53.25
58.01
11.62
-15.58
34.31
-6.36
59.85
8.7
-12.98
3.84
-11.97
-34.55
34.59
93.46
-20.64
3.36
25.64
0.27
-10.72
-12.89
-6.02
27.28
106.84
-23.92
-16.45
-24.88
-41.29
-46.93
6.07
10.52
75.48
1.36
-2.04
84
-60.31
2.72
-24.87
2.02
18.1
8.46
-6.63
10.72
-82.54
-42.11
-5.13
-175.87
14.02
10.14
-40.68
-8.59
12.28
47.52
22.2
0.75
11.76
-9.92
62.24
-30.43
56.95
13.46
-69.83
6.91
10.71
55.73
-42.09
-8.45
-53
3.61
25.87
-12.45
49.77
-11.65
-6.23
-61.27
2.82
-6
-47.66
-51.72
15.93
-36.26
-6.93
-39
22.78
-10.9
36.16
9.58
4.47
-33.29
28.25
48.15
34.47
40.79
10.79
116.56
-22.51
13.96
7.65
-48.8
4.17
30.41
-20.95
-8.29
-27.09
-9.51
-10.72
-3.54
-10.81
-8.47
8.66
31.18
34.2
1.9
-18.78
-55.08
-38.21
-43.55
79.68
13.72
-131.18
2.3
-12.56
-231.76
101.23
51.15
-2.67
-0.94
-74.34
34.13
3.77
-49.74
11.78
-55.22
-45.75
-13.08
7.78
-4.17
29.31
-89.35
-19.7
0.82
-2.15
-12.57
11.73
0.71
7.12
-41.19
-25.6
-0.99
63.98
180.29
-144
5.27
79.78
-74.04
-8.06
-2.78
69.6
10.31
-50.23
-0.59
-58.53
65.94
-47.07
-5.76
8.68
-99.54
22.64
11.5
-10.29
-19.47
28.67
63.03
-17.62
-168.14
-32.18
-17.47
-11.6
-82.26
8.38
2.96
16.81
-33.25
-32.97
-95.69
4.68
-46.14
44.58
-15.24
7.57
0
27.38
-11.47
-13.84
-86.61
15.44
-173.89
6.12
53.94
16.05
-41.15
5.79
-60.14
49.64
-29.81
35.73
37.44
-57.94
-40.24
10.51
1.05
-10.79
20.17
119.18
51.17
-23.57
-108.35
-93.67
-39.59
-8.62
49.38
-37.65
-51.35
31.84
9.45
60.18
-64.33
29.43
-2.45
10.01
-5.71
10.02
8.51
7.61
-24.49
1.29
15.36
3.47
-20.34
-172.28
16.79
15.3
-6.86
8
74.76
-3.27
-1.24
-30.75
61.14
-16.66
-74.42
10.82
5.15
-29.01
-172.78
-58.75
82.5
-12.69
34.01
-10.93
42.87
6.88
-4.25
-4.92
23.62
5.42
-8.85
-83.94
-7.34
-11.97
-5.99
-31.26
16.02
24.72
-10.94
-22.72
10.92
5.13
25.46
-61.79
-9.53
-5.86
-49.64
-2.08
23.69
-38.64
-3.07
1.25
-37.47
-21.35
-13.54
-45.04
10.69
13.65
-2.76
10.32
100.83
32.5
-3.83
51.44
33.29
20.19
52.52
-13.31
-42.22
1.58
73
6.96
-87.63
-14.89
-62.24
5
1.44
-55.62
1.4
6.23
7.13
17.54
-10.88
3.66
-8.56
81.05
21.34
8.92
-0.14
8.66
-2.13
14.44
-9.49
-61.94
-68.43
14.48
-48.8
7.89
-34.02
32.94
8
30.59
20.89
-1.59
35.26
-18.37
31.02
-9.97
14.7
13.32
69.99
-80.07
47.12
81.52
5.22
1.16
2.4
11.21
-12.28
15.38
10.21
-81.73
-36.14
-28.07
-133.01
-6.26
-15.2
-68.23
1.65
14.03
-59
-35.9
36.38
45.39
-88.77
64.42
33.31
-28.58
-2.12
30.94
9.05
-6.16
5.28
10.47
-15.13
29.56
-127.66
131.73
-4.93
75.14
-4.01
11.57
-10.6
11.97
95.4
-10.52
60.75
11.21
-62.67
-149.38
-4.4
-6.88
-181.64
18.94
-31.72
24.22
-12.19
3.91
11.25
-36.61
10.32
13.86
-36.76
2.21
53.35
19.77
-15.02
85.23
-9.94
7.68
0.3
-40.36
-1.64
111.12
8.25
45.18
-0.11
-2.01
-2.68
-74.48
10.21
9.88
30.21
12.45
7.42
-52.83
118
-11.63
1.04
10.28
-69.59
-7.03
-6.73
-33.27
-7.56
-0.36
67.04
1.84
-64.67
65.61
12.84
6.98
8.03
6.99
38.02
-0.34
61.78
-1.25
-8.04
-6
-7.84
-11.72
-12.93
-8.37
9
4.09
-4.78
46.09
-206.74
66.02
-44
-11.55
23.3
-2.13
-10.05
-2.04
-57.33
4.58
-19.99
67.2
-93.21
-41.59
-48.98
45.71
-33.47
153.99
9.76
28.17
-8.06
292.34
2.15
23.31
-39.49
66.62
-104.32
-94.38
109.42
-13.92
-43.02
-16.1
-102.27
8.92
-14.57
-24.58
-35.12
6.82
7.2
6.36
15.39
66.52
-134.09
78.96
5.71
-59.53
-7.42
15.04
-6.39
34.2
-18.07
17.61
52.75
-7.75
-13.07
65.08
41.37
-4.4
-37.07
-5.16
-9.08
-8.8
17.61
-11.28
40.26
8.52
-0.55
-17.75
-12.95
7.81
51.51
-5.34
38.57
-22.92
-9.72
12.79
74.33
13.32
-1.08
11.18
-126.37
75.23
-4.4
99.37
2.83
20.98
8.41
-29.54
-52.01
39.4
11.22
107.71
-46.44
-8.46
9.39
44.18
6.67
25.62
-2.25
8.17
-112.68
4.92
-12.45
12.67
0.59
-33.25
44.4
16.18
40.03
-8.12
155.75
0.57
0.9
126.22
-57.98
-16.55
-16.1
-4.24
-12.28
32.19
-6.08
-37.01
179.53
10.28
0.99
-54.17
-2.73
9.51
13.52
8.3
-5.45
-92.18
-2.15
49.01
116.27
29.59
140.91
6.1
-1.64
3.1
17.32
-6.42
35.65
43.8
10.75
-61.86
4.14
34.17
1.34
80.64
-13.86
43.99
66.8
84.83
0.91
-5.28
30.69
8.08
-15.12
-75.41
64.82
86.08
43.76
21.52
90.92
34.66
54.9
6.02
34.98
35.35
23.93
22.17
36.56
73.55
-1.85
-117.63
-13.86
-6.49
53.55
-89.41
32.15
-16.34
23.31
-1.72
71.73
90.77
-32.39
-4.32
2.16
2.97
-7.17
36.89
-1.56
-9.46
85.99
9.7
6.5
-14.74
16.01
-52.38
52.88
2.14
28.04
43.35
8.16
-38.07
13.34
4.06
-9.82
1.14
-9.19
-10.57
20.17
4.42
-63.89
-33.99
25.63
41.29
-2.37
11.59
-8.77
-32.31
-19.2
22.94
13.81
40.28
3.07
-39.1
-228.94
-0.84
29.11
2.29
3.75
1.13
-10.39
-0.55
12.98
-39.99
4.78
-1.74
-36.95
-9.79
45.37
-2.14
26.74
-6.46
-19.09
45
-0.72
-37.06
-14.49
-7.49
37.06
25.91
9.01
-64.91
80.13
30.13
-21.15
39.57
-9.4
-5.12
15.17
30.07
86.2
-119.85
34.32
6.28
4.8
-86.53
65.12
-4.23
-69.08
-5.22
-3.34
19.4
17.83
-7.42
97.29
11.63
-45.27
-1.7
2.31
21.73
29.77
-35.18
32.92
2.18
23.99
2
-7.28
-14.48
38.89
-2.74
-0.04
11.15
38.37
38.5
26.8
-117.82
-8.15
22.97
-48.04
-35.59
7.45
6.25
17.77
3.2
2.94
61.07
-57.33
-7.52
5.51
-13.88
-5.39
-27.13
32.09
-49.66
45.59
-2.18
-30.41
5.47
-47.19
11.38
22.73
3.69
7.43
-64.25
-6.11
15.62
1.58
-7.02
-0.17
-21.62
12.93
5.47
24.98
-9.25
6.58
5.84
10.34
29.51
-42.96
24.07
8.25
-10.73
11.26
40.62
-43.2
5.18
-15.38
8.13
52.54
119.8
7.69
-66.84
-12.23
11.11
53.59
33.07
-10.36
-13.13
1.34
-19.82
-3.49
-25.74
-246.13
-18.38
-34.48
14.67
-1.67
-113.83
-12.32
11.75
-119.04
-15.52
175.37
7.36
99.01
-3.38
-15.77
39.48
35.53
-123.86
6.15
69.72
-57.19
11.38
4.02
13.44
-31.52
3.16
-13.43
-3.89
