40.9
-170.82
125.61
-2.56
-9.69
12.29
2.64
-13.22
-20.5
-173.27
7.21
2.31
-4.16
9.68
-29.81
-25.1
-5.9
-28.39
1.5
-3.06
-115.56
31.95
12.05
-126.88
-28.44
128.04
29.26
19.63
-5.05
-83.21
12.46
-6.99
6.14
83.11
36.63
-40.4
4.85
57.01
-58.13
-20.89
-70.5
-4.93
-4.87
39.52
-77.46
0.33
-3.84
-19.47
2.26
6.87
-122.98
1.29
16.75
12.87
-12.82
131.79
46.55
43.94
45.12
-5.94
12.78
-11.5
-9.72
-6.78
-49.48
49.59
-3.7
9.77
-4.89
-13.51
-13.07
-3.98
29.16
-10.03
2.87
-16.81
-45.85
9.13
-0.2
-6.48
-13.83
-30.84
-62.51
-172.65
-35.31
8.48
103.76
-7.03
-6.59
1.46
10.64
5.21
0.62
-7.08
10.52
30.74
34.62
-112.53
44.67
1.76
-116.45
6.29
125.59
6.45
9.34
18.76
15.73
-23.63
0.04
-22.1
57.24
5.19
-1.92
173.99
-18.48
7.33
-26.46
-7.8
3.6
27.2
1.99
88.19
6.21
-41.81
-6.53
-1.01
-22.92
13.17
-11.41
6.27
-99.2
73.4
60.31
48.71
-7.53
-159.2
-121.54
-11.35
3
59.65
-2.41
13.48
4.15
21.44
103.16
-12.71
51.03
-21.52
19.64
-35.57
-6.5
-4.36
20.13
-8.01
6.82
-4.18
50.4
-1.01
-0.38
-2.46
64.14
-57.48
6.8
109.67
54.51
1.83
-75.46
33.57
-62.52
-63.42
44.54
-2.84
42.82
95.66
8.6
20.85
-36.37
-21.19
8.68
-41.34
-25.9
6.35
-59.78
25.31
-9.73
-20.63
1.43
-2.61
26.05
43.65
-3.8
6.91
-79.88
1.64
-21.79
7.86
-37.41
22.16
17.48
2.87
-143.29
63.33
-7.99
-11.83
-6.08
-123.73
-37.34
-78.34
4.96
-17.47
27.51
-9.03
-46.68
58.12
-9.1
16.44
-7.91
-8.63
22.26
7.98
0.73
66.71
186.08
-31.96
-55.82
22.04
-0.1
-10.3
-14.37
204.71
2.21
57.57
-4.59
-7.51
10.74
-21.99
-1.96
14.14
19.16
-3.35
-39.32
1.81
-27.49
80.02
-56.21
7.42
-5.09
7.47
-1.35
-0.26
10.8
0.93
-26.31
-7.56
19.65
-72
82.04
56.42
-12.18
88.66
0.65
-16.88
7.92
97.2
-20.89
-10.35
-28.45
9.74
-148.39
27.05
8.34
4.21
-165.25
11.67
10.34
-10.69
-6.29
-109.28
-18.63
78.36
-2.28
-10.66
-4.76
-4.21
18.67
13.8
-11.8
-50.82
-82.74
7.17
-91.83
65.55
-17.37
5.69
10.32
-16.41
-10.11
-34.44
36.41
3.28
12.53
11.15
-68.13
-9.05
-79.26
-5.36
-2.19
-10.97
-56.62
5.69
-26.92
36.44
10.39
34.06
-67.35
-2.96
9.35
-5.78
1.45
70.72
9.56
-0.15
-4.08
-3.3
-20.18
-66.56
-301.15
-16.54
10.46
-41.37
82.33
-6.81
-14.77
-30.11
-2.07
8.07
71.55
7.88
-45.97
-5.22
-9.55
13.18
16.45
-24.29
-4.36
-41.54
165.7
2.53
51.13
-9.47
-26.59
-56.31
28.21
39.73
6.05
2.41
-150.09
68.01
6.17
-9.54
-21.4
-12.16
19.82
54.55
-41.79
-0.04
7.73
-9.22
76.59
24.05
2.29
32.17
-9.01
7.73
-7.21
-11.5
-34.81
7.14
24.51
-13.76
-7.76
-2.56
-11.75
-53.22
88.07
0.81
25.23
13.95
-71.44
-12.09
9.59
71.78
-31.11
4.87
-12.58
11.96
0.84
-176.51
2.68
2.12
0.48
28.55
8.4
54.33
5.31
-26.5
-4.62
3.12
1.11
8.21
14
-47.28
-17.8
-2.15
0.27
-19.09
65.13
11.1
-2.46
73.31
-80.08
116.91
20.68
-18.69
22.9
-13.07
-189.66
-6.98
2.73
-47.81
-30.16
8.02
7.33
-10.15
-10.7
76.01
4.27
-6.68
169.52
7.93
-17.42
-101.88
-2.77
28.98
-8.94
38.59
1.51
25.7
-44.45
-7.06
151.22
12.86
5.64
3.04
4.95
58.05
-1.22
-1.2
3.13
-25.88
-37.12
8.71
39.26
-52.81
-6.92
20.93
11.64
11.38
14.45
-434.42
7.69
10.09
23.05
8.56
43.42
-3.66
-18.18
-12.72
-2.39
-6.53
3.25
-10.77
-64.97
25.87
17.42
-0.41
-52.03
7.39
-46.14
2.59
8.02
-14.08
7.9
3.52
-14.69
3.68
-37.28
16.94
63.98
106.39
55.31
-202.38
-52.67
-6.51
-7.58
-33.39
-81.29
82.17
-14.6
-23.33
11.32
-3.69
-6.74
-8.83
48.2
-80.48
14.56
-6.14
60.71
-86.38
3.7
31.29
-12.95
-4.28
-62.36
-51.39
6.35
25.45
3.59
-1.19
11
-1.42
-1.37
-43.98
-4.15
44.9
16
20.72
-14.86
14.7
14.83
9.61
9.88
7.94
-13.17
2.44
-10.01
2.75
2.53
27.09
11.04
-39.19
-3.73
18.74
11.63
13.33
13.77
-1.45
-15.69
-7.13
-28.3
-210.99
0.89
-48.6
-105.92
8.89
-1.07
8.57
-10.69
30.1
72.85
1.73
-24.1
12.07
13.3
-68.48
15.58
24.22
36.63
-9.54
-6.17
-7.01
10.86
6.26
29.2
-80.73
-0.85
-20.57
-7.51
49.74
8.17
11.85
-34.42
5.73
43.16
9.58
107.38
9.54
30.25
-13.28
24.14
34.78
-16.19
-15.49
51.2
-6.7
13.62
48.28
-79.62
2.2
10.56
0.42
4.05
22.83
-0.31
15.96
80.28
-25.04
-25.54
-31.27
35.56
10.16
38.88
33.04
-79.87
5.14
48.13
-53.29
-3.17
-2.05
-14.96
63.95
-2.36
13.33
12.88
-0.38
72.25
-66.8
21.01
22.89
-16.16
56.83
-35.83
15.1
34.25
6.25
7.8
-8.3
-8.15
-11.16
-73.74
7.09
32.12
10.32
29.62
-35.67
-95.84
-58.8
10.66
-15.4
7.3
-67.2
18.24
7.24
-3.64
-9.68
6.32
-9.8
-69.01
-9.54
-60.57
-32.1
-0.62
-39.04
36.73
-46.03
32.38
8.71
-9.29
-11.43
-3.03
1.36
-2.86
-21.07
74.31
-13.93
63.48
93.14
44.53
7
-22.81
-5.24
14.93
-9.33
-55.16
-27.14
108.69
-9.95
27.26
-78.87
-59.56
94.79
-10.97
9.53
54.77
-39.59
74.59
2
-64.04
1
-69.81
-25.32
4.65
61.09
-8.26
-0.98
-111.68
-4.77
-33.03
13.29
-10.86
19.92
-2.13
-41.8
9.8
7.52
13.98
20.2
1.68
-37.89
-122.18
132.6
32.57
22.79
133.01
-154.39
3.42
6.66
-1.77
7.56
-37.58
-12.93
0.43
28.25
10.47
-28.93
-57.69
-4.99
-18.44
11.41
-64.64
78.87
-5.76
-2.48
4.12
-2.95
-12.37
-54.48
-0.4
58.69
-0.88
0.23
5.32
-7.69
-3.42
136.48
1.9
6.83
-80.47
-49.38
14.92
9.02
11.55
-17.01
-43.34
-2.09
76.13
5.97
-22.88
-30.05
-30.53
-53.24
7.16
-2.03
-2.26
33
-0.33
-11.19
14.61
-44.93
78.72
10.47
-5.82
-44.39
-9.15
6.65
37.8
56.57
8.92
17.18
-2.31
-3.73
-10.82
-4.63
23.42
-10.73
14.42
-5.39
26.54
-29.78
12.36
-43.52
-29.01
-254.97
34.98
-15.17
-23.2
14.65
8.3
-7.2
106.13
-16.56
-13.4
-49.73
-12.72
11.53
-43.96
49.63
-9.87
20.97
-8.23
-80.09
-2.3
-7.71
-27.5
73.2
-32.67
12.31
15.61
-39.25
-145.36
-183.61
8.45
11.52
1.4
-18.74
63.73
24.09
-168.96
11.26
-60.7
114.66
8.54
-60.3
-26.61
11.08
-0.86
-27.51
25.97
73.4
-117.17
-0.17
47.62
66.51
3.69
3.61
46.25
-7.18
-3.8
-5.68
-16.98
-85.4
48.83
-25.16
62.09
-5.08
23.37
47.15
-7.91
59.9
-20.64
-14.62
42.61
-7.12
-15.29
8.69
64.81
-0.75
-72.22
43.9
-8.55
4.94
9.54
-37.24
-89.8
-0.99
78.59
-180.38
6.51
-347.62
-35.15
63.8
9.23
-59.75
-83.84
2.01
-7.48
-13.85
12.59
-2.02
-15.03
10.25
147.4
205.46
-14.41
-17.85
21.01
-38.66
-36.59
-41.11
-2.77
-82.92
-33.03
9.2
35.71
-5.82
-23.81
14.08
-15.39
81.46
-9.33
44.33
2.01
92.77
-139.42
-1.07
-41.48
99.21
-14.04
-35.88
1.33
4.29
-3.25
-13.79
38.95
24.27
-153.69
-59.48
-6.75
-91.02
-14.89
6.03
-61.27
-2.33
67.92
-109.99
-92.42
9.02
3.45
-0.98
-14.99
-39.57
12.15
-16.62
13.56
20.69
-30.58
-84.93
1.63
13.11
-113.56
81.84
-1
-11.92
2.94
-1.12
-10.88
47.25
-19.89
16.74
26.71
-11.02
-70.23
-13.85
96.87
29.58
-74.06
-71.04
21.35
-22.33
-44.17
21.87
-22.63
4.7
-75.62
3.88
-35.02
2.36
-46.7
-4
-22.35
144.01
-10.04
-102.13
49.49
-3.03
0.35
-8.16
-6.17
-7.88
66.13
98.24
16.93
-24.56
0.82
14.06
-36.78
33.18
-9.5
-41.57
2.39
9.71
-5.82
35.05
