6.62
-3.97
56.16
52.26
69.34
60.1
11.74
46.91
-31.5
28.62
-46.45
-12.53
-40.41
-7.77
-23.98
90.37
-9.26
-41.54
-173.71
-22.33
-15.66
-27.1
-36.72
-40.81
-2.96
10.43
-2.05
24.3
-3.24
53.05
-110.37
32.09
-45.43
21.9
-29.69
4
-95.87
45.57
12.25
-35.34
141.65
7.9
-15.4
-3.05
32.85
0.82
70.38
19.19
60.15
-35.33
42.79
11.76
-10.09
-5.64
-16.14
97.28
1.38
9.33
88.91
0.98
18.35
-42.34
30.02
33.26
14.35
-34.4
-2.64
-6.11
-76.29
169.01
61.64
21.9
-18.82
-65.52
-51.74
4.47
62.82
6.55
-57.73
-23.33
-28.46
-20.82
6.22
129.81
-21.18
4.56
2.81
20.68
-26.85
84.96
0.77
58.29
37.26
69.95
-11.03
17.08
-35.1
7.93
175.58
8.99
10.96
-20.2
-16.73
58.12
56.71
37.02
22.5
1.72
-3.48
7.48
-2.73
6.44
-4.9
60.79
1.54
-39.54
-75.81
64.56
15.02
-6
-30.31
-41.99
-0.18
12.23
-77.18
-9.12
-3.08
37.48
9.96
-99.7
13.77
34.82
7.91
2.3
47.38
32.67
-12.85
5.61
117.86
-31.6
-41.19
6.83
-13.12
10.98
-10.15
50.66
-11.74
6.61
54.32
23.05
49.05
2.36
-1.06
14.56
-6.65
75.07
12.44
-1.5
29.58
27.2
27.3
15.59
-45.19
-28.64
-62.67
-6.5
2.53
-24.74
-10.38
-8.44
6.75
31.02
13.22
-2.83
63.55
0.75
21.91
-73.73
-13.41
20.88
-146.07
8.76
34.02
-223.44
-10.84
-18.05
-16.59
-6.08
-24.37
82.31
22.19
87.52
-87.63
-8.05
9.57
34.47
1.46
12.9
-12.14
9.5
8.89
-2.19
-8.06
-6.45
2.19
9.76
5.41
36.07
-54.49
-21.08
3.45
22.57
-65.31
10.37
5.27
32.39
32.05
-2.32
-146.72
16.38
13.9
-71.19
4.87
-7.8
17.26
-52.17
57.88
-87.94
144.02
102.61
-12.08
-16.85
-0.38
-20.3
-1.25
-128.37
-2.21
10.82
-6.08
-11.7
-9.59
6.82
7.46
-96.39
-9.45
19.68
6.07
-13.44
208
11.6
11.06
6.65
12.67
-2.28
-92.65
10.76
-97.37
-5.2
-1.92
-49.83
-13.07
-9.53
-9.8
86.48
-18.43
4.37
-45.16
-11.34
48.16
-4.85
-95
16.96
-5.05
3.79
10.49
9.41
24.54
98.01
77.88
-9.81
-36.85
21.92
1.97
72.93
2.18
9.86
-183.96
18.94
7.58
-12.83
-57.84
-8.95
59.3
-14.05
8.71
29.31
3.9
16.66
6.01
183.6
-14.51
29.33
31.53
-39.12
10.19
3.15
8.3
7.28
8.41
-17.45
12.72
-33.13
72.79
-25.29
23.11
-8.07
-60.01
14.96
11.26
-11.87
6.02
-75.73
-100.81
88.48
-68.5
3.93
6.62
9.89
17.73
58.68
0.9
4.01
-12.43
-86.84
15.71
15.92
31.44
4.13
-26.39
-23.12
-59.5
2.69
21.29
-1.61
0.23
7.79
-57.68
9.26
-18.44
-27.1
-13.45
15.93
-51.03
62.12
9.48
-41.83
-62.65
5.25
-55.11
46.44
79.64
23.24
-97.74
74.27
15.83
81
130.5
-2.1
11.94
-6.36
-5.57
-74.91
-14.59
51.13
24.39
14.82
11.87
79.25
8.02
-8.55
3.78
10.43
5.29
-52.64
2.66
-47.28
47.16
-16.81
-2.36
15.19
39.15
42.17
10.77
-4.55
3
10.9
-11.08
104.31
-13.48
-15.74
-7.52
37.77
1.57
-18.32
-11.27
27.81
-2.2
-5.11
9.07
9.5
32.04
-38.08
-13.73
68.35
6.38
-41.52
-20.9
-7.25
-126.05
5.57
-157.67
-195.71
38.13
-5.72
74.01
-7.66
-16.45
-42.96
84.51
60.84
-1.5
2.91
36.59
-8.15
-27.67
-126.73
-33.44
-95.5
-42.41
-13.21
4.97
11.37
-9.6
7.04
-48.14
-35.48
8.54
-146.98
-22.07
7.94
69.31
6.77
-58.15
15.87
15.12
-299.93
8.86
-2.53
2.59
-34.58
5.87
-107.71
5.25
-4.44
31.48
-28.21
86.49
-28.37
-13
48.14
6.62
-10.6
-31.08
-14.36
68.76
-36.69
-7.1
-5.02
-3.31
-56.68
-19.9
-18.62
-10.49
32.56
3.12
36.62
-8.12
0.64
3.7
15.17
184.74
-35.17
47.65
-48.05
3.5
-9.69
-12.47
-81.65
75.47
-6.81
-2.98
66.44
-3.04
32.04
0.72
9.91
-226.23
-29.39
-12.88
18.8
14.93
78.83
-53.73
-0.95
121.31
5.6
85.95
36.97
-10.97
-10.74
-4.48
-59.56
37.51
-10.53
0.73
33.32
47.13
-10.06
10.62
65.22
-10.13
3.41
3.35
20.46
11.79
-53.6
0.09
19.11
11.42
-12.16
6.28
-4.37
-11.74
4.17
156.9
-61.08
13.41
-19.25
3.46
18.38
18.29
-49.6
-30.76
-12.47
63.64
1.83
12.81
101.84
-27.22
-39.39
-9.6
2.47
185.28
72.69
32.61
83.02
22.96
132.3
1.91
3.3
-6.55
24.84
31.61
6.03
59.32
55.56
-74.87
2.64
2.2
39.49
0.1
6.45
9.39
13.63
5.66
-13
-6.03
-1.63
19.89
8.09
4.89
12.65
-6.78
94.42
49.64
20.2
19.81
-12.52
-38.01
130.98
5.76
-54.38
10.86
-23.72
-13.12
44.18
-3.97
-6.55
-2.8
6
33.25
31.93
-1.83
56.68
30.96
0.93
-47.08
2.65
-53.64
71.49
42.96
-14.43
105.93
4.91
13.13
12.78
55.32
-10.39
-42.87
59.37
0.53
62.12
-15.59
45.05
18.36
21.08
51.12
32.34
31.24
-7.53
3.62
-32.5
43.96
11.69
28.63
-6.54
4.14
60.99
35.34
25.36
-156.17
43.29
-42.1
116.21
18.77
49.21
15.43
9.31
40.32
-151.95
-9.41
6.04
60.55
-38.7
-1.55
45.19
-107.87
65.04
125.29
-63.12
1.2
-1.33
-12.11
3.24
22.94
3.93
-12.36
-5.92
7.08
-68.73
31.78
4.59
-54.23
68.98
13.86
20.63
1.63
53.99
14.29
24.53
8.32
-11.46
-4.03
15.35
-28.65
-13.31
79.09
96.53
34.81
-3.95
69.63
-7.33
28.03
9.75
32.62
-8.47
-11.45
34.74
0.09
-94.35
-44.8
-0.79
133.25
-18.58
1.96
-8.33
100
122.31
38.86
-8.6
-84.1
14.27
0.94
8.49
6.07
-29.91
-63.07
-5.26
-3.3
75.27
-30.08
0.09
10.51
12.09
65.25
-6.26
-21.83
3.5
9.44
9
18.39
-55.08
16.9
128.53
-8.96
49.82
27.08
-42.74
4.88
-3.35
4.6
-21.2
56.97
-2.41
-82.07
5.39
12.08
78.05
-9.75
-48.38
25.98
22.24
-43.64
-27.26
-13.59
33.19
49.59
0.08
59.7
-19.57
-0.51
52.31
28.93
10.7
62.36
21.23
58.58
-13.12
-13.92
-7.1
9.11
46.38
-182.76
-50.64
35.17
60.9
10.86
-3.39
-5.89
1.01
6.18
-95.46
-4.36
-30.57
11.69
4.49
6.41
43.57
-70.5
-18.97
-66.17
70.95
8.58
-55.26
-1.05
-26.65
-8.85
-24.8
-3.92
-51.25
-5.06
-8.69
79.08
63.38
-2.36
16.3
21.25
-59.49
43.87
12.87
103.23
22.69
-5.13
-7.48
59.76
-124.11
-12.35
10.85
-0.28
-17.56
-5.77
8.63
60.53
56.37
-40.07
-40.93
3.93
0.74
-1.72
-5.97
3.17
56.87
48.09
2.43
-92.06
7.09
4.47
-46.26
1.92
-66.22
-266.55
71.75
-122.32
13.5
6.6
12.69
-30.22
7.06
11.05
9.43
85.91
-0.84
9.08
82.21
6.42
11.82
73.86
-9.19
-78.98
55.58
-7.98
38.1
-47
-79.52
73.09
15.26
-1.22
94.07
-61.16
-61.17
-76.99
11.48
-26.82
-27.83
-5.16
13.96
127.9
-24.5
-26.72
8.77
-21.69
1.92
80.08
-83.75
35.21
-13.45
-86.77
-4.11
3.84
51.17
-57.95
12.54
-6.46
3.19
-4.62
11.14
11.41
-74.47
7.94
0.96
7.51
4.62
16.28
11.57
-10.68
104.95
-4.69
-48.58
1.43
10.18
-5.56
-19.61
-2.24
9.18
173.79
14.8
-14.27
21.24
4.23
-59.97
34.17
2.98
10.46
-11.14
4.98
-57.72
-6.06
88.04
-10.36
13.04
14.03
-1.22
64.82
-1.19
-33.78
0.12
-49.79
6.62
2.86
3.36
-11.92
-11.01
-1.1
13.82
-124.58
-190.45
0.59
1.79
10.73
43.57
-184.15
94.26
-0.88
-3.82
22.3
23.86
-79.94
8.69
8.35
50.74
-6.01
2.04
68.54
6.48
-41.25
45.66
-8.59
37.78
7.51
-68.27
14.7
-9.95
32.8
-26.1
-4.88
-2.94
12.41
44.56
-25.87
-8.28
-6.89
-8.38
25.7
9.15
5.21
3.96
-25.11
-58.35
1.54
-33.1
-9.67
111.06
65.73
-13.21
-6.64
9.5
10.35
4.69
-12.54
56.85
52.66
-8.39
8.47
42.94
33.5
3.96
49.11
-56.94
10.62
88.52
-9.11
-6.65
-9.6
15.96
