-106.55
-14.86
-6.79
-6.03
-1.85
10.07
41.8
-29.52
-71.67
-85.23
1.61
39.34
10.79
89.44
10.25
-6.26
-8.05
27.22
-3.7
-26.7
52.75
145.51
-39.38
1.58
-9.96
8.28
113.76
54.34
48.89
-8.81
-19.89
33.55
35.32
-163.66
3.35
-7.52
-6.06
76.17
14.81
-11.18
10.55
-19.82
-31.39
-6.34
15.44
-5.37
-11.22
-11.11
9.77
-51.98
-70.38
-13.63
0.43
-1.59
-169.88
-6.75
-25.01
3.57
-21.4
46.97
-16.85
47.38
143.77
8.06
9.79
-13.51
16.23
2.88
-5.15
-53.96
15.05
-21.29
-7.58
19.94
110.58
28.17
-29.63
33.3
-6.37
39.45
-6.6
7.25
-65.77
-1.38
-45.54
-1.18
-13.78
-85.8
-219.91
-14.9
11.38
-13.39
-32.32
87.15
9.65
-21.83
72.83
20.42
87.11
35.84
40.26
5.53
8.44
91.1
11.46
-3.71
9.79
12.51
-12.56
10.14
82.92
176.79
26.28
8.03
15.84
9.29
-6.85
-16.88
4.84
5.05
1.44
22.34
-163.75
10.17
136.39
-11.04
-0.05
-21.35
7.46
-8.62
0.75
-4.37
60.23
-0.86
-35.23
23.76
34.66
10.96
52.33
-7.43
-100.77
-42.05
-46.29
-42.4
-19.9
-63.83
-125.71
10.81
23.81
8.76
2.44
12.35
-207.69
-322.48
-26.62
-0.01
-125.51
28.97
-90.24
36.42
12.3
7.7
167.35
-118.43
-6.42
35.81
6.07
-39.64
-28.1
-119.06
-91.56
-24.82
60.94
-0.24
-11.02
-18.46
-9.54
46.38
7.35
-139.93
31.2
-20.08
8.45
8.14
2.09
-22.38
5.02
-27.39
2.4
-10.03
75
-14.63
100.87
-20
-122.52
-1.83
-4.71
57.91
-9.07
-55.19
-66.86
-5.45
29.26
29.3
-10.55
-34.76
79.35
-15.85
-6.77
13.54
-40.81
26.22
167.43
46.08
-25.32
3.43
129.3
-13.04
-118.96
0.1
-75.35
-1.71
-34.46
5.42
56.29
-84.85
10.39
-0.19
-27.76
-11.62
-6.15
-87.71
-8.52
-70.09
124.65
37.67
-1.18
2.77
-9.59
6.26
3.67
-134.25
8.29
23.97
-25.47
97.13
-148.97
-23.71
-9.94
15.59
-9.11
-1.72
19.52
-53.11
2.16
15.83
23.45
8.16
-20.01
43.84
-11.6
-3
14.85
10.31
73.86
4.32
-46.01
63.29
25.24
134.6
8.22
3.03
34.47
3.14
10.16
-87.19
-6.21
76.12
57.52
4.96
6.29
2.31
4.04
12.54
-75.99
-15.57
-43.8
-17.7
1.7
6.35
28.42
24.2
22.85
0.01
-9.43
-3.37
5.74
62.08
2.68
13.62
-15.37
-11.16
3.25
-88.35
-1.48
45.21
1.27
3.15
-59.04
67.85
17.21
-9.77
-20.78
-35.79
70.34
-12.59
-86.38
8.94
12.81
12.32
-25.54
6.82
-3.19
9.87
-29.12
-132.64
10.6
33.37
-5.78
-95.24
22.26
-28.81
44.58
-10.87
-73.12
27.55
-20.68
-4.33
-2.77
45.54
-100.75
-22.74
65.41
-44.58
5.61
-225.7
-3.06
-5.75
-4.12
16.03
18.46
-32.71
-13.93
12.68
123.8
-201.87
-4.73
41.75
7.72
-2.84
59.75
-72.18
140.17
-14.3
7.07
8.45
56.37
4.27
-46.86
71.61
56.12
6.93
-37.73
-2.38
-14.04
-1.01
15.72
-54.07
-4.75
-42.25
-21.21
44.82
83.19
-35.97
9.8
7.93
-73.94
-10.52
-0.3
148.21
6.49
-20.88
40.51
35.04
-60.13
-83.19
-130.78
-5.9
17.35
14.03
-3.6
74.53
71.78
66.3
26.01
-0.52
-33.29
37.31
-8.08
13.43
10.55
47
-12.84
40.46
-43.77
-16.33
-2.47
-11.21
-8.63
133.58
45.76
11.3
130.39
-117.22
62.44
68.25
89.11
-48.51
17.86
7.35
-8.36
2.66
3.87
-7.88
1.95
-2.29
19.93
1.36
-8.48
-14.89
-10.41
-5.48
37.56
-52.11
0.57
3.05
-14.61
-22
-162.7
131.99
8.96
-3.75
50.7
20.18
120.74
88.47
41.93
6.54
-25.41
-9.81
-12.84
47.47
57.92
30.22
-6.2
48.76
-4.82
22.55
17.77
-149.63
-4.09
46.3
-12.75
-11.21
-3.74
-22.32
47.49
0.1
29.2
-178.23
1.32
-8.52
56.16
-9.76
-14.37
3.57
0.02
12.9
-25.17
-89.48
-34.7
5.46
91.89
-9.81
10.96
48.65
-33.3
2.78
39.24
-24.28
-136.21
38.83
104.12
-11.18
10.65
0.31
31.74
71.42
31.8
12.19
77.41
32.02
-39.64
-26.44
10.09
62.96
-0.24
-1.48
-9.12
-7.69
-34.91
-14.47
-3.45
-14.06
57.98
-14.99
22.41
-14.66
12.75
-77.62
2.28
-99.33
3.89
-8.15
-15
52.26
-6.74
11.03
-0.94
31.89
22.54
-7.05
-12.21
-8.65
206.67
0.86
52.44
59.89
-9.11
-42.21
3.3
-13.63
-22.43
24.63
-65.76
-13.6
-11.62
-0.17
-1
-8.73
-6.93
8.81
-94.68
-101.15
13.88
-129.77
-5.54
8.38
-20.94
-56.99
27.61
51.61
10.53
-2.66
-3.96
-16.76
8.56
-56.53
37.31
-16.29
24.24
75.64
12.89
-14.38
-15.04
-6.6
-1.13
60.77
5.8
17.77
-83.15
14.68
1.46
-24.97
49.47
12.55
-15.51
-25.65
5.82
2.58
1.6
11.91
61.29
71.04
-3.43
-0.65
-62.29
-46.13
-9.78
-10.96
-7.05
23.51
8.59
24.22
25.56
-2.68
40.94
-1.35
129.59
-2.89
-8.84
142.47
-1.5
11.23
-8.44
60.22
6.5
8.64
19.85
-21.15
8.31
-18.92
196.79
83.47
75.76
-52.76
5.07
-31.48
71.82
-44.12
-65.82
-2.51
9.97
43.32
4.77
6.1
10.79
48.06
-67.2
-13.26
20.6
1.1
-1.41
23.8
-8.64
-0.8
25.49
-56.6
18.85
49.85
186.95
-11.79
-5.66
-50.09
-27.82
-9.57
0.19
39.65
-1.46
0.07
-47.4
32.73
-105.83
-56.39
14.56
-58.01
-18.65
-29.98
-47.23
-44.67
-46.36
-47.86
-10.72
-152.44
-12.85
-25.63
-39.74
-78.77
-10.13
-10.12
43.36
12.3
-4.01
1.77
20.48
26.38
34.63
12.23
75.13
38.73
116.18
15.38
31.42
8.6
-46.66
47.43
-117.35
-7.4
22.9
-16.93
94.75
118.68
-183.31
-34.63
10.09
-8.24
-21.29
-14.69
17.3
5.36
9.34
15.8
-116.54
99.75
22.82
-18.02
-31.36
-24.31
33.79
-9.3
-174.38
-3.23
-78.5
-20.42
-4.48
-48.56
-7.3
-5.96
3.27
-14.11
-6.49
44
94.31
-9.1
27.5
17.18
-82.87
-0.74
75.49
27.94
-14.1
-13.39
1.33
4.73
105.07
-186.67
-10.57
1.13
-17.19
10.08
9.81
-15.35
64.67
8.3
-10.19
35.52
-3.9
-0.2
-78.78
5.39
45.52
6.31
-18.76
11.62
22.55
15.28
2.24
72.67
2.1
-10.34
-80.72
-240.07
14.18
124.43
0.35
-4.1
-89.84
-130.63
-4.45
-11.6
-16.67
-168.19
-3.8
-1.97
-19.84
1.21
20.66
14.5
-32.19
50.13
27.39
-62.02
-51.39
7.48
-81.97
-125.5
99.3
77.85
2.94
30.7
-34.14
32.34
-5.04
63.9
-1.42
-31.98
-29.08
-18.65
19.63
-1.06
-107.09
3.75
-22.67
-55.3
-139.73
-9.81
-26.77
15.49
-16.12
-39.09
-1.84
-18.76
8.18
14.14
-12.16
22.55
-6.27
-9.27
-2.6
16.95
4.91
27.02
31
-73.41
-25.72
-3.52
-97.93
8.26
-3.74
-12.09
8.15
12.99
-1.63
-13.82
7.79
32.59
-12.13
67.33
-22.48
15.9
-13.79
10.01
-11.12
-158.01
-30.83
-20.58
-2.45
-46.88
3.41
-44.09
29.37
-54.53
72.33
-14.2
-30.9
-10.9
1.18
-0.12
-5.19
2.56
25.28
86.26
26.97
-39.02
65.04
-145.12
-12.59
2.97
21.88
28.46
19.34
0.05
-4.88
0.24
11.38
-13.16
-6.05
69.25
-73.48
-27.29
-104.83
11.97
-5.81
-4.08
11.87
-9.39
32.12
-2.81
-40.63
0.83
-20.44
50.24
-2.77
2.71
-79.22
82.36
6.62
-10.47
-13.17
-14.05
-8.33
172.86
23.23
13.56
-123.55
-11.41
27.26
-0.99
-0.78
23.9
10.42
-18.12
-34.69
15.46
190.17
5.16
41.75
10.95
-5.3
11.35
31.23
15.57
-14.46
-2.14
-14.57
5.55
51.12
-3.6
-10.01
167.04
-89.59
-2.61
-80.89
-14.01
-76.9
0.73
73.26
-0.12
-39.21
-15.04
-1.93
-10.34
3.03
-28.89
-18.38
24.5
-7.1
10.9
-26.85
-3.16
35.81
3.72
-4.65
9.75
28.18
-3.1
-57.82
-10.66
-7.69
56.79
-3.62
-0.96
15.75
-7.76
68.56
-1.19
-3.08
24.48
-14.8
178.3
55.25
5.22
7.16
-21.16
-81.84
10.68
-51.99
1.55
1.84
181.14
-65.77
-6.7
17.29
-36.96
15.9
61.66
-9.91
-10.82
-131.89
-8.21
24.48
-31.9
-9.08
14.1
53.46
7.12
-10.42
79.22
74.84
52.31
-5.11
-60.53
-144.76
-10.59
