-8.9
2.13
4.56
6.11
-2.58
-50.51
-6.09
2.89
-2.39
-17.54
7.15
-140.79
11.06
-45.6
56.17
31.26
-9.17
0.19
-78.55
-2.14
-13.46
70.69
3.49
10.63
68.15
-19.82
-12.86
-79.59
25.48
5.41
35.85
12.07
-30.7
1.31
4.13
-35.36
21.32
38.01
-4.62
29.6
39.46
36.02
-7.34
49.32
-2.69
66.28
19.03
10.67
0.9
23.4
12.62
14.57
-1.92
11.21
-9.73
-11.72
9.03
64.54
-17.55
-72.53
-1.2
-23.4
-111.04
57.54
-49.05
59.75
-9.57
-9.94
-50.13
-5.56
84.07
-12.85
-26.75
-10.08
-37.23
-31.13
32.26
175.43
-14.03
39.25
-5.59
-6.95
84.66
12.78
43.35
75.42
62.11
16.71
-13.41
-11.89
-14.21
-8.26
6.84
-8.58
-18.14
65.96
13.17
42.22
25.19
10.98
-2.66
10.67
2.39
-2.32
0.38
-74.9
18.02
76.44
60.97
-4.62
11.97
-49.73
-21.02
-2.2
-81.5
9.89
-90.15
-44.93
-14.06
27.55
6.63
42.34
-6.27
165.69
-13.55
1.75
74.15
-34.03
19.49
-10.19
-33.42
2.54
5.66
-5.83
22.42
33.89
14.12
-45.45
-14.27
33.31
-9.63
8.13
-55.85
31.46
-51.32
33.33
1.82
19.01
5.36
120.97
-8.17
13.7
-8.03
13.8
16.11
4.19
-16.19
76.04
4.64
14.48
3.94
2.51
49.39
60.52
-2.18
-39.42
-36.88
-93.17
-46
-10.8
-10.26
79.81
33.6
10.58
-64.41
14.86
3.47
1.26
16.65
-29.71
7.05
32.13
118.39
89.71
-3.53
24.57
-15.98
-65.65
-68.92
-114.96
-20.72
-15.33
3.48
-36.95
-38.57
10.74
52.19
43
28.84
12.18
-26.01
15.53
-61.23
10.61
-32.85
-19.1
4.97
-11.17
14.97
68.32
4.37
1.37
-142.05
110.12
8.77
23.59
-51.23
-27.37
7.91
-15.51
-198.81
86.44
7.7
35.06
151.92
-57.57
114.5
2.45
-16.82
51.7
-2.66
-24.5
-0.15
-68.82
-23.94
-16.81
1.93
7.69
-61.14
-15.85
20.04
1.79
-111.46
-0.92
-0.62
-139.11
-98.8
12.37
-8.49
53.8
-4.54
21.78
85.4
13.17
13.53
3.79
-3.32
10
-0.36
10.62
15.53
40.53
-61.14
-8.41
71.43
-17.01
21.84
43.03
12.36
-9.36
28.33
58.71
-9.12
-23.87
6.73
-0.35
2.77
112.01
1.03
1.14
-14.15
-32.16
-20.63
-0.19
-9.56
5.55
39.5
-4.02
-7.14
-17.15
24.12
-9.43
8.26
-31.56
87.93
53.09
37.05
-59.04
-47.53
-3.82
-42.03
31.03
3.65
-50.56
-10.1
15.33
12.99
41.02
-72.44
-4.18
-47.21
2.23
3.87
62.59
-7.56
15.6
40.67
84.65
164.3
-6.99
-8.77
76.53
29.56
-120.53
-5.77
-26.79
-15.1
8.62
-15.66
-11.36
13.24
13.45
-9.11
13.78
-8.63
-13.63
-44.94
-40.78
-6.81
16.21
-11.07
-4.52
58.57
-36.75
-105.88
-0.86
69.1
-37.03
-37.19
65.61
113.68
-214.41
2.64
12.99
-2.44
-14.95
77.77
107.66
-27.67
-46.55
17.29
74.77
39.87
2.08
-55.22
53.49
-52.39
77.57
-4.14
-178.11
-11.6
-38.31
-100
-15.68
3.63
-15.42
-1.61
-14.46
-186.09
9.57
41.74
21.86
-7.99
-94.31
-9.06
3.97
-1.08
41.99
-40.43
-35.69
-6.41
-7.13
-6.91
-6.44
4.76
-10.95
31.46
41.28
-9.63
-16.45
-12.26
30.63
-10
-12.16
-1.38
50.37
9.44
23.31
-35.14
39.5
0.18
34.06
5.58
-3.67
4.14
-2.59
-1.37
8.51
34.81
-3.55
16.59
-37.47
72.17
-2.29
67.86
-5.31
-2.53
-114.04
-14.78
-45.18
8.17
-12.4
-8.97
-15.59
8.69
41.86
95.95
3.38
6.26
6.9
-100.66
-0.65
24.57
8.72
1.25
-8.13
3.33
58.69
-15.57
-9.21
-7.3
10.81
-3.61
-53.91
24.77
123.11
9.18
-5.35
47.26
16.1
5.13
-4.32
-8.47
-51.15
175.17
14.92
-10.04
-3.03
-7.74
-18.54
13.22
-62.54
45.1
-39.42
25.1
15.94
-18.09
49.15
50.43
51.77
36.77
-2.36
7.33
-2.86
3.92
-5.77
-2.24
5.05
7.07
10.3
-27.61
-12.1
-3.72
-6.92
-55.41
36.3
-31.78
-0.47
110.54
50.28
7.48
7.96
74.34
8.12
1.84
2.31
9.3
-66.12
-1.52
17.66
-44.64
36.29
5.78
-8.98
1.17
53.95
-42.23
-5.62
1.04
-18.19
-6.07
-5.11
41.81
-128.42
-186.95
-37.99
-36.4
1.72
67.45
9.19
26.52
-13.18
-14.89
-23.51
-16.64
-6.31
-4.9
22.78
93.36
10.82
-51.23
45.8
31.79
7.52
-9.24
14.33
-85.37
-2.08
-9.03
-1.3
-2.93
-68.32
11.93
-15.53
-4.48
-13.98
-18.78
-68.43
-4.8
8.13
2.34
49.03
30.48
-0.95
-11.65
-12.36
96.12
-39.73
-3.57
66.16
-64.92
2.81
-66.44
-8.49
4.71
-21.54
1.77
5.82
-8.42
57.02
-67.03
-100.71
-41.33
-8.99
1.25
-62.48
115.77
29.73
29.36
6.65
-14.89
21
-4.98
-24.68
-26.5
-15.48
11.57
-19.97
12.72
-11.65
-6.4
-18.61
6.26
44.25
-58.2
1.99
10.41
-44.06
5.41
2.17
98.67
7.53
-2.85
0.25
31.56
0.29
-23.6
-72.51
-47.38
-4.43
-34.49
-16.3
-21
-123.35
87.12
25.72
52.21
71.62
0.71
-6.62
13.94
0.87
-318.3
9.91
27.31
-56.58
-0.1
6.4
8.28
5.56
-73.75
14.92
-84.57
-13.85
14.74
1.84
11.82
52.48
52.44
9.08
-9.41
-27.9
-32.39
0.77
-175.99
66.45
13.87
1.81
-153.51
-21.19
-12.02
-97.84
11.61
4.38
-79.99
5.26
22.54
-101.58
6.98
5.11
22.95
-2.96
-45.32
-17.69
-31.68
61.97
-5.04
8.47
143.02
-11.78
7.35
3.78
18.57
-28.73
6.74
-176.26
-8.6
18.32
-13.38
-85.54
29.3
2.01
18.69
5.42
-2.91
38.6
14.98
7.7
52.77
7.14
-17.23
-68.71
-11.46
8.04
1.96
-9.01
69.56
-45.49
-65.51
-11.34
-9.49
12.7
40.43
7.81
47.16
9.01
78.6
-61.39
-6.59
-19
7.44
10.05
4.33
-57.26
4.54
-1.71
13.57
-3.8
-19.78
5.18
-34.76
-80.55
-4.33
3.36
-98.84
10.92
9.13
-4.5
44.32
-157.97
-5.05
-24.62
-7.17
9.96
106.99
191.72
-5.63
14.26
-89.36
50.15
-37.69
6.9
0.25
12.97
-42.07
45.63
36.94
-12.4
-5.92
-10.91
5.15
18.21
-74.2
103.99
5.25
-20.62
-7.5
3.31
53.57
11.44
-4.83
-2.02
-135.57
102.66
-40.15
115.77
-3.75
-51.88
34.14
-18.12
-0.71
48.61
73.69
-58.8
19.03
-9.91
55.52
14.83
-60.09
14.61
12.4
2.37
9.98
-11.38
1.65
1.19
42.06
-8.01
-34.36
12.12
-9.72
47.6
7.8
19.91
54.51
-8.08
-9.71
-17.96
4.21
59.57
33.54
-31.31
0.57
24.19
19.19
-14.74
18.49
-2.84
-142.44
2.11
-8.05
-12.81
-48.95
16.53
-2.8
-11.24
-38.8
-29.12
1.21
101.74
-85.44
20.02
-59.4
58.01
-30.33
10.92
-44.73
8.94
-21.01
-11.12
33.32
-4.03
-9.22
49
48.92
-8.14
-9.28
4.75
-14.63
9.98
-46.45
50.31
-17.67
1.5
21.72
4.4
-40.98
1.9
40.53
15.9
-2.99
-7.7
-54.52
-11.3
71.07
-36.12
9.64
82.96
-7.14
7.54
49.56
-18.67
-92.33
13.24
65.37
-4.7
4.43
-23.81
-117.98
85.88
34.07
5.36
11.46
11.7
-3.41
-1.44
-85.12
100.99
-26.86
5.38
6.95
-11.12
-0.36
2.35
-94.53
-4.28
7.37
-7.49
31.31
-95.72
54.86
-3.92
61.85
-4.68
26.87
-9.93
-22.38
-3.58
57.6
83.68
-11.91
39.14
-3.43
-17.02
-111.57
7.08
40.32
-34.18
-6.52
1.27
-9.56
73.72
-41.32
40.66
3.59
93.93
-60.8
23.69
-16.89
-76.15
-5.1
16.87
32.71
3.11
-20.68
22.98
2.27
-10.85
32.49
-48.28
-39.84
1.17
-26.15
-10.67
30.02
8.91
-18.99
26.21
-26.83
-60.13
-3.38
13.57
-228.81
-3.39
32.85
2.64
-31.65
66
14.64
136.77
12.38
-114.17
51.68
-8.26
8.91
7.87
-7.7
5.58
-12.85
-74.89
-50.98
-10.75
29.67
37.54
-8.44
-6.73
-113.22
3.06
64.16
-11.71
-5.68
-72
-39.34
-3.06
-80.75
-48.15
-16.37
10.46
2.57
30.3
-27.52
-7.91
12.8
-6.33
-0.28
2.95
-11.09
-3.16
-13.47
-10.88
10.98
19.48
57.86
6.5
-48
-10.88
-10.46
8.3
46.7
-6.26
-2.96
-26.21
-42.89
151.52
84.15
-15.6
10.63
7.73
7.41
14.01
1.86
10.43
-2.61
131.51
