5.36
81.94
7.88
-1.33
9.5
-130.41
30.84
-29.22
11.92
17.54
94.75
-25.9
-21.71
9.25
4.28
16.11
-85.76
-12.53
22.24
41.96
35.95
9.7
3.16
-13.46
14.5
2.69
-7.85
15.38
-9
51.47
8.84
8.29
-4.42
-5.6
54.67
21.26
-24.45
-79.98
-36.53
14.13
15.74
3.61
-0.3
-6.36
-11.3
-123.89
15.31
15.66
-64.84
105.8
8.2
-1.71
-55.84
-13.16
3.4
51.2
0.21
-1.68
3.98
72.74
38.82
53.21
27.17
23.44
6
8.28
7.21
45.99
39.31
54.6
-17.55
-17.36
89.66
0.79
9.04
-41.26
3.06
64.28
-7.85
33.94
-39.72
-9.95
1.74
2.41
-6.33
-125.05
-5.95
6.51
30.78
-10.95
38.65
32.33
13.72
134.2
-10.72
76.55
34.85
-45.04
12.68
-16.65
55.43
39.59
115.37
84.36
-0.96
-9.28
29.18
-61.35
3.83
0.87
-5
-5.22
-12.57
-48.57
-33.28
5.26
289.47
30.33
97.6
51.86
-8.81
-87.31
17.03
-42.42
11.51
-21.34
-131.52
16.7
2.63
-9.14
69.36
-8.77
1.52
-28.01
-36.86
12.12
4.2
9.57
2.93
7.01
-10.1
24.75
2.26
-169.15
-91.27
6.46
-21
49.45
-6.73
6.03
29.17
-7.28
-6.12
12.2
42.51
-4.93
-2.32
-3.08
-0.47
-2.39
4.07
-15.37
-55.42
-6
-10.46
-102.84
-46.49
20.59
-63.99
-51.83
-59.91
-19.04
-139.16
-34.08
-5.68
6.71
-24.32
-16.74
145.84
34.18
5.2
31.08
103.77
-138.33
31.43
-67.36
23.88
10.71
-11.99
55.68
18.03
-9.59
1.79
3.79
50.39
89.1
-9
-8.51
-50.42
0.45
-8.8
-11.83
25.62
-0.54
88.57
22.59
-67.68
-20.58
-30.46
-10.73
4.34
65.41
-48.77
10.88
-4.4
-7.54
37.19
4.33
-21.56
63.79
-76.03
9.17
-24.2
-18.85
-43.68
29.61
30.6
-1.15
0.25
59.84
42.55
41.57
-12.06
-17.36
-3.11
-73.37
152.37
-65.7
39.23
6.84
-6.46
-85.44
-10.11
24.77
39.82
20.56
11.13
0.75
23.84
14.22
-15.48
99.03
-36.79
-14.73
8.71
3.59
-19.42
38.09
-102.42
60.24
77.94
16.02
15.18
1.35
6.69
14.27
-8.66
-203.63
-11.13
-23.24
-52.02
-31.75
-69.69
4.42
6.78
-116.51
-119.16
13.43
10.39
4.96
42.04
-4.55
50.26
-1.14
-45.1
-123.35
-36.89
7.64
5.41
-10.32
4.6
-37.54
-8.55
4.88
-20.5
28.93
-45.84
-16.8
-73.27
30.2
2.57
102.78
16
-64.86
40.75
-0.14
4.72
-58.16
3.14
26.81
3.7
-51.67
-69.3
-13.88
-47.27
-13.91
93.35
21.62
3.74
-7.79
-15.12
-11.03
12.13
27.31
-77.67
-142.51
-8.28
-34.29
116.41
28.23
-3.28
-18.17
-26.04
57.69
76.16
-4.03
-55.34
-7.42
-164.46
12.58
61.33
80.68
-21.59
5
-10.97
5.46
156.55
-22.6
-41.5
-5.8
-7.63
50.51
-75.9
109.41
-37.53
-8.7
-7.88
10.85
7.03
56.02
53.64
-12.98
-32.28
9.75
15.6
24.18
25.93
2.69
86.59
-191.09
105.22
71.25
1.29
-1.95
9.45
129.49
58.77
1.27
-2.76
-31.01
16.57
12.72
-109.93
-7.78
-118.89
-50.69
2.15
44.75
-42.32
49.57
-31.81
45.75
130.77
-46.4
-4.26
1.53
139.6
-16.98
-6.66
38.03
-20.21
28.86
66.15
1.01
-11.78
45.81
-9.69
5.77
-39.98
-84.84
55.78
4.02
-4.41
10.77
29.48
19.82
32.11
-46.22
-8.11
-3.43
85.86
63.89
-111.85
51.66
-2.88
5.09
15.2
107.43
26.93
-14.39
-0.3
-13.22
47.17
-4.22
-26.7
27.5
-10.95
74.1
53.27
31.96
33.32
12.92
-22.23
22.84
11.29
2.43
11.7
-2.72
-25.69
-46.7
-0.67
-21.99
20.36
-6.29
-22.76
-101.96
11.38
-169.55
28.75
-0.19
6.65
13.67
57.32
64.58
12.19
125.1
-24.19
34.05
-0.65
-1.72
-14.38
-54.34
-3.88
-7.51
-4.75
33.62
4.11
3.52
0.63
-12.79
2.97
57.34
-15.29
86.96
-73.68
-82.12
87.05
-44.89
15.78
-7.27
61.28
-1.49
-7.56
-1.02
-21.02
2.34
7.16
12.43
58.37
-62.55
9.04
59.72
14.01
9.35
28.04
11.01
-0.94
97.16
-0.76
9.89
9.89
3.94
-119.06
-13.8
209.7
-62.52
32.27
3.82
-41.68
21.88
36.4
7.53
-6.8
51.68
-15.02
4.13
67.98
17.43
-113.67
14.19
-7.6
39.6
5.55
2.29
7.99
-3
-93.78
-3.37
-47.38
43.48
-43.16
113.71
-7.49
-14.58
12.54
34.56
1.88
2.93
-39.58
-9.03
-20.67
11.18
-22.37
-8.32
-10.71
-5.09
-9.02
27.52
85.49
7.21
-4.14
-13.09
-16.42
-48.79
9.26
-10.59
-7.05
-29.45
-7.36
-6.95
-13.07
66.23
1.31
12.49
-109.3
-4.06
-10.98
-10.85
-25.97
-19.16
3.34
-47.16
25.4
0.31
60.44
2.19
-15.94
-29.89
50.12
4.49
5.57
-16.02
14.46
-16.13
3.92
-56.99
2.78
-121.23
13.62
-29.18
6.1
10.21
-143.21
4.95
24.16
32.01
-16.42
0.53
-63.4
-7.36
-14.84
-7.25
-0.43
3.48
-70.58
-3.63
6.49
51.06
-64.42
-53.92
-6.64
3.91
80.99
-17.83
15.44
9.29
-98.69
-11.3
-31.77
-6.32
-0.33
-129.92
-4.46
48.49
-10.08
8.18
9.39
0.01
-2.63
-4.45
-8.27
18.98
0.47
4.65
28.41
-109.42
-52.32
-19.42
-16.77
2.67
27.63
12.02
46.96
-4.65
-35.28
-33.45
-146.13
0.17
188.87
93.95
-39.38
15.02
-18.15
-20.06
-64.88
8.01
-10.21
-3.26
-34.71
2.34
24.43
-35.83
24.35
-1.8
-59.12
-8.15
81.8
32.22
113.42
-11.13
4.29
19.11
30.21
10.2
-20.14
-6.85
-10.52
-50.08
-40.05
9.84
-53.34
-10.52
-4.71
-31
69
1.49
-0.6
-4.82
-5.37
-7.34
8.68
1
103.92
-50.28
-1.24
11.24
-9.43
17.4
29.99
119.7
-9.81
-44.24
-11.75
3.29
17.81
68.3
-66.7
91.67
-184.04
-42.56
29.49
22.32
-36.67
-0.14
-25.5
-180.04
39.32
-8.17
-36.64
-35.7
-12.53
-6.34
-7.21
-56.6
-10.34
-5.46
-32.75
11.44
-4.02
-2.16
-13.38
-2.52
60.97
5.5
44.58
58.43
9.45
128.85
-19.15
22.31
15.44
14.05
-9.11
13.61
99.9
-109.83
58.66
-23.25
-4.4
10.76
112.91
8.4
-15.75
-14.29
39.76
59.57
8.89
11.43
0.68
-41.5
-3.9
14.24
-1.94
-28.7
27.85
16.41
-78.3
8.28
0.24
-26.49
8.87
3.24
-43.26
-10.84
35.12
11.34
12.67
-10.44
-0.09
-149.43
3.45
-7.94
16.77
16.12
-26.04
5.49
51.16
6.55
1.47
-12.27
-10.27
117.44
-2.62
-8.97
4.28
16.44
66.03
11.11
77.33
10
-5.27
20.64
2.31
-52.5
-7.13
36.94
20.81
-9.19
141.03
-0.06
-21.59
4.77
-10.27
8.65
-0.31
24.42
6.43
96.01
-8.21
57.52
-4.4
-103.39
-52
-11.45
21.77
-16.64
-8.05
-413.97
10.24
-41.78
-0.06
-3.95
-207.66
8.04
49.28
8.62
-16.6
-2.75
9.56
-7.08
41.01
7.99
33.09
4.17
-6.06
6.78
8.35
2.53
21.25
45.18
-59.98
-1.25
4.05
11.98
-9.17
-9.01
98.54
-3.8
1.5
-19.66
-10.52
-2.69
-43.59
-97.39
72.76
-40.05
80.92
-16.9
-0.73
17.74
-42.44
81.93
7.63
-35.9
20.78
-57.7
-8.08
-150.24
37.95
13.08
-7.54
-4.62
167.91
-6.86
-21.53
56.43
-30.04
-4.27
5.98
-6.09
-65.73
-14.52
28.56
20.41
-8.08
-10.29
-33.41
10.23
2.53
4.32
-100.74
53.73
22.01
9.81
37.31
-4.52
-7.39
-13.33
-14.65
-4.78
54.39
-46.79
4.12
14.51
-7.68
2.71
10.77
-5.51
32.68
9.33
-44.3
7.62
80.39
-3.81
87.04
9.99
23.99
16.79
197.91
-11.86
6.44
2.08
70.26
4.37
5.02
-10.78
-87.25
83.57
17.92
-4.7
-9.92
-3.46
-5.91
76.64
11.03
-34.36
-10.04
-2.89
7.54
-13.07
0.97
-1.17
10.67
20.88
3.35
0.15
-0.37
14.49
4.57
18.46
1.77
-1.73
49.68
9.24
6.15
-0.47
-29.39
58.8
-34.62
93.93
3.53
37.93
50.82
-20.82
-24.85
-4.65
4.86
3.47
82.63
11.7
2.8
82.45
13.95
-5.35
23.58
-4.67
1.47
4.9
23.23
-96.64
5.9
72.39
56.89
1.94
-30.49
-53.95
13.59
-7.95
6.43
-23.62
18.67
1.65
-3.18
9.53
-8.55
56.01
-33.36
-17.63
-2.27
11.62
-35.12
37
-2.95
14.85
