-54.41
36.65
68.86
-86.86
-41.29
5.71
-38.84
-5.01
-6.13
-49.56
1.52
-4.72
-80.25
-5.86
75.51
-7.04
33.95
-13.1
-26.47
-87.95
6.21
-5.19
-96.46
-6.21
-152.18
50.39
-15.52
-41.63
-10.4
5.02
7.85
0.18
7.43
-6.79
-97.03
-13.96
7.89
-29.12
-5.8
-48.08
18.12
-65.82
19.48
-2.95
-10.31
4.7
-2.71
-1.91
-20.72
-12.05
-95.62
-82.68
-13.5
-4.57
-67.62
35.01
-11.56
9.57
-9.53
14.58
6.09
-30.34
9.6
-4.68
-99.92
35.41
7.57
-13.18
5.17
-8.45
15.91
-8.83
0.71
2.28
-23.53
-52.27
46.61
-5.34
-3
6.86
-2.18
148.18
-139.01
45.39
82.05
-0.57
34.01
-69.62
10.46
-0.33
-10.6
-6.15
-11.31
21.67
-7.96
-0.42
-69.58
3.93
19.18
-0.72
-10.1
10.16
-0.55
-7.76
-41.77
-11.51
67.1
-4.87
50.43
18.71
7.1
-9.05
-92.73
1.7
-44.8
8.31
3.22
-21.52
-26.36
-16.14
7.25
-86.49
-11.69
-16.94
-51.01
-43.39
-135.6
-2.2
6.32
-10.45
-7.14
-9.76
-33.43
-3.11
2.45
-0.18
-39.56
-2.85
158.05
-8.98
69.39
-6.34
-65.73
29.21
-10.28
13.35
13.61
5.96
31.89
4.57
5.88
-67.96
-25.19
-11.16
-4.76
-19.74
-203.36
-2.04
157.83
5.83
212.85
-140.42
-29.1
45.14
16.06
9.87
8.09
0.59
-11.95
-49.37
11.43
7.31
80.9
-1.82
-181.3
45
-84.09
-2.7
119.42
-40.29
-1.34
22.52
2.85
-59.35
85.22
-136.18
13.51
-37.01
-2.61
11.84
-81.24
10.32
2.58
136.54
88.3
-2.38
-41.42
12.83
39.82
-61.75
-57.79
20.92
42.7
-95.72
8.72
11.32
-41.39
-101.78
-27.02
-3.73
-9.49
9.54
27.88
70.41
49.56
8.23
117.15
-26.87
-2.08
-9.52
-4.01
1.6
-5.42
5.37
5.66
-0.71
8.07
8.11
67.5
-67.04
3.43
-63.61
-11.59
-10.98
-39.3
-18.31
-123.49
10.56
7.65
-8.28
33.11
57.06
29.56
-11.2
-31.31
-62.19
1.56
83.74
-38.03
-26.43
25.76
-6.42
-5.77
-6.22
13.27
5.1
74.2
132.19
14.93
-5.97
105.01
15.14
-19.43
4.18
5.12
-5.45
5.74
3.96
5.92
84.69
-4.89
41.68
-13.14
9.64
6.74
80.13
-9.26
3.28
-5.06
-76.9
62.39
29.15
19.46
-94.97
36.48
-7.3
-1.83
-4.79
3.57
-54.88
58.36
43.25
100.03
-9.38
-4.81
-27.28
-4.66
-18.83
-2.64
-121.73
39.46
-108.81
7.33
6.26
72.06
7.75
1.02
-104.47
3.61
37.13
-9.28
-8.45
-71.14
14.8
4.82
8.38
5.66
10.96
-5.01
3.3
0.14
-37.64
-41.4
-8
-7.82
30.39
73.31
43.5
58.63
-30.35
-0.36
-4.97
1.16
35.78
-6.28
-53.67
4.57
3.3
44.99
31.14
27.58
2
10.85
-1.31
-12.98
-5.05
4.36
-317.22
-42.87
35.04
8.84
84.44
-26.7
8.64
6.65
-1.08
4.01
-7.25
107.82
6.18
27.41
-51.3
-51.77
27.45
-47.56
-6.64
-15.76
-39.49
-16.73
-45.35
-27.21
41.79
16.31
32.71
-33.48
75.46
10.63
-98.45
-142.98
-125.1
93.32
70.71
54.05
-10.52
-58.41
2.03
63.74
-24.38
-101.13
134.74
-6.67
-128.33
87.76
226.13
-40.06
-92.61
-58.07
89.54
10.67
4.74
12.09
12.25
49.64
-171.88
-10.01
-51.35
-27.96
38.22
-2.95
-18.48
-0.45
19.65
-32.4
-27.18
4.45
38.59
-29.82
3.64
-51.86
32.11
62.86
18
-39.83
47.78
-59.6
7.75
66.79
-11.83
90.43
-6.1
-8.46
78.17
3.73
60.06
-47.63
-23.05
-7.85
110.51
-1.8
-0.06
-31.64
-0.32
89.24
25.63
-78.32
-38.92
12.29
11.55
39.15
6.28
-5.64
-77.26
-12.5
-453.8
58.33
3.3
-15.02
-10.07
-75.51
8.3
139.67
42.95
-5.93
47.29
-5.92
2.86
-9.84
-10.85
-13.83
9.73
-16.66
-19.7
12.04
1.26
61.8
-23.5
-43.04
-14.61
-14.11
-0.43
-4.51
1.5
-30.85
9.17
-2.82
12.72
-7.62
-24.23
-85.32
-15.42
-6.64
-43.16
-42.62
8.67
-82.93
-34.22
8.23
52.1
41.6
3.64
-25.89
-18.6
4.22
9.96
-10.8
88.02
2.13
-29.87
-2.06
-18.17
-41.17
-22.73
3.87
31.83
-21.98
95.32
-28.13
-0.6
-38.18
26.44
19.6
-73.72
-29.99
-4
31.72
-65.61
-19.31
1.73
21.37
29.12
4.19
-184.9
33.43
-7.98
-50.06
-7.1
-3.73
-129.13
77.27
-47.87
-4.26
-29.21
11.09
-138.42
81.13
-90.46
-27.41
41.73
10.82
53.9
9.53
1.27
9.55
22.63
3.2
-140.01
25.98
-46.93
1.09
-80.64
35.81
-28.01
3.36
-51.7
49.31
72.28
-3.76
-103.91
59.93
-41.03
4.73
35.45
20.14
16.03
2.7
-22.07
-0.31
-39.41
110.41
10.73
31.38
6.84
-126.65
101.23
-8.57
-8.29
20.54
-22.22
2.44
79.9
22.22
67.28
-3.12
80.15
5.91
98.27
10.29
-36.36
-9.75
17.02
-63.47
51.12
-20.28
-4.78
11.21
8.5
3.39
-44.6
28.83
-48.81
22.89
-50.71
-29.66
-23.17
34.88
-8.8
-45.29
-90.75
68.28
-1.33
99.36
-1.9
-10.45
8.61
1.78
-91.92
51.13
-6.99
47.67
93.3
39.73
-7.79
8.07
11.87
20.3
-23.06
31.91
-160.1
18.44
-80.67
18.15
66.65
-10.48
-61.86
6.22
25.07
-29.07
-10.25
11.71
9.63
-11.61
-3.39
35.93
-5.77
44.7
-6.28
-10.35
37.81
83.68
8.12
41.27
-14.73
93.59
-28.55
11.58
-3.75
-20.59
-28.5
5.2
-67.82
54.1
3.7
-1.91
-7.81
-168.36
-167.35
41.24
-93.88
22.38
-55.94
10.49
14.46
-3.63
53.57
-5.28
20.66
-14.47
10.34
-4.6
10.94
-1.75
54.87
3.6
22.14
-7.07
40.51
10.99
185.62
43.35
-0.05
5.42
11.2
-2.36
-48.96
-16.81
32.64
33.74
6.66
13.27
-1.33
-25.65
-27.77
-72.2
-25.17
-1.37
21.67
-19.76
-3.96
74.5
-5.02
-16.56
-26.23
31.8
14.19
18.25
48.68
45.54
-31.76
-25.92
-26.54
3.02
31.66
-24.04
8.57
32.52
-8.8
-9.81
2.73
14.63
-53.39
57.41
-0.18
-8.27
-14.51
5.68
-25.79
-11.39
-8.48
1.21
-26.33
24.25
4.43
-1.28
-8.16
-11.5
9.57
69.53
17.67
43.07
-40.55
-12.76
23.28
-12.6
39.74
22.53
1.06
4.33
15.77
-21.82
16.11
84.79
-1.67
-25.56
-7.82
-23.13
10.82
-3.28
-11.52
-8.25
-5.3
-70.93
-49.19
41.33
-36.46
-119.52
-20.38
8.41
9.55
8.11
-24.35
58.16
40.81
-27.07
-3.29
8.71
-6.16
5.52
-4.63
-5
69.41
33.52
0.32
-43.17
1.62
-42.57
29.44
10.03
-5.04
6.42
45.39
42.38
-3.12
-31.45
-83.2
-28.39
71.35
6.55
-36.6
-27.99
-11.74
-36.47
9.9
61.6
-8.31
3.73
3.51
-19.73
20.18
-7.9
-6.44
-39.93
9.32
1.63
8.42
11.57
-0.83
-8.36
-1.36
0.11
-12.18
6.95
-4.47
-12.57
45.49
53.36
-10.1
88.71
-2.17
-47.88
-1.5
-37.26
-7.94
37.1
-22.79
2.75
-3.5
58.84
-13.04
6.12
27.31
8.09
12.16
-2.41
-7.91
-19.09
-21.81
-23.71
-4.06
8.95
1.19
-11.59
3.8
27.13
53.69
-10.04
-8.64
-1.81
-15.7
-15.63
2.95
9.07
-8.25
-51.65
9.93
-0.25
23.56
-29.75
-62.39
41.61
-42.62
42.26
-1.3
-1.81
-20.94
-8.05
-37.19
-1.41
-10.11
-163.95
7.16
-29.36
-15.66
-10.82
-2.63
11.64
50.02
24.58
-11.81
-13.23
-30.33
-6.73
8.65
69.09
-4.9
19.4
-6.78
-9.02
-89.13
-20.62
29.9
-49.48
-121.11
26.62
1.19
-8
8.87
3.07
44.33
49.55
-85.77
-11.62
13.28
-27.92
-8.24
94.09
-17.36
7.65
-17.8
5.12
9.54
-7.65
-42.15
53.71
25.69
-1.67
-41.52
-130.82
0.87
-0.09
-134.85
-25.95
-17.64
54.12
-0.91
-9.35
-47.06
-3.94
-41.84
26.09
10.1
-8.96
67.27
-8.75
7.52
-2.46
-12.83
-4.2
14.2
-8.84
-4.72
22.05
-46.71
-0.92
16.01
-3.14
6.72
52.3
-29.81
-4.66
-11.35
100.94
17.58
148.1
-6.56
59.71
-1.26
64.82
-2.02
-8.7
3.99
7.61
8.26
96.23
32.16
-69.3
-6.31
57.72
6.92
24.08
-9.46
-79.93
3.11
-16.39
5.78
10.17
-0.02
5.33
1.26
-56.23
-11.91
133.27
4.78
-14.87
37.39
12
-26.76
-1.99
35.37
6.91
77.77
-24.55
-2.24
-7.12
-40.01
