52.63
-10.47
-32.74
-7.79
13.21
55.92
12.35
-12.02
-89.99
-12.41
-7.42
15.88
10.86
15.98
-16.17
-18.46
27.62
-12.93
-10.34
-31.91
25.1
-87.43
29.23
-4.62
-154.99
128.6
1.15
-0.65
-10.28
35.78
-16.25
1.22
-36.48
-11.37
17.88
-7.12
-27.92
-15.76
-0.66
-23.55
16.73
8.65
12.8
13.02
26.82
71.11
20.35
-83.78
36.04
-3.61
8.13
7.72
5.17
-10.52
71.67
-14.38
9.22
-2.93
30.38
74.3
-7.81
-9.55
-56.6
3.59
104.84
82.84
1.48
43.01
71.51
-5.96
-11.43
79.18
-4.22
-41.25
-15.06
17.75
-7.87
-38.63
2.97
-5.47
13.37
10.62
-10.47
-6.3
84.7
-9.3
-1.52
15.5
-11.04
-40.34
9.15
0.71
165.43
-25.02
7.1
-94.09
8.5
62.03
6.3
-131.77
-89.86
-3.51
2.63
6.5
-51.97
6.03
43.57
-10.01
52.03
-19.84
-46.42
-7.73
-3.06
-11.4
-27.77
1.84
-8.7
10.44
-0.51
-11.74
41.87
-0.2
-11.77
67.53
-4.52
-13.8
-59.85
0.08
24.43
-8.83
-25.55
-40.05
-63.68
-20.35
83.32
-115.92
-68.38
-92.41
12.88
10.27
-22.94
25.62
-104.78
-12.23
-3.67
-6.73
18.01
18.17
7.14
0.87
-35.71
-36.07
-77.7
143.03
72.16
13.62
142.49
-23.43
-2.81
-60.17
70.69
-0.18
12.52
8.94
-1.98
-78.81
44.08
7.45
2.8
3.67
54.51
100.1
4.32
-0.57
16.27
-2.31
-82.39
31.21
-11.73
-17.4
-21.07
-31.01
-2.98
12.82
-114.86
-164.16
-15.06
89.12
-10.47
7.57
129.88
14.61
15.85
4.94
-31.8
-20.86
32.55
6.81
54.14
59.78
44.97
21.5
-7.13
7.04
-73.22
-15.03
-46.62
4.12
-20.93
-56.82
-3.42
-4.9
2.26
-0.58
12.99
65.43
-38.52
-2.56
-19.89
0.99
-0.67
-104.31
2.33
13.32
11.71
-5.7
69.33
16.65
54.3
-3.68
-56.24
105.14
-106.66
-170.55
-0.83
78.46
19.01
11.31
-55.07
-10.71
-29.03
-15.23
35.29
-22.01
20.79
18.74
12.6
-7.15
7.39
-15.17
43.01
-25.84
4.94
-188.55
-27.97
22.58
79.77
-9.62
-106.17
6.41
8.5
53.3
77.92
-14.3
9.37
-4.4
3.41
-44.87
-1.12
112.4
10.42
11.37
55.1
-20
28.64
-27.04
26.84
11.62
-10.83
-3.7
-24.17
19.98
6.18
-7.33
7.27
-11.3
-41.47
22.43
-2.7
50.48
-6.2
-62.84
37.18
-17.72
-146.6
203.26
-16.37
6.89
56.76
32.82
-32.36
-69.78
1.35
8.69
6.13
166.85
8.7
47.31
-10.4
-42.13
-51.23
-5.19
-132.76
4.35
12.28
-11.08
77.54
30.2
22.48
49.31
73.51
-7.64
-10.04
-39.31
-56.88
69.49
-10.5
18.83
2.33
8.35
-17.04
1.74
-42.97
-13.31
63.03
51.12
-10.52
-2.97
3.11
-7.92
34.74
-45.74
8.87
-27.58
139.23
27.7
-12.46
9.21
-1.68
112.64
36.12
71.11
252.45
2.16
12.42
-222.99
-7.86
11.89
-3.94
-50.3
25.27
14.66
-97.79
124.77
12.78
12.82
60.94
-5.08
-34.24
0.18
-16.77
34.39
-25.63
-55.74
30.38
-2.18
-56.44
5.83
-7.75
3.39
4.66
0.99
-16.62
33
-3.89
2.17
-37.18
-107.97
12.41
-15.95
-16.39
-4.91
2.34
11.88
-170.73
-25.46
-17.39
8.7
-4.65
99.08
-5.64
-83.8
25.9
28.42
47.97
-2.97
17.68
53.09
30.76
15.85
-2.21
-63.83
10.38
8.22
-0.73
-31.42
-8.09
-6.83
47.51
3.73
-13.87
21.23
9.76
-3.42
108.38
76.87
-4.59
-1.08
8.79
121.68
9.7
4.42
-51.98
-8.11
3.18
14.62
17.91
112.06
5.5
-14.16
-1.15
71.1
-21.05
-0.25
123.22
-10.04
-33.84
-13.71
10.11
-0.23
-13.6
28.29
10.16
10.07
-24.6
-4.99
0.58
6.18
29.63
9.14
-16.38
156.69
31.96
-191.01
-9.65
205.17
-59.94
-32.57
-39.74
74.42
63.5
-10.64
58.46
-13.93
-8.46
3.24
4.69
-22.31
-11.61
17.32
38.29
-29.36
31.55
-6.22
33.64
17.06
-25.89
100.62
8.26
-10.05
-2.69
-8.24
-1.99
-67.52
-25.29
-5.41
20.09
15.84
-19.88
50.96
-5.28
19.74
-53.63
11.99
-17.94
-27.93
-135.16
-35.15
-31.55
1.92
-8.35
8.17
-3.06
99.63
-6.77
-76.46
-7
-35.68
-5.19
3.51
3.55
-80.27
-0.36
-11.04
-9.9
-3.58
-12.89
57.98
1.1
-18.67
-102.78
-97.3
7.64
-48.05
-62.56
-15.04
-3.16
-7.38
-7.96
25.84
-120.4
-2.24
-15.09
-14.82
4.11
82.99
-5.6
-8.58
-8.44
-10.89
18.66
-9.48
-52.77
57.85
-9.3
31.06
-8.67
-67.49
20.81
-13.43
21.62
5.37
-20.12
-19.35
-4.55
13
-48.28
14.02
-154.96
7.86
-6.6
136.02
-0.01
8.87
-31.06
-8.24
-8.3
83.55
3.86
6.78
-9.65
9.16
-6.76
6.64
7.19
-1.33
5.91
7.67
-9.62
-11.79
-6.8
9.98
-67.57
-47.44
10.34
33.09
66.19
37.74
-93.74
9.74
-13.5
3.87
-15.1
-61.69
8.42
-6.74
16.47
-36.59
-15.47
-6.35
-37.54
21.56
4.41
-12.67
-129.46
42.23
-11.46
47.14
24.58
-26.6
10.6
-5.82
-9.12
-6.45
6.75
5.67
2.22
86.81
7.77
26.75
119.38
-9.54
4.36
-46.74
7.52
-35.02
-21.13
4.39
-8.88
-28.43
-3.33
8.16
-10.03
65.13
-95.78
-7.84
-49
-30.69
-233.83
-3.08
11.95
49.52
15.55
-60.3
-110.31
3.96
10.35
45.52
-2.05
1.77
11.29
-1.41
-3.6
11.47
-64.65
7.17
-11.31
-4.3
50.38
-63.26
10.93
-31.67
-54.1
-9.98
-7.85
-37.23
6.03
-35.71
-189.36
-9.16
-10.02
-18.66
-0.79
-55.03
11.3
-105.41
5.61
6.87
-4.56
44.02
-3.73
13.88
6.01
-116.79
0.45
-8.82
1.07
-8.91
65.22
-110.36
-7.89
-7.64
-53.05
-4.66
-20.56
163.78
-3.98
8.62
18.9
-33.06
13.9
-16.29
-5.43
-12.55
-3.11
21.53
49.2
34.84
1.13
-13.7
158.52
30.87
37.21
-3.33
10.73
43.03
69.48
-11.3
28.88
-10.26
80.84
77.12
0.49
-40.87
74.64
63.18
71.27
-8.14
-18.69
4.19
2.4
87.86
2.42
63.54
-14.63
-23.72
-25.5
-2.85
-0.5
-53.01
1.69
-7.16
-72.22
8.34
-23.05
6.02
-7.54
-81.75
-2.01
-3.4
-65.99
7.76
-35.81
-82.56
-17.24
16.32
-199.95
-8.9
18.96
24.16
29.83
83.35
-11.65
-110.84
-76.96
22.12
18.09
-7.44
3.7
19.15
19.4
-6.98
-5.89
-14.06
30.84
-9.52
0.7
11.85
-8.62
11.8
4.59
-23.41
-6.69
-9.38
5.1
22.79
-10.42
-0.55
-13.06
-41.53
-8.24
5.06
-49.21
-6.33
-1.48
-3.81
96.66
-15.03
-32.13
-35.71
-53.92
-6.92
23.61
-19.37
58.87
32.66
41.09
9.04
48.5
38.85
78.49
5.96
11.28
-15.94
-9.71
116.38
0.95
-9.9
78.71
-1.5
17.71
-47.97
80.54
98.03
6.07
-0.87
-19.63
9.33
-76.55
-44.29
3.32
35.83
2.18
-12.72
40.4
-12.28
10.52
-14.82
-4.97
-15.8
58.58
36.59
-2.13
-8.72
116.75
16.74
-7.54
-13.85
29.57
7.3
53.68
-90.82
0.67
71.32
8.55
-3.76
13.47
-17.97
-8.52
-4.72
-12.86
99.55
-16.26
125.02
-53.45
-4.56
62.75
-5.18
-4.04
52.17
53.86
-14.07
-9.02
-286.37
28.45
159.66
-167.9
13.19
9.03
-46.54
-18.67
-17.63
11.07
-10.48
3.26
-8.64
-101.55
15.45
1.15
-48.72
-22.86
-49.95
0.08
-30.79
-53.48
9.11
10.1
-7.27
73.26
-36.41
-28.1
14.34
-24.53
6.39
-70.06
-63.58
-13.89
-109.15
-7.05
1.24
60.39
56.76
8.37
-34.65
-9.85
-24.61
60.93
156.86
-16.59
136.53
14.61
37
-78.37
-4.46
-4.49
224.32
-8.66
-8.57
-46.05
38.81
-7.3
-20.75
112.83
13.86
-6.85
0.53
-18.61
39.91
43.47
-64.67
9.91
-33.05
-48.86
-9.9
-34.4
10.18
68.93
49.92
62.06
-13.72
-1.96
-5.74
-75.56
32.01
-4.6
29.46
23.28
14.16
-10.84
-11.53
2.18
-8.98
48.26
-60.62
-8.23
8.32
-60.58
9.67
87.78
0.67
-20.1
47.84
-8.2
34.95
11.77
-34.68
-83
9.39
30.53
-14.35
-13.46
-13.1
-13.32
-112.23
25.92
-14.14
6.41
-21.63
-14.85
-3.93
4.41
16.48
-37.44
8.62
-84.18
-40.99
1.12
9.53
2.3
-504.76
9.5
0.42
42.68
2.01
4.56
30.94
-16.71
3.28
1.9
70.75
-15.23
-0.9
49.17
144.43
