4.81
5.28
5.94
-142.84
84.42
25.81
58.59
-1.7
-0.26
-26.48
3.75
-164.73
-10.74
42.2
-27.82
4.48
18.34
22.69
-38.44
-191.7
25.54
-2.69
-9.96
-7.69
46.09
-6.72
-22.87
-10.94
-3
-60.94
9.15
140.1
-5.85
5.21
3.14
-94
1.56
46
-115.88
6.79
-30.46
208.72
-67.7
66.18
-6.97
-6.59
9.87
14.13
-0.43
-40.97
-3.26
-8.22
55.18
-7.07
-4.48
7.14
-54.88
-13.11
-0.17
67.89
9.07
-1.85
-2.2
2.37
-47.57
56.45
0.2
2.17
-3.24
-7.95
-2.27
9.1
-121.22
-101.32
-27.96
30.5
-4.91
-2.99
74.09
35.91
8.46
2.49
-11.64
4.12
-22.18
9.69
-79.06
5.13
3.36
-7.45
-17.82
5.85
21.74
123.45
3.09
1.5
66.55
-70.26
53.19
-17.65
-123.86
22.72
-89.21
0.93
-14.7
-22.72
1
45.98
112.02
144.77
110.29
5.07
-5.29
-6.41
8.61
7.77
7.15
-20.06
8.45
4.51
6.9
-68.02
-4.31
64.81
-94.56
67.72
-52.33
-36.73
-187.15
68.78
11.44
-13.76
-1.79
10.35
-3.61
8.01
-3.13
-0.01
-43.04
-6.17
4.99
1.33
-5.81
-28.34
-14.22
13.02
-43.72
-11.94
11.54
-14.19
-11.78
-5.19
11.99
-57.44
25.82
-35.66
-12.61
16.94
6.4
-92.4
-6.92
-3.79
54.7
-71.29
4.51
8.1
4.48
17.91
1.49
22.44
-12.72
4.28
-12.72
6.22
23.35
-6.22
-44.27
12.18
-16.28
9.27
-9.45
-1.52
-46.9
-89.3
-8.19
-107.35
-9.91
-7.54
-70.37
2.62
-6.32
-13.91
-79.14
56.63
-162.58
-4.21
15.86
3.97
-31.69
21.43
2.98
31.5
48.32
3.56
-61.79
9.05
39.05
2.47
-12.9
19.61
-3.4
-13.77
-11.6
23.13
16.77
49.57
-9.52
2.98
-101.39
41.48
34.93
-34.88
-4.95
26.38
-74.67
-72.13
-49.49
-8.58
20.21
-8.13
62.53
-4.17
0.21
-9.44
62.34
-48.93
-13.96
8.33
3.78
-80.96
-10.8
8.01
-80.38
-12.45
-11.96
-2.17
-4.53
-8.02
-76.5
-7.38
5.15
22.31
-10.13
-8.88
65.07
4.81
5.04
-2.38
-20.01
3.36
-6.72
-17.08
-8.67
-12.9
18.76
-4.04
55.7
3.54
-20.53
-29.7
77.76
-41.06
75.21
0.36
-139.98
14.11
-8.84
29.14
-42.21
2.37
123.35
39.22
13.7
14.3
19.09
-104.99
14.79
-38.12
-39.45
-6.67
-14.22
7.93
-5.17
9.27
22.01
-102.63
9.75
33.54
-193.62
19.37
-1.57
42.01
14.26
-4.48
-29.97
8.19
3.03
-10.88
11.61
3.86
9.94
-2.84
68.15
-321.47
19.18
-75.39
-9.15
-20.36
8.23
-31.78
-9.72
-12.43
3.38
-9.35
43.2
3.19
-37.11
24.07
-45.42
18.7
-20.86
44.55
-57.3
9.34
33.8
-4.62
22.35
38.07
-105.71
67.35
53.96
21.62
6.78
-9.24
-35.12
9.93
64.97
-8.68
21.08
-7.16
2.36
20.27
28.78
20.7
-3.84
9.09
11.12
-8.96
-11.81
-31.6
-73.51
2.94
-43.02
-28.63
-7.21
9.35
-16.78
-13.48
-13.08
22.55
1.74
14.92
-4.1
17.82
-83.9
-4.87
-3.79
-7.64
-173.34
40.78
-1.2
-133.56
-6.43
10.55
94.23
-17.9
-1.21
109.98
-28.16
-7.45
26.93
2.02
42.71
-32.25
-65.35
6.4
-21.38
-6.71
-18.81
17.86
72.7
1.31
24.73
-127.58
4.55
78.47
8.13
41.87
-9.63
-172.28
18.29
-68.16
2.28
-6.58
65.82
-20.75
-12.52
-3.23
3.81
-67.36
-39.37
11.02
21.07
1.96
10.59
-21.09
-59.42
-62.06
23.94
-17.03
13.62
0.3
18.92
-38.49
-0.76
12.84
-4.59
16.47
13.33
37.11
8.21
18.28
7.64
-0.58
8.68
47.95
49.14
-6.95
-9.22
-19.24
-6.75
-5.54
-18.13
-7.93
5.48
17.73
29.46
-85.23
-5.89
5.99
138.81
-52.17
-1.5
52.86
2.87
-21.7
20.3
-2.47
-13.92
-11.86
27.98
36.46
8.72
-6.9
-2.2
-5.21
10.08
1.44
-3.28
70.61
53.22
-24.39
-1.5
-24.73
49.32
-11.56
9.88
-5.19
28.65
-11.99
45.99
-10.34
-19.81
-182.16
-45.6
3.48
-13.12
8.83
-0.47
3.21
-48.21
-7.2
20.24
-37
-15.19
11.71
7.06
-12.03
9.66
7.69
-112.54
-5.6
-24.55
72.22
-0.12
-21.8
10.58
-78.86
110.32
-65.22
7.78
92.4
3.26
-35.87
49.33
14.1
12.08
-0.68
-130.71
60.63
7.47
5.04
25.49
30.95
14.46
-8.11
18.06
-7.73
21.64
29.97
-7.13
53.59
4.43
-24.72
23.02
33.8
-19.32
-21.52
14.85
167.19
-73.95
-5.21
52.18
23.12
2.31
2.84
-13.93
1.23
117.63
5.93
-20.14
-0.25
-8.98
-10.1
-28.44
72.01
1.72
-13.46
6.02
20.65
-54.68
-26.87
11.35
4.09
20.17
-6.33
-32.86
26.91
-24.23
34.45
4.12
20.43
-3.88
-275.82
-17.91
-7.3
-9.89
1.11
74.26
37.73
-10.56
67.31
-70.28
36.23
58.06
-68.85
-143.15
-5.16
47.87
5.57
12.64
29.54
10.12
-6.28
109.15
-8.39
12.49
-135.4
6.29
16.87
-6.97
-1.02
16.58
50.4
-12.97
9.84
-103.39
-19.7
120.9
-0.33
-59.23
20.74
9.81
-9.46
-54.15
6.6
17.9
7.16
-22.58
-11.13
72.71
40.87
29.85
-27.5
-19.28
100.75
-22.41
3.84
2.22
-31
-2.53
19.46
11.03
3.78
62.23
26.49
16.9
-68.91
-49.97
-4.91
-7.5
84.8
-4.82
-75.11
-11.05
-140.69
-27.25
44.23
3.03
1.83
-6.93
3.46
-2.95
182.37
-10.09
-4.31
3.23
-11.21
-8.72
-191.24
-0
-39.45
81.5
-28.14
97
-18.16
-4.68
-28.87
1.72
-9.72
-73.3
-43.73
-9.89
60.29
-54.96
44.04
15.75
3.52
42.45
-5.91
23.21
-32.12
47.59
79.54
-13.38
-5.94
-10.46
-15.98
-47.47
16.21
15.93
4.24
85.06
-9.15
-5.03
17.29
37.53
17.85
-95.84
34.63
-59.3
59.93
-12.2
-11.91
-4.31
42.58
9.39
0.47
-9.39
-64.8
-59.67
9.88
-50.18
12.4
-109.93
37.05
108.9
-8.54
-6.29
-15.9
-5.87
-15.45
-0.45
6.22
-15.37
-42.83
37.03
-79.6
80.8
6.99
-13.64
-6.41
8.3
56.34
26.5
-5.36
11.2
33.25
7.16
9.39
8.28
-10.44
28.78
-4.6
1.57
-8.34
-7.59
-3.11
9.24
36.39
28.41
22.7
39.71
0.29
-25.63
12.4
-1.64
1.71
0.35
23.71
14.25
-15.63
53.99
32.24
-4.15
-4.1
18.85
-122.18
-63.24
26.87
-10
-103.88
68.72
-64.93
7.81
-71.55
199.7
-159.34
-33.11
12.7
-52.03
83.73
135.01
-24.69
-110.8
41.38
4.5
9.94
-10.09
11.07
239.43
46.99
44.46
9
85.46
-10.4
4.64
-27.84
14.2
36.45
-17.73
34.4
-19
90.39
11.61
1.95
12.9
29.29
-13.74
-0.6
-64.47
7.53
10.99
-1.21
88.44
0.36
10.31
34.55
-69.31
-19.78
-53.78
28.75
-45.34
-44.33
-2.67
-0.94
41.68
5.2
28.38
71.28
62.51
-74.68
133.82
-0.34
-0.79
52.34
-69.09
-25.21
4.01
-7.12
57.89
122.61
-21.37
-120.16
129.53
-7.7
-9.5
-2.94
-0.29
79.01
-8.03
20.47
5.18
-3.38
11.3
0.82
-86.09
12.61
21.99
76.05
-4.11
1.75
1.36
79.32
11.41
9.39
-7.44
-5.95
-9.23
-13.06
1.37
-103.31
18.89
0.59
-0.29
1.3
5.46
-3.11
2.53
11.73
5.37
-122.98
-14.12
76.81
-30.66
-11.12
-8.64
86.15
27.71
5.74
9.24
-3.69
6.65
94.94
-22.98
162.58
-2.05
3.47
-3.86
8.83
-8.3
0.65
-4.22
37.91
112.57
58.03
-10.81
3.66
4.86
-1.74
41.31
15.77
-96.3
-88.81
-0.31
3.16
24.52
11.38
14.52
-18.74
6.97
-51.85
-16.04
-1.97
7.42
9.52
-8.29
10.33
-12.2
-4.27
-9.69
16.16
-11.39
-133.71
-35.56
-5.71
39.29
-5.07
-48.08
8.13
-1.37
-16.26
9.2
59.6
-12.64
85.39
-5.14
8.29
-11.57
-3.74
-37.34
15.16
-6.15
92.47
8.69
42.61
-35.33
-32.25
17.17
-9.73
80.61
-68.91
-14.48
0.99
-1.52
6.51
-108.79
6.23
-5.58
-6.26
-18.39
-71.46
-8.51
-117.96
7.2
7.76
-10.85
17.29
6.39
65.25
-9.07
75.29
48.27
-13.58
-17.97
-9.5
-15.13
-1.83
-144.01
84.09
-19.66
-23.67
4.19
-8.98
-8.63
41.74
32.1
1.26
-119.32
-0.05
-66.46
13.46
11.08
-0.36
-24.25
-127.68
-3.91
40.1
-9.08
68.41
-10.29
22.51
39.93
12.5
