1.61	4
17.14	1
29.08	1
-10.33	4
-84.46	3
7.94	5
-36.16	2
-75.41	2
-62.37	2
27.84	3
11.38	2
-23.9	3
8.88	4
2.79	4
10.79	2
9.68	2
3.38	3
-42.75	1
-20.28	4
-13.18	4
-8.19	4
90.34	3
-57.61	3
22.88	2
-36.5	3
-19.57	1
-78.48	1
35.79	5
-197.03	3
-86.81	2
5	4
26.67	3
-59.22	2
16.79	1
48.72	2
-11.2	2
72.97	5
-5.05	4
32.3	2
3.67	1
90.76	3
-17.41	3
59	2
-8.82	1
19.21	5
2.21	4
-82.89	3
22.61	4
30.53	5
-4.05	4
-5.11	3
-10.42	4
83.26	3
0.15	2
-14.13	1
99.73	2
7.36	4
-7.8	3
-20.61	1
38.29	5
-34.18	3
-2.46	1
-1.5	4
-57.77	3
0.54	4
-15.01	2
6.14	4
10.65	4
54.89	5
3.51	4
64.58	2
-6.36	2
-7.57	3
30.92	5
-12.53	1
-9.45	2
-40.87	2
-98.26	3
7.68	3
-11.54	1
6.99	1
-2.83	3
-10.18	4
-11.71	3
-4.5	2
96.67	3
19.11	3
6.94	4
-139.07	3
3.48	1
-9.88	4
-5.15	4
0.45	4
56.44	2
36.6	5
-7.49	4
-46.79	1
20.96	4
-74.96	1
-11.01	4
104.98	2
128.94	3
-130.89	3
-54.64	1
6.12	1
3.66	1
3.95	2
123.43	2
-63.47	5
-33.74	3
-18.44	5
32.74	5
-104.33	3
6.3	4
42.27	2
5.72	4
2.77	4
6.45	4
-3.78	2
-43.56	1
-13.27	2
-70.73	2
-14.64	1
-49.41	1
9.14	4
-11.87	4
-16.16	5
6.06	2
11.75	5
99.54	2
-68.31	2
54.39	5
-3.73	2
-6.99	4
30.31	1
41.72	1
0.52	4
130.93	2
0.54	2
0.4	3
47.14	3
-6.33	3
15.99	1
-38.27	2
25.14	3
-32.02	2
-3.76	4
-10.41	2
-62.99	3
55.25	1
12.23	4
46.6	2
-43.09	1
-9.24	1
12.54	1
-5.3	3
82.98	2
0.82	4
4.35	4
24.44	5
20.4	5
-10.47	1
-7.97	3
-26.59	1
21.58	5
-29.08	4
-48.97	2
15.32	2
-5.69	5
10.32	3
24.3	5
11.97	4
-14.94	5
-23.32	2
-2.73	4
-98.07	3
-15.51	5
-6.03	4
-107.59	1
24.74	3
-55.76	1
-159.83	1
-160.34	5
-7.05	1
0.8	5
-59.77	2
-6.54	4
-2.05	1
9.47	4
-10.02	1
-12.65	4
11.85	5
-18.23	3
-139.27	3
-75.21	1
-41.33	3
-30.15	3
13.74	3
10	5
-152.73	3
-8.29	1
6.28	4
-18.44	5
119.53	2
23.66	2
-15.28	4
-0.94	2
-20.1	1
-63.73	3
62.91	5
-27.67	1
0.51	1
124.37	2
10.58	4
-30.03	2
5.85	4
-10.42	4
-0.98	1
-67.34	2
1.82	3
7.46	5
0.15	4
9.59	4
8.08	4
-70.88	2
54.53	3
-3.53	3
-5.84	5
17.33	5
11.29	4
26.26	5
48.02	3
-6.55	5
-3.31	2
15.3	1
1.43	4
-49.88	2
2.57	4
7.13	3
5.25	4
-44.77	2
41.37	1
-12.43	4
-48.96	1
-14.21	5
-72.03	1
8.31	3
-5.06	2
12.43	1
8.14	2
-6.97	1
44.77	2
22.19	5
25.63	5
69.55	5
-12.07	5
-6.07	5
19.98	3
0.79	3
-17.78	1
-17.69	1
4.79	5
10.43	2
58.51	5
-128.13	5
-0.58	4
35.15	2
-3.46	5
-13.94	5
15.8	5
27.21	3
-14.09	1
-2.41	4
50.33	2
-155.49	5
-21.51	5
-29.14	1
56.66	2
-4.35	4
-4.02	2
2.39	5
8.12	3
84.45	3
8.11	2
4.82	4
-15.14	4
-9.66	1
55.59	1
-6.95	4
71.9	5
-0.35	4
11.82	4
26.88	1
-26.74	1
163.84	5
8.15	1
-43.77	3
10.43	1
-8.78	4
124.96	2
8.41	5
-8.52	4
96.56	3
-15.38	3
-1.47	5
-23.04	2
-2.51	3
-24.43	5
30.79	1
-10.09	1
7.18	4
-7.42	3
-5.24	1
21.49	1
-12.11	4
9.08	3
4.49	5
-59.96	2
12.2	4
103.08	3
6.71	5
-3.21	1
3.52	1
-13.08	3
11.04	4
27.92	1
-0.25	1
38.69	1
-161.88	5
-8.14	3
22.09	4
-49.36	5
32.59	5
25.92	2
-11.43	4
-8.48	4
-18.99	4
40.46	1
4.23	4
-9.53	3
-4.48	2
34.32	2
10.55	4
-25.3	2
-1.93	1
8.07	3
39.94	5
-116.06	2
-32.31	5
75.14	1
11.89	4
9.65	5
11.35	4
28	1
-51.42	5
114.82	3
0.3	2
55.03	3
-93.98	5
12.04	1
63.84	5
-20.6	1
33.43	4
-79.6	2
13.48	5
-56.71	1
-7.39	2
0.8	2
-18.24	5
-91.86	2
-17.04	1
29.18	5
13.04	1
-41.92	5
-2.15	3
-54.1	5
13.51	5
-103.98	3
-25.65	1
-5.56	1
-71.41	5
15.38	3
-55.97	3
54.26	5
97.66	2
-7.07	4
-4.2	4
-3.68	5
-1.28	4
-9.87	5
2.82	5
-2.61	5
-12.69	4
11.61	1
7.99	1
7.96	2
21.75	3
81.34	2
-19.36	1
-2.99	1
7.8	5
-7.32	3
-5.14	2
12.7	3
-103.8	2
-21.57	2
4.35	2
139.71	3
23.56	3
52.89	3
10.93	3
7.76	4
-85.74	5
12.92	3
23.86	5
18.97	2
6.26	2
11.49	4
-4.63	4
11.1	4
21.81	3
-54.08	1
2.4	4
98.04	3
12.22	4
11.02	4
64.76	5
-23.63	2
9.71	4
-4.91	3
-13.41	2
99.54	3
7.45	4
-10.47	5
-20.58	2
35.05	1
46.25	1
-9.01	4
-58.43	3
7.74	4
-13.84	1
4.69	4
21.88	1
-54.76	2
13.3	4
8.87	5
99.81	3
-51.24	3
76.55	5
11.57	2
37.31	5
-13.29	3
65.92	3
95.7	5
29.98	1
-193.28	2
-10.7	1
47.27	2
-10.64	4
30.67	2
95.48	3
2.54	5
-65.7	2
-9.33	2
9.01	3
-0.63	2
-214.21	5
10.57	4
-39.22	3
75.21	1
-3.5	1
76.4	5
82.21	5
-11.43	4
88.23	5
-1.76	2
-5.71	4
-8.01	3
-21.73	5
-83.2	2
-0.26	2
-87.97	5
9.07	3
-7.82	2
-11.9	5
-20.32	1
-2.6	5
-7.42	2
146.27	5
-12.59	4
28.54	3
-7.84	1
60.83	5
9.08	4
-7.45	1
161.84	3
12.08	4
18.21	1
1.44	2
-1.73	4
-96.31	3
-5.97	3
-6.9	4
-4.76	2
43.02	2
-1.41	4
-0.07	2
3.53	3
90.14	3
-7.03	2
-11.24	5
9.4	1
-86.91	1
-11.34	5
-16.29	1
-25.16	3
10.22	5
-35.26	2
48.31	3
-5.49	3
-8.27	2
27.53	2
-34.68	1
215.02	3
-37.46	1
5.09	4
-76.82	2
-40.89	5
8.47	5
-64.72	5
11.81	4
24.01	1
45.27	1
-0.01	4
-2.6	3
9.27	4
-28.1	3
-17.61	2
-11.35	5
13.49	4
-23.9	2
-184.5	5
13.62	5
-12.16	4
-10.85	4
-5.86	3
-95.18	2
-6.67	4
84.78	1
63.14	5
8.01	5
-27.26	2
6.16	5
-63.08	1
42.48	5
24.1	1
-9.68	3
13.23	3
-11.16	3
22.71	1
36.71	1
-23.85	1
-29.67	3
4.57	2
28.43	1
-37.45	3
97.83	3
-7.8	5
-136.93	3
-47.08	3
11.53	3
-24.86	2
-55.05	1
10.24	4
-14.27	1
6.04	3
-2.54	5
-114.29	3
-9.65	4
12.3	3
1.94	4
10.75	2
-13.98	2
44.9	1
1.1	4
9.07	5
-27.45	5
63.91	3
-5.49	2
-13.45	3
-2.36	5
-23.8	1
16.32	5
27.92	3
-9.35	1
2.26	3
-2.57	5
-45.52	5
31.81	2
12.19	2
-3.36	4
-27.15	1
-29.45	5
-15.91	3
2.44	3
-1.34	1
-9.09	5
-156.76	2
71.82	3
-48.18	2
7.76	4
27.02	3
54.28	5
8.2	5
35.84	5
-81.59	2
-125.36	2
-6.59	3
6.8	4
5.08	2
-85.75	5
12.07	1
95.1	5
-17.12	3
-12.57	4
36.91	1
0.75	2
-78.57	5
12.55	4
5.99	4
-2.82	4
52.16	1
20.36	5
14.61	4
8.18	1
35.38	3
-43.9	1
2.03	5
-13.29	1
-3.73	4
23.6	2
-39.78	3
-7.59	4
-42.65	3
-9.6	5
-6.02	5
9.58	5
27.12	1
-79.2	1
31.5	2
1.23	2
-10.99	1
11.67	2
0.61	2
-1.66	1
1.99	4
18.14	4
-55.72	1
-0.24	2
-17.27	1
15.47	2
10.74	3
34.59	3
-8.38	4
-7.92	2
-56.54	3
14.07	1
16.62	5
-119.2	2
39.68	1
-10.9	5
-15.1	2
3.03	3
0.6	3
25.27	5
237.01	2
-20.47	3
-7.3	5
-34.22	2
15.15	1
-14.75	4
-2.31	1
-13.21	5
31.33	3
-25.47	5
-12.86	2
99.95	2
85.88	2
49.14	1
-166.32	3
-54.32	3
-9.7	4
-2.81	5
-92.88	5
0.09	4
-2.44	3
-288.93	2
7.75	3
-5.85	1
-2	1
7.19	5
81.7	1
36.34	1
-59.95	5
56.92	1
-8.84	2
96.94	3
-21.55	1
11.21	1
11.15	5
3.37	3
-13.21	4
58.14	2
-2.33	4
-20.31	1
-6.7	4
-11.25	3
1.02	5
28.83	3
4.1	1
-14.92	5
22.25	1
-16.26	3
58.41	3
2.54	3
0.33	4
-0.18	4
162.11	3
-10.41	2
76.53	1
-3.16	4
18.28	2
14.76	5
-156.64	3
90.13	2
-6.62	2
-4.56	4
15.3	5
-10.68	5
-15.17	5
3.53	1
42.79	3
-24.82	1
37.85	2
-7.1	3
-49.82	5
-18.43	4
3.45	3
-48.51	3
10.45	2
-8.06	1
23.18	3
10.44	5
-66.6	2
-29.94	2
29.5	3
28.73	5
10.59	4
45.23	2
-85.11	5
-9.82	1
0.51	1
-2.36	4
71.68	5
-7.25	2
2.89	1
-21.72	2
2.82	4
39.95	3
12.24	4
32.26	5
14.39	2
34.1	1
1.99	5
51.37	3
7.84	2
-43.74	3
59.3	5
78.01	3
67.39	1
-112.65	1
3.09	4
-5.65	5
68.54	2
-105.07	3
6.55	4
34.39	4
-12.37	2
-39.19	3
-0.99	3
10.15	2
-24.9	3
32.97	3
-3.22	1
80.63	1
-12.07	3
-19.08	2
-92.38	5
-2.52	2
6.49	4
-9.08	2
90.52	2
3.79	2
-10.8	5
-2.05	4
41.29	3
3.22	1
-2.04	3
-19.99	1
14.52	2
17.52	3
-6.91	4
6.13	2
-101.63	5
-19.58	3
0.74	4
-44.23	5
2.85	1
-8.73	5
12.71	4
300.78	2
-8.12	5
0.37	2
13.14	4
-3.04	4
-32.11	2
50.98	3
159.95	3
-29.7	1
-68.51	1
12.27	4
16.86	5
-0.76	1
-9.04	1
51.94	2
5.18	3
11.64	2
-107.91	3
-51.14	3
-43.47	2
10.8	1
-11.67	3
59.74	1
-10.52	1
10.97	3
-19.22	3
-5.58	5
25.14	5
-69.73	2
1.38	5
-31.23	5
17.95	4
-68.67	3
-19.97	5
-12.6	1
-3.21	2
12.04	4
-10.68	1
7.29	5
19.09	1
44.93	5
92.66	5
-78.4	3
6.31	3
-47.1	1
-6.01	4
-14.44	3
8.18	2
16.3	4
25.83	5
10.04	4
-2.16	3
-7.28	2
-14.59	2
-90.42	3
-16.3	3
-13.46	5
-0.98	4
-4.37	4
37.83	5
14.88	3
-0.77	1
-109.98	3
-13.11	5
14.67	4
9.85	4
8.94	2
3.25	4
-108.79	5
-7.82	4
-43.41	1
20.33	2
14.74	4
29.87	5
-12.79	4
-18.78	5
-3.79	5
12.6	5
-9.91	3
-10.49	4
1.66	2
87.23	3
18.53	5
36.43	5
11.77	1
60.77	3
-24.84	5
-32.38	1
-53.74	1
10.23	5
32.6	1
30.29	5
-17.33	5
2.86	1
168.67	3
-107.2	3
-9.27	4
-31.5	5
-127.68	2
-85.08	3
35.77	3
-83.74	3
42.79	2
-30.19	2
5.19	5
36.24	2
-46.84	2
-5.36	4
11.58	1
20.81	4
-34.23	1
-5.38	1
34.48	3
-88.07	2
33.13	5
36.38	5
-28.23	2
-12.4	4
-14.86	5
-35.19	5
-62.06	3
-7.5	2
-11.84	3
3.74	1
-31.52	1
-12.87	4
-45.58	5
115.85	1
85.11	5
-11.62	2
6.67	5
6.83	5
252.05	5
-30.96	5
-8.24	2
-7.15	1
22.35	1
17.88	3
307.5	2
31.75	5
-12.23	4
-121.53	3
-27.74	5
-50.96	2
78.49	2
-19.17	3
-9.78	3
-0.64	4
22.99	2
2.04	5
-28.51	5
24.54	5
23.03	5
55.51	2
-55.43	2
22.87	2
46.4	2
50.26	5
-0.2	5
12.06	2
6.36	1
99.52	3
-4.09	3
52.4	1
-74.17	2
-7.48	4
-8.65	4
38.99	3
30.86	2
1.83	3
45.84	2
-16.74	3
-26.2	1
-16.47	3
4.14	2
-9.5	1
-15.37	1
-2.77	1
101.1	3
-63.41	2
-52.49	2
-36.41	2
-49.35	1
47.65	5
25.98	2
16.8	4
159.14	2
-5.58	4
0.9	5
-40.28	3
20.52	5
-8.3	4
2.51	1
11.34	2
69.26	2
5.66	1
-13.51	4
13.85	4
-34.03	5
-5.6	4
87.02	5
-2.49	2
-7.25	2
-52.06	5
