33.94	3
30.04	1
11.08	3
-10.6	4
9.47	2
-5.42	4
-8.84	4
-176.17	3
-69.64	1
1.73	2
-81.21	2
3.46	5
-69.99	3
-11.69	4
8.29	3
9.1	1
12.76	4
-58.5	5
0.9	2
-13.39	4
51.96	5
39.58	2
-35.2	2
34.85	3
2.4	5
2.23	1
15.74	4
-10	1
-85.7	2
-37.51	1
12	3
19.93	1
-3.05	5
-51.66	3
-19.88	1
9.9	4
-20.36	3
5.9	1
-9.82	1
31.86	1
-4.14	4
-6.82	4
46.94	5
-1.5	2
-0.81	4
11.78	5
-4.35	1
36.38	3
87.73	3
-26.27	2
28.85	3
46.69	1
-50.62	3
37.92	5
70.18	3
8.06	4
-16.51	1
-10.82	4
14.4	5
6.79	3
-19.5	4
-1.18	5
-5.42	4
-0.19	4
-8.09	2
35.08	2
57.29	2
33.57	1
-142.64	5
10.07	4
66.87	2
-56.54	1
-17.07	3
-165.99	5
13.15	2
-38.1	1
1.63	1
8.7	1
47.66	3
8.81	1
-176.31	2
110.59	3
1.83	1
-10.23	4
-127.56	5
14.77	4
62.63	3
8.87	1
17.98	2
31.03	5
-25.33	2
-52.7	1
-8.55	1
26.39	1
-12.44	5
-19.37	1
-43.82	3
2.99	4
-43.71	1
-146.97	3
86	5
3.69	1
-5.23	4
6.85	2
7.12	3
-1.47	1
41.61	2
75.59	5
-7.35	3
-11.79	4
-9.17	4
-244.08	5
-55.48	3
93.26	2
27.01	3
-24.68	3
75.45	3
29.2	2
-10.73	4
-11.99	1
29.43	1
-7.81	4
18.58	3
147.66	5
5.68	1
50.28	5
-13.1	4
-11.83	4
22.4	3
-12.36	3
-10.63	4
61.95	5
-0.24	1
4.5	1
-21.84	4
-4.37	5
19.5	1
-3.93	1
-2.89	4
11.86	3
-24.23	1
18.5	2
-0.8	5
9.56	2
34.87	5
19.6	5
1.07	4
11.71	5
-9.37	1
102.85	2
-11.71	3
53.39	3
-115.07	3
-2.93	5
-5.22	4
8.35	4
36	1
31.62	2
-44.06	3
-3.52	1
50.32	2
-16.98	3
21.64	1
12.7	4
-8.7	1
8.61	3
-102.02	3
63.77	3
-0.38	2
-15.14	3
-1.68	2
10.66	5
34.19	5
-91.7	5
18.41	4
-12.02	1
11.73	3
-13.22	5
-9.66	4
0.09	1
12.91	4
-3.1	5
20.76	1
-27.05	5
39.91	1
-29.59	3
-114.54	2
47.59	2
-54.35	3
11.62	5
0.54	4
-17.41	2
-172.21	2
-13.18	1
54.12	2
10.43	5
44.12	5
3.01	5
184.07	2
-22.11	1
28.1	1
-72.36	1
8.22	4
-4.21	2
46.84	5
17.29	3
2.9	4
-32.05	5
-3.31	2
-40.35	2
35.18	1
6.64	4
-8.99	3
-14.27	4
-2.4	5
-8.33	3
-0.88	2
45.86	2
7.99	5
-8.39	4
23.25	2
-55.32	2
-23.6	5
-4.1	1
-2.25	4
5.32	1
5.43	4
5.62	1
52.01	5
-21.39	1
147.57	5
12.28	4
-130.86	1
-41.95	5
13	3
-36.1	1
-0.78	1
-103.02	2
45.4	5
-9.5	4
25.64	2
-6.13	5
35.62	5
38.96	1
-88.13	5
3.04	2
-38.04	2
-8.59	1
25.89	5
14.28	2
59.73	2
9.25	5
-41.39	5
-21.74	3
122.59	5
73.72	2
-69.31	5
49.35	5
-1.1	1
12.63	3
-69.31	3
81.7	5
-111.75	3
-11.13	2
12.99	4
-339.8	2
70.71	1
136.01	2
12.91	1
5.5	1
19.88	2
-69.15	3
-50.08	3
-22.35	5
15.37	1
1.6	4
2.4	3
-13.94	1
20.97	3
4.06	4
-157.9	1
-5.88	5
23.84	1
-6.67	4
-111.63	3
23.2	2
6.81	4
-9.35	4
8.21	1
36.66	2
-10.5	3
45.92	1
-2.36	4
1.48	5
31.19	1
-15.31	5
6.62	4
10.64	2
14.84	5
-114.22	3
9.64	1
3.81	4
9.87	5
8.71	3
-11.01	4
3.3	3
26.07	5
36.5	5
3.94	5
-1.35	4
-15.43	3
38.16	2
53.25	3
-36.1	5
-34.78	5
-193.94	2
-58	3
-8.78	1
-1.98	3
30.67	2
9.02	4
31.86	2
7.08	3
1.89	4
43	5
32.1	2
24.71	5
-56.31	5
41.01	2
280.85	5
6.64	5
4.64	2
-9.04	1
15.66	5
67.93	3
1	5
-87.72	2
60.99	2
-3.85	4
-18.34	2
-5.55	1
57.82	2
-76.54	1
-6.52	1
27.78	3
14.14	4
-10.3	4
27.46	5
1.37	4
-4.87	4
-10.07	4
-34.18	3
-32.29	5
-8.96	4
-6.64	1
-1.63	4
-36.66	2
50.31	2
-2.64	4
52.19	1
17.65	3
-15.63	1
39.6	2
5.48	3
-35.11	5
30.5	5
15.68	4
4.12	4
5.98	4
31.94	2
0.07	2
32.86	2
-1.68	4
9.12	3
45.48	2
33.31	1
-59.01	3
-185.11	1
-11.16	2
-57.26	1
47.45	3
9.2	4
-5.62	3
-13.12	4
-8.48	2
-1.56	2
-9.92	4
13.27	1
211.84	5
38.83	3
-3.67	4
-29.37	3
15.84	1
-90.33	3
1.14	4
-10.53	3
-157.03	5
72.85	2
21.3	2
-7.91	2
17.09	5
-2.25	3
5.98	5
-8.16	1
-7.14	1
13.78	4
-10.6	5
-11.55	1
9.98	1
8.58	1
-1.64	4
3.95	4
164.3	2
11.48	3
-12.79	1
6.06	3
-7.62	5
4.08	4
-26.82	2
-3.69	4
11.44	5
-18.43	2
2.61	4
49.66	1
-14.46	1
-58.88	3
7.14	3
-13.57	4
9.19	3
60.29	1
62.86	1
8.9	4
-88.18	5
12.42	3
2.01	3
-17.57	3
2.53	2
18.61	3
39.24	5
-16.33	1
-28.71	1
-1.02	4
-11.23	4
4.07	4
-41.44	2
-71.91	3
48.86	1
7.19	4
7.35	1
2.01	5
-0.28	4
-69.22	3
-7.3	5
-10.32	1
-45.97	5
-53.91	5
1.44	2
-1.45	1
18.08	1
-0.96	4
-52.89	3
-27.17	3
81.97	3
-77.76	3
-10.68	4
62.17	3
-11.79	4
33.22	1
-46.51	5
-13.55	2
-5.24	2
-79.81	3
-22.09	2
9.88	3
28.42	2
-23.86	5
2.22	5
87.11	1
-13.73	5
-34.67	1
-9.19	5
8.81	5
-32.84	3
-4.8	4
-4.27	4
-137.78	2
-6.51	3
-29.39	3
-19.33	5
-63.1	1
9.98	4
-4.65	4
-11.18	4
-24.63	2
-7.83	3
2.87	4
89.21	3
-29.36	2
-0.38	1
14.14	4
9.92	5
86.09	3
86.2	5
45.45	5
-11.06	2
-27.68	1
-58.33	2
-12.41	1
-18.55	2
19.25	1
-2.44	5
-4	4
16.67	2
-7.21	3
2.19	4
5.44	4
-5.6	4
5.01	4
-57.13	2
-24.74	2
-19.35	3
39.28	5
-9.78	4
-150.66	2
44.05	5
59.07	5
-15.5	3
-12.49	5
29.12	3
33.91	2
103.13	2
9.01	2
7.29	5
15.31	3
-6.75	4
-3.44	4
99.38	1
-31.87	2
9.09	1
-16.63	4
31.41	3
-6.84	4
-468.36	2
39.39	2
24.77	5
-4.49	5
39.53	2
43.09	5
17.97	3
-5.58	5
-3.33	1
-114.73	3
14.95	4
-62.41	5
10.33	2
-9.79	4
3.75	5
11.46	5
-171.42	5
2.76	3
-19.27	5
4.88	4
48.68	1
37.57	1
-8.09	2
-128.39	5
3.7	4
-13.23	2
38.96	1
19.91	2
-140.75	2
-37.53	2
-52.11	1
58.75	2
3.24	4
43.15	2
-4.43	4
69.77	2
-4.33	4
-46.55	1
45.76	2
4.67	4
60.73	5
-10.15	2
9.51	1
5.75	2
3.73	5
6.06	1
17.51	3
3.26	3
-5.73	4
7.04	5
15.66	2
32.04	3
32.09	1
35.93	1
-9.27	4
10.97	1
-61.34	2
-58.32	3
12.35	1
73.41	1
-6.5	1
2.95	1
1.26	2
9.77	2
12.39	4
-4.8	4
-90.31	2
19.5	5
-8.41	4
41.34	2
-95.16	2
-0.82	3
-53.87	2
-27.7	2
-8.3	4
-5.94	4
11.88	3
35	5
38.12	5
-17.99	2
28.95	1
-8.75	3
-16.27	3
-9.15	4
-49.37	5
15.8	5
-10.3	5
-27.81	1
-8.45	1
-3.75	4
-4.97	1
11.43	1
7.81	5
10.29	4
147.88	3
85.71	2
73.38	1
-31.23	2
-11.04	5
9.98	5
9.35	1
85.47	5
2.01	2
20.19	2
105.96	1
12.76	4
-16.28	3
23.2	3
27.34	5
34.11	1
79.42	5
-19.19	3
-65.57	1
3.63	4
-14.87	5
-12.79	1
139.39	2
7.28	2
37.41	5
-12.89	4
-16.51	5
-45.76	1
44.27	3
-72.56	5
-30.59	5
-8.1	4
-63.75	5
6.7	5
-29.21	3
49.21	1
-8.86	4
-62.91	1
35.3	1
-15.04	1
-10.73	2
45.92	5
-58.5	3
32.5	3
-4.13	3
4.85	1
1.34	2
100.57	3
26.15	3
6.4	1
-12.31	5
-495.49	2
-28.65	3
3.47	4
-3.49	4
-64.43	2
-34.8	2
-17.2	1
-73.34	3
57.44	3
-2.6	5
21.25	5
8.43	4
47.86	1
18.76	1
-28.26	2
-38.85	5
57.14	2
6.9	4
6.38	3
11.6	4
0.46	1
-49.88	2
-78.76	5
-79.32	3
57.4	3
12.75	5
13.59	1
-18.52	4
18.83	5
39.65	5
20.81	2
3.28	5
-142.04	2
-1.66	1
-15.21	1
40.39	1
-2.45	5
12.71	4
-8.34	4
-11.43	4
74.42	1
9.96	5
-0.42	1
9.53	1
20.47	2
-13.33	5
-46.69	3
27.97	1
-8.48	4
8.72	5
28.39	1
-130.19	2
8.86	3
-1.02	5
19.56	3
0.4	1
-11.52	4
39.2	5
-0.93	2
11.66	4
28.04	3
45.85	1
38.15	2
-161.26	5
-23.1	1
-6.86	4
-38.63	1
42.04	5
7.92	3
-12.9	4
-24.67	2
-0.7	4
6.71	4
-41.9	5
4.36	5
28.04	3
-20.18	1
-65.93	5
-6.77	5
14.01	3
80.75	2
-6.4	4
8.65	1
12.57	3
-7.85	1
15.73	4
-9.2	5
-1.85	2
4.53	4
33.88	2
-108.98	2
-33.33	2
67.22	2
-65.45	2
108.14	1
-3.77	5
-115.22	3
90.53	2
-28.97	2
-1.88	3
-30.78	5
-54.31	3
43.95	5
21.58	1
11.97	4
-8.37	4
5.42	2
-65.45	5
-8.58	2
9.99	3
-32.12	3
36.89	5
-8.26	1
22.23	1
49.52	2
-53.1	3
-13.33	1
38.66	3
-5.95	1
98.73	2
14.96	3
110.74	3
93.63	5
-9.76	4
-29.37	2
-201.14	2
12.09	4
-9.96	4
8.69	2
21.46	5
-62.21	3
-32.9	1
14.91	1
-4.68	4
-12.08	5
56.43	3
20.59	3
-8.54	5
-32.72	2
68.69	2
-9.11	5
-6.32	4
66.5	5
4.88	4
-6.57	1
-3.75	3
-14.8	5
-7.18	4
6.61	3
-2.83	5
19.95	1
39.09	1
-68.76	5
67.81	3
8.86	4
2.36	4
-10.01	5
0.11	4
-11.14	2
-16.17	1
-17.91	5
29.45	1
16.39	2
5.58	2
-23.05	1
-26.58	2
-18.34	5
7.9	4
-9.34	3
-72.95	1
-16.16	4
29.57	3
41.26	3
9.02	5
8.25	2
12.91	2
-24.1	1
-18.66	2
-2.72	4
-26.69	5
7.89	1
0.72	4
1.67	2
-21.08	5
-57.57	3
-38.56	1
11.26	4
-32.96	5
16.41	1
11.78	4
-53.73	3
15.69	5
-36.15	1
-3.97	3
80.86	3
-18.88	1
214.24	2
-10.9	2
-2.21	2
44.5	2
6.6	2
5.77	4
48.3	2
-40.42	2
-14.26	1
20.87	5
10.18	4
38.82	5
-9.28	1
10.42	4
42.79	3
78.61	3
-2.43	5
-18.31	1
-29.37	3
5.15	4
-17.55	1
-8.95	3
41.51	4
16.81	5
5.87	2
11.03	4
-7.95	1
-1.88	2
93.61	2
36.62	1
12.89	4
-7.02	2
-39.39	5
29.06	5
35.55	5
-60.69	5
15.41	2
124.45	3
26.08	5
2.3	4
9.17	5
11.87	2
13.28	4
-4.28	4
-96.56	2
51.4	5
4.32	3
10.89	2
75.49	3
23.47	2
8.19	4
13.18	4
-9.52	3
-11.5	4
15.86	4
28.64	3
-0.49	4
-164.72	2
-17.86	2
-13.35	2
18.58	2
-43.52	2
39.79	3
-9.5	1
-10.36	4
63.3	5
16.53	1
-66.57	5
-6.81	3
-18.72	1
46.35	2
5.68	4
11.12	4
-17.64	3
-3.66	2
-4.25	2
-8.33	2
-70.33	5
-10.47	4
-0.49	4
17.65	2
44.26	1
-0.71	4
-147.67	3
-13.31	5
32.75	2
90.48	1
-5.95	5
8.07	2
-94	5
20	5
10.33	4
-6.26	4
4.79	2
-25.24	1
115.74	1
35.89	2
-1.84	2
9.82	1
-24.59	2
-2.96	3
4.29	3
5.76	3
11.05	4
34.2	1
-2.44	2
7.48	3
-1.96	1
16	5
-4.09	3
-133.66	5
0.98	4
53.16	3
-25.2	2
22.91	2
-79.18	5
-29.76	2
2.89	1
-6.32	3
-88.56	2
9.59	3
-33.36	5
-31.09	5
9.68	4
13.95	5
28.6	2
-6.6	4
-68.67	5
-32.17	3
-3.15	1
51.64	3
-65.36	3
61.54	2
6.24	4
101.86	5
-19	3
60.01	5
-14.6	3
2.13	2
3.32	5
7.87	2
