-54.41	3
36.65	1
68.86	5
-86.86	3
-41.29	5
5.71	4
-38.84	2
-5.01	3
-6.13	4
-49.56	2
1.52	3
-4.72	1
-80.25	3
-5.86	5
75.51	5
-7.04	2
33.95	2
-13.1	2
-26.47	5
-87.95	5
6.21	3
-5.19	4
-96.46	3
-6.21	1
-152.18	2
50.39	5
-15.52	5
-41.63	3
-10.4	3
5.02	2
7.85	4
0.18	3
7.43	4
-6.79	2
-97.03	2
-13.96	2
7.89	5
-29.12	5
-5.8	5
-48.08	1
18.12	5
-65.82	3
19.48	5
-2.95	4
-10.31	1
4.7	5
-2.71	5
-1.91	4
-20.72	2
-12.05	1
-95.62	5
-82.68	2
-13.5	3
-4.57	5
-67.62	5
35.01	5
-11.56	4
9.57	1
-9.53	4
14.58	4
6.09	3
-30.34	2
9.6	4
-4.68	4
-99.92	2
35.41	3
7.57	4
-13.18	3
5.17	4
-8.45	1
15.91	4
-8.83	1
0.71	2
2.28	5
-23.53	5
-52.27	3
46.61	2
-5.34	4
-3	2
6.86	4
-2.18	2
148.18	5
-139.01	3
45.39	1
82.05	5
-0.57	1
34.01	1
-69.62	2
10.46	2
-0.33	2
-10.6	5
-6.15	4
-11.31	4
21.67	5
-7.96	2
-0.42	2
-69.58	5
3.93	5
19.18	1
-0.72	1
-10.1	3
10.16	4
-0.55	4
-7.76	4
-41.77	5
-11.51	4
67.1	3
-4.87	5
50.43	3
18.71	1
7.1	4
-9.05	1
-92.73	2
1.7	3
-44.8	5
8.31	5
3.22	1
-21.52	3
-26.36	2
-16.14	4
7.25	1
-86.49	5
-11.69	1
-16.94	4
-51.01	3
-43.39	3
-135.6	1
-2.2	4
6.32	4
-10.45	4
-7.14	4
-9.76	2
-33.43	5
-3.11	2
2.45	2
-0.18	4
-39.56	5
-2.85	4
158.05	2
-8.98	2
69.39	1
-6.34	4
-65.73	1
29.21	3
-10.28	2
13.35	4
13.61	4
5.96	3
31.89	2
4.57	5
5.88	2
-67.96	5
-25.19	3
-11.16	1
-4.76	1
-19.74	1
-203.36	3
-2.04	4
157.83	3
5.83	1
212.85	5
-140.42	2
-29.1	2
45.14	5
16.06	1
9.87	5
8.09	2
0.59	5
-11.95	2
-49.37	5
11.43	4
7.31	3
80.9	3
-1.82	5
-181.3	5
45	2
-84.09	3
-2.7	3
119.42	3
-40.29	5
-1.34	4
22.52	3
2.85	4
-59.35	2
85.22	2
-136.18	2
13.51	1
-37.01	5
-2.61	1
11.84	4
-81.24	3
10.32	1
2.58	5
136.54	2
88.3	2
-2.38	1
-41.42	1
12.83	5
39.82	3
-61.75	5
-57.79	1
20.92	2
42.7	5
-95.72	5
8.72	3
11.32	4
-41.39	2
-101.78	3
-27.02	4
-3.73	1
-9.49	1
9.54	2
27.88	3
70.41	5
49.56	5
8.23	4
117.15	2
-26.87	3
-2.08	4
-9.52	4
-4.01	5
1.6	1
-5.42	2
5.37	3
5.66	1
-0.71	1
8.07	5
8.11	3
67.5	3
-67.04	3
3.43	2
-63.61	3
-11.59	4
-10.98	4
-39.3	5
-18.31	1
-123.49	3
10.56	4
7.65	4
-8.28	4
33.11	1
57.06	5
29.56	3
-11.2	4
-31.31	5
-62.19	1
1.56	2
83.74	3
-38.03	2
-26.43	5
25.76	2
-6.42	3
-5.77	4
-6.22	3
13.27	4
5.1	4
74.2	3
132.19	3
14.93	1
-5.97	4
105.01	2
15.14	4
-19.43	1
4.18	4
5.12	1
-5.45	4
5.74	2
3.96	5
5.92	5
84.69	2
-4.89	3
41.68	3
-13.14	3
9.64	4
6.74	2
80.13	3
-9.26	5
3.28	4
-5.06	3
-76.9	2
62.39	2
29.15	5
19.46	5
-94.97	3
36.48	5
-7.3	5
-1.83	1
-4.79	4
3.57	4
-54.88	1
58.36	3
43.25	2
100.03	5
-9.38	4
-4.81	5
-27.28	3
-4.66	3
-18.83	5
-2.64	4
-121.73	3
39.46	5
-108.81	2
7.33	4
6.26	4
72.06	5
7.75	1
1.02	4
-104.47	5
3.61	1
37.13	1
-9.28	1
-8.45	1
-71.14	5
14.8	3
4.82	4
8.38	4
5.66	4
10.96	1
-5.01	2
3.3	4
0.14	1
-37.64	2
-41.4	1
-8	2
-7.82	2
30.39	2
73.31	5
43.5	1
58.63	5
-30.35	3
-0.36	4
-4.97	3
1.16	1
35.78	2
-6.28	5
-53.67	2
4.57	4
3.3	2
44.99	2
31.14	3
27.58	1
2	5
10.85	3
-1.31	4
-12.98	5
-5.05	5
4.36	1
-317.22	2
-42.87	5
35.04	2
8.84	5
84.44	2
-26.7	5
8.64	1
6.65	5
-1.08	4
4.01	2
-7.25	4
107.82	5
6.18	4
27.41	2
-51.3	1
-51.77	1
27.45	2
-47.56	2
-6.64	1
-15.76	5
-39.49	3
-16.73	5
-45.35	1
-27.21	3
41.79	5
16.31	3
32.71	2
-33.48	2
75.46	1
10.63	5
-98.45	2
-142.98	1
-125.1	3
93.32	2
70.71	3
54.05	2
-10.52	1
-58.41	1
2.03	3
63.74	1
-24.38	4
-101.13	1
134.74	3
-6.67	4
-128.33	5
87.76	3
226.13	2
-40.06	1
-92.61	2
-58.07	5
89.54	3
10.67	3
4.74	4
12.09	4
12.25	4
49.64	1
-171.88	3
-10.01	5
-51.35	1
-27.96	5
38.22	1
-2.95	4
-18.48	1
-0.45	3
19.65	4
-32.4	2
-27.18	3
4.45	5
38.59	1
-29.82	5
3.64	5
-51.86	2
32.11	3
62.86	5
18	3
-39.83	2
47.78	2
-59.6	3
7.75	1
66.79	1
-11.83	4
90.43	2
-6.1	4
-8.46	5
78.17	1
3.73	1
60.06	3
-47.63	1
-23.05	1
-7.85	3
110.51	2
-1.8	1
-0.06	1
-31.64	1
-0.32	4
89.24	2
25.63	2
-78.32	5
-38.92	1
12.29	2
11.55	2
39.15	1
6.28	2
-5.64	2
-77.26	3
-12.5	4
-453.8	2
58.33	1
3.3	4
-15.02	5
-10.07	1
-75.51	3
8.3	5
139.67	5
42.95	5
-5.93	1
47.29	2
-5.92	4
2.86	1
-9.84	5
-10.85	2
-13.83	3
9.73	5
-16.66	2
-19.7	2
12.04	4
1.26	5
61.8	2
-23.5	3
-43.04	1
-14.61	1
-14.11	4
-0.43	4
-4.51	4
1.5	4
-30.85	3
9.17	5
-2.82	1
12.72	4
-7.62	4
-24.23	3
-85.32	2
-15.42	4
-6.64	4
-43.16	5
-42.62	2
8.67	1
-82.93	3
-34.22	2
8.23	4
52.1	2
41.6	1
3.64	4
-25.89	3
-18.6	3
4.22	5
9.96	4
-10.8	4
88.02	2
2.13	3
-29.87	5
-2.06	4
-18.17	2
-41.17	5
-22.73	1
3.87	3
31.83	1
-21.98	1
95.32	2
-28.13	5
-0.6	3
-38.18	2
26.44	5
19.6	1
-73.72	5
-29.99	1
-4	4
31.72	1
-65.61	1
-19.31	1
1.73	3
21.37	5
29.12	3
4.19	3
-184.9	2
33.43	1
-7.98	2
-50.06	3
-7.1	2
-3.73	1
-129.13	3
77.27	2
-47.87	2
-4.26	1
-29.21	1
11.09	4
-138.42	2
81.13	2
-90.46	3
-27.41	2
41.73	1
10.82	1
53.9	1
9.53	4
1.27	4
9.55	3
22.63	2
3.2	2
-140.01	2
25.98	5
-46.93	2
1.09	3
-80.64	2
35.81	1
-28.01	5
3.36	4
-51.7	3
49.31	3
72.28	1
-3.76	4
-103.91	3
59.93	5
-41.03	2
4.73	2
35.45	1
20.14	5
16.03	2
2.7	4
-22.07	1
-0.31	5
-39.41	3
110.41	5
10.73	3
31.38	2
6.84	4
-126.65	1
101.23	5
-8.57	4
-8.29	4
20.54	2
-22.22	3
2.44	3
79.9	1
22.22	2
67.28	5
-3.12	4
80.15	5
5.91	4
98.27	5
10.29	4
-36.36	1
-9.75	4
17.02	4
-63.47	3
51.12	3
-20.28	4
-4.78	4
11.21	4
8.5	4
3.39	2
-44.6	3
28.83	5
-48.81	1
22.89	5
-50.71	5
-29.66	2
-23.17	1
34.88	1
-8.8	2
-45.29	1
-90.75	5
68.28	2
-1.33	1
99.36	2
-1.9	1
-10.45	4
8.61	5
1.78	4
-91.92	2
51.13	3
-6.99	4
47.67	2
93.3	1
39.73	3
-7.79	1
8.07	5
11.87	4
20.3	3
-23.06	3
31.91	4
-160.1	3
18.44	1
-80.67	3
18.15	3
66.65	5
-10.48	3
-61.86	1
6.22	2
25.07	5
-29.07	3
-10.25	4
11.71	4
9.63	5
-11.61	5
-3.39	2
35.93	2
-5.77	3
44.7	2
-6.28	5
-10.35	3
37.81	2
83.68	1
8.12	4
41.27	2
-14.73	1
93.59	2
-28.55	5
11.58	5
-3.75	1
-20.59	5
-28.5	3
5.2	1
-67.82	1
54.1	2
3.7	4
-1.91	5
-7.81	2
-168.36	5
-167.35	3
41.24	2
-93.88	2
22.38	2
-55.94	1
10.49	4
14.46	4
-3.63	5
53.57	5
-5.28	4
20.66	5
-14.47	1
10.34	4
-4.6	5
10.94	1
-1.75	4
54.87	3
3.6	5
22.14	5
-7.07	4
40.51	5
10.99	3
185.62	2
43.35	3
-0.05	3
5.42	5
11.2	4
-2.36	1
-48.96	3
-16.81	5
32.64	3
33.74	5
6.66	1
13.27	1
-1.33	5
-25.65	1
-27.77	3
-72.2	2
-25.17	3
-1.37	3
21.67	3
-19.76	1
-3.96	5
74.5	1
-5.02	4
-16.56	5
-26.23	3
31.8	5
14.19	2
18.25	2
48.68	2
45.54	1
-31.76	2
-25.92	2
-26.54	1
3.02	5
31.66	1
-24.04	2
8.57	4
32.52	2
-8.8	4
-9.81	4
2.73	2
14.63	4
-53.39	3
57.41	2
-0.18	4
-8.27	1
-14.51	2
5.68	5
-25.79	5
-11.39	3
-8.48	4
1.21	4
-26.33	1
24.25	1
4.43	2
-1.28	3
-8.16	4
-11.5	1
9.57	1
69.53	3
17.67	1
43.07	5
-40.55	2
-12.76	5
23.28	5
-12.6	2
39.74	1
22.53	1
1.06	1
4.33	4
15.77	5
-21.82	1
16.11	4
84.79	2
-1.67	2
-25.56	1
-7.82	4
-23.13	5
10.82	3
-3.28	4
-11.52	1
-8.25	3
-5.3	4
-70.93	1
-49.19	5
41.33	1
-36.46	5
-119.52	2
-20.38	1
8.41	2
9.55	4
8.11	5
-24.35	3
58.16	2
40.81	2
-27.07	1
-3.29	2
8.71	4
-6.16	2
5.52	4
-4.63	5
-5	4
69.41	3
33.52	3
0.32	1
-43.17	2
1.62	4
-42.57	1
29.44	2
10.03	3
-5.04	3
6.42	5
45.39	3
42.38	1
-3.12	4
-31.45	2
-83.2	2
-28.39	1
71.35	3
6.55	3
-36.6	3
-27.99	3
-11.74	4
-36.47	2
9.9	4
61.6	2
-8.31	4
3.73	1
3.51	2
-19.73	4
20.18	5
-7.9	3
-6.44	5
-39.93	2
9.32	2
1.63	4
8.42	4
11.57	3
-0.83	4
-8.36	4
-1.36	4
0.11	3
-12.18	3
6.95	4
-4.47	5
-12.57	4
45.49	5
53.36	2
-10.1	2
88.71	3
-2.17	5
-47.88	1
-1.5	3
-37.26	3
-7.94	2
37.1	5
-22.79	1
2.75	1
-3.5	1
58.84	5
-13.04	3
6.12	2
27.31	3
8.09	3
12.16	3
-2.41	4
-7.91	1
-19.09	3
-21.81	5
-23.71	3
-4.06	2
8.95	5
1.19	4
-11.59	4
3.8	1
27.13	1
53.69	2
-10.04	5
-8.64	4
-1.81	3
-15.7	2
-15.63	3
2.95	4
9.07	5
-8.25	5
-51.65	5
9.93	5
-0.25	1
23.56	3
-29.75	4
-62.39	1
41.61	5
-42.62	5
42.26	3
-1.3	5
-1.81	2
-20.94	3
-8.05	2
-37.19	5
-1.41	4
-10.11	4
-163.95	3
7.16	5
-29.36	2
-15.66	2
-10.82	2
-2.63	3
11.64	2
50.02	3
24.58	1
-11.81	2
-13.23	5
-30.33	1
-6.73	4
8.65	3
69.09	1
-4.9	4
19.4	3
-6.78	1
-9.02	3
-89.13	2
-20.62	1
29.9	1
-49.48	1
-121.11	5
26.62	2
1.19	1
-8	4
8.87	3
3.07	1
44.33	2
49.55	3
-85.77	3
-11.62	1
13.28	1
-27.92	3
-8.24	5
94.09	3
-17.36	3
7.65	4
-17.8	4
5.12	5
9.54	3
-7.65	2
-42.15	1
53.71	3
25.69	1
-1.67	4
-41.52	5
-130.82	1
0.87	3
-0.09	2
-134.85	2
-25.95	1
-17.64	3
54.12	2
-0.91	5
-9.35	4
-47.06	3
-3.94	2
-41.84	5
26.09	2
10.1	1
-8.96	1
67.27	2
-8.75	1
7.52	2
-2.46	5
-12.83	5
-4.2	3
14.2	4
-8.84	5
-4.72	4
22.05	5
-46.71	3
-0.92	4
16.01	5
-3.14	4
6.72	4
52.3	1
-29.81	1
-4.66	4
-11.35	3
100.94	3
17.58	1
148.1	3
-6.56	5
59.71	2
-1.26	2
64.82	1
-2.02	5
-8.7	2
3.99	1
7.61	1
8.26	4
96.23	3
32.16	1
-69.3	1
-6.31	4
57.72	1
6.92	1
24.08	1
-9.46	4
-79.93	3
3.11	4
-16.39	3
5.78	1
10.17	4
-0.02	3
5.33	4
1.26	5
-56.23	2
-11.91	4
133.27	2
4.78	1
-14.87	1
37.39	5
12	1
-26.76	2
-1.99	4
35.37	1
6.91	4
77.77	1
-24.55	2
-2.24	4
-7.12	3
-40.01	2
