-5.45	3
45.26	1
13.41	1
22.92	5
-24.02	5
-10.23	4
6.36	3
63.88	3
10.73	1
7.7	4
12.86	2
-31.9	3
-9.53	2
22.63	2
-5.23	4
-3.68	4
-13.35	4
10.28	5
5.84	3
-13.65	2
-15.97	5
13.95	2
-15.42	4
-40.22	5
3.09	2
-12.07	1
57.34	5
20.73	1
212.19	2
-12.39	4
-55.36	5
-23.66	3
45.12	1
-15.7	4
-0.32	1
22.51	3
-28.01	3
-4.27	4
5.64	1
5.74	2
6.58	4
120.41	5
-11	2
26.71	1
-23.04	5
1.15	5
-39.87	2
5.99	1
-3.84	3
41.65	5
8.88	4
8.37	3
38.09	5
-23.52	3
12.08	2
-96.28	3
43.59	1
-20.22	4
-8.98	1
-56.49	2
-2.78	2
-21.5	2
-4.59	4
3.77	4
9.73	4
-9.35	4
-24.51	3
-12.67	4
-8.23	3
16.5	2
26.57	1
-161.28	2
-113.36	5
-171.65	3
-24.16	1
71.48	5
1.83	5
69.94	2
17.84	1
-0.3	4
16.3	3
-3	2
8.38	2
18.08	1
-8.98	4
39.9	2
74.55	3
-8.23	5
0.54	1
-30.57	2
-17.25	2
4.35	3
12.38	4
-6.35	3
-6.46	4
-71.59	1
6.84	4
-2.07	1
-14.86	3
11.56	5
-18.71	4
9.05	3
16.39	4
-9.02	3
-8.57	4
46.84	3
-7.84	5
-181.96	5
9.25	1
-5.99	5
37.46	3
103.12	3
-10.89	1
27.87	5
-0.56	4
-10.04	4
-15.42	4
-132.82	1
-12.16	4
7.49	4
14.39	2
88.37	3
-5.03	1
-9.93	5
-30.3	5
57.24	1
-11.85	1
-224.05	5
42.86	3
44.77	1
-7.31	4
-12.04	4
34.58	5
8.96	3
-73.43	1
-30.66	1
-17.86	4
9.02	5
0.51	4
29.44	2
-5.79	1
3.6	3
-62.21	5
-10.48	4
-11.08	2
5.34	3
-1.7	5
16.26	1
0.4	4
-60.28	3
12.28	2
-38.86	3
-101.64	2
-61.74	1
8.63	5
7.77	1
30.82	2
-0.96	3
-106.66	5
-13.33	5
60.87	1
-8.81	5
-56.93	2
-84.72	1
23.35	1
143.23	3
3.16	1
-78.48	1
69.36	5
-21.97	1
-7.41	5
4.8	3
-9.72	4
-7.63	1
-7.15	2
-9.45	4
-19.16	1
-8.39	4
-166.12	3
39.46	1
-6.56	2
12.49	2
-19.2	3
3.77	4
-14.9	5
8.38	4
2.9	3
-41.56	5
133.04	2
12.55	3
-20.26	4
-85.91	3
6.94	3
-5.75	2
27.74	2
5.82	5
33.57	3
25.72	1
43.89	1
45.4	2
-98.87	2
-9.04	2
8.87	1
6.56	3
10.24	1
5.43	3
-19.59	3
16.58	1
-12.04	3
48.81	1
-4.8	4
1.79	4
8.96	2
-10.01	4
-10.59	2
-28.75	5
12.58	4
75.64	3
-16.31	2
-10.28	5
37.8	2
26.29	1
-41.83	5
14.22	5
-7.23	2
-29.53	1
13.36	5
-106.35	1
-8.79	3
-22.21	4
7.46	5
10.77	4
-5.65	4
-38.95	3
-50.87	5
81.05	2
9.04	4
-10.69	2
-4.73	4
-82.91	1
26.76	2
16.42	1
0.64	2
6.72	4
0.84	4
-9.96	4
-22.93	3
-5.88	4
-73.39	1
-5.83	3
-44.96	3
-24.37	2
11.77	5
2	1
-4.69	1
3.28	4
-8.32	5
-41.81	1
-14.63	1
-14.18	2
-9.33	4
-2	4
78.69	2
14.51	4
-2.83	5
-18.96	4
-99.74	2
-25.29	2
21.41	1
5.71	4
-23.79	3
9.66	4
-1.92	4
31.4	2
12.13	5
6.96	3
3.64	4
6.66	2
-12.82	2
54.32	2
-2.65	1
10.69	1
9.38	2
-9.49	4
-19.44	3
-80.39	5
11.67	1
13.12	5
25.77	1
55.58	5
-34.32	1
15.15	3
-0.37	4
51.13	5
18.16	2
-15.81	1
9.32	5
31.38	1
-5.32	1
-16.42	4
-13.71	3
-4.95	4
-8.22	3
18.93	3
22.61	1
7.97	1
6.86	4
-7.03	3
7.61	5
8.32	4
41.55	2
-80.03	3
26.92	5
-2.63	2
-13.21	4
40.23	3
15.71	2
36.31	1
59.47	3
5.97	5
-75.39	2
-33.15	1
158.54	3
-6.28	5
32.3	3
-26.69	1
-46.57	3
-12.04	4
-6.95	5
3.13	4
11.13	4
63.48	3
-4.4	5
4.41	4
48.22	3
-54.03	5
28.89	5
101.29	3
35.12	2
7.2	4
-5.57	5
-129.91	1
19.35	1
42.02	2
-89.95	3
145.53	2
20.16	1
-70.46	2
-9.61	1
-5.55	3
6.03	4
-5.8	4
-147.03	3
41.47	3
-11.46	4
-21.3	5
84.29	2
-10.38	4
-3.56	3
40.66	1
-7.09	4
26.63	5
-91.63	5
-18.06	5
65.32	3
24.65	2
53.33	2
-118.52	3
-35.11	2
-10.35	4
48.28	5
0.48	5
30.34	4
-1.41	4
-9.6	1
-11.7	4
3.28	4
-51.03	1
-64.41	3
18.45	5
70.66	3
80.94	2
20.99	1
9.93	4
37.64	3
78.05	2
5.99	1
-4.02	4
8.85	4
-11.98	4
16.21	4
-9.27	2
-7.23	5
-3.32	1
3.87	4
-0.96	4
-13.07	4
-6.97	5
-10.88	4
-2.43	4
11.44	1
-10.06	4
15.73	4
74.17	2
6.79	3
-1.56	2
-3.65	5
-28.34	5
46.23	3
26.98	1
5.73	4
-21.73	2
81.64	5
58.94	5
-6.01	5
-13.87	5
9.65	4
-8.99	1
-41	2
-32.42	5
-2.54	5
-67.07	2
-7.68	2
47.64	1
96.76	3
8.44	5
-8.26	2
2.78	3
-111.16	5
-7.94	4
-77.85	5
35.42	2
71.61	1
3.09	4
-0.66	5
61.49	5
5.33	2
2.02	2
-3.13	5
-1.82	4
35.31	1
9.98	4
-27.45	2
3.84	2
-151.31	2
-23.66	5
-19.45	3
-14.64	5
48.98	5
-17.03	4
32.93	5
-94.72	2
-0.93	4
7.25	4
-0.18	3
-130.23	3
-10.98	1
-25.52	5
9.68	3
32.75	5
-9.04	5
18.25	3
8.52	3
-23.23	5
-72.81	3
-78.41	1
-0.19	5
9.21	4
18.8	5
38.19	5
2.91	3
-2.65	3
16.21	5
-4.98	1
-110.6	2
-6.26	3
74.02	2
-1.29	1
-6.06	4
7.61	1
3.54	4
50.47	5
20.48	5
7.77	4
35.68	1
-12.45	4
5.52	1
20.71	1
33.34	1
-24.31	5
13.88	4
-79.75	5
-19.46	2
-21.82	1
-33.11	2
-6.46	5
-54.33	5
-112.27	5
7.78	1
5.84	4
-17.78	4
-34	3
-7.44	4
-8.54	3
76.41	5
26.42	3
36.67	2
-5.64	1
56.93	1
18.22	1
-54.42	5
-59.01	3
-0.73	3
-1.94	4
-3.75	1
-12.21	1
15.65	5
2.97	5
-19.81	4
65.9	2
0.99	1
5.92	4
25.29	2
5.64	4
12.08	1
-20.23	3
2.31	4
-25.42	5
6.43	1
-38.37	3
51.29	3
51.04	3
32.01	2
-76.94	3
72.75	1
0.26	1
14.18	1
-7.56	3
0.62	4
1.31	5
1.01	3
-22.62	3
14.97	4
3.75	4
-27.36	1
86.26	5
9.28	1
-65.36	5
97.27	2
-112.03	3
-51.37	2
-43.12	3
44.73	2
-5.44	4
55.88	2
50.88	2
-10.97	1
21.6	4
-85.75	2
-10.55	4
54.3	5
-7.2	1
1.71	4
-1.74	1
-2.69	5
-5.58	1
15.72	5
-21.07	1
2.07	4
-27.25	2
55.63	2
-5.87	1
64.95	1
-25.96	5
28.22	5
-43.16	3
40.32	5
-5.97	1
-9.71	4
33.64	1
42.07	5
265.36	5
-173.57	3
-105.37	2
-10.8	1
11.37	4
2.37	4
-21.45	4
2.32	5
-31.21	1
46.35	5
-19.82	5
-8.45	4
-44.5	2
-3.14	1
11.24	4
-4.64	4
-26.13	5
-1.72	5
-10.7	4
9.97	4
4.17	4
-26.39	5
-13.02	1
-8.24	1
-135.09	3
-11.72	4
27.57	1
-7.94	4
9.5	3
-10.32	3
-81.05	2
-4.56	1
-3.92	3
8.72	4
-7.18	4
-5.57	1
130.12	3
-27.75	3
-47.9	1
4.44	2
-35.18	1
45.75	1
-6.32	3
-9.16	5
116.23	3
-8.79	4
-10.47	4
0.24	1
-25.86	4
6.08	5
-6.91	1
-7.24	4
17.42	4
30.12	1
34.3	2
-14.38	3
86.14	5
-48.97	5
-19.88	2
22.01	2
10.47	4
1.01	4
-6.15	2
4.95	5
22.89	2
-262.05	5
-17.19	2
-92.13	3
2.87	4
-10.69	3
25.6	2
-15.5	3
-10.2	3
16.67	2
-18.7	2
-4.83	1
43.66	2
-67.09	2
11.03	4
-26.68	4
-4.47	1
2.76	4
67.11	5
24.83	1
14.14	4
24.36	5
-17.93	1
1.68	1
-26.31	3
-125.95	3
32.16	1
-16.74	2
4.1	3
-5.13	4
-7.9	5
50.26	1
-86.4	1
-0.64	3
3.57	4
-0.68	4
8.29	2
5.96	2
-5.29	4
72.29	2
10.03	5
0.1	1
-31.34	3
-16.17	5
-98.5	5
9.62	4
16.96	1
50.85	3
35.3	1
-44.6	2
29.34	1
77.53	2
3.22	5
2.93	1
1.4	4
2.48	4
92.24	1
-16.99	2
33.09	5
23.49	5
162.45	2
-5.38	4
-10	4
-129.61	3
-9.64	4
-125.04	3
-0.87	5
104.39	5
-8.33	3
-4.49	5
-45.25	1
66.43	5
-19.5	4
8.34	4
-16.07	2
7.37	4
-31	5
124.1	2
-18.84	5
-22.77	1
66.83	2
39.61	5
40.2	3
-2.02	3
7.69	3
8.57	1
2.89	1
101.68	3
14.52	4
-4.75	5
21.14	5
15.68	5
-15.74	2
-9.99	4
-62.91	1
-4.6	3
11.29	3
-9.31	3
0.93	5
-7.41	1
-5.7	4
19.77	3
-24.58	3
42.61	3
-10.01	1
-49.81	3
-27.38	3
32.34	3
3.98	4
-7.84	1
-135.02	2
-53.16	3
-166.98	2
94.4	3
-102.41	5
-9.06	3
3.75	3
-12.27	3
13.08	5
-7.92	4
22.89	4
19.41	1
-3.07	4
5.42	1
-23.87	5
-16.25	4
5.86	5
-130.75	2
9.4	4
-3.6	5
-12.59	5
68.54	3
27.89	3
23.11	2
1.27	4
-2.25	4
-37.43	3
13.09	5
-1.17	2
-5.04	4
-118.88	1
-6.79	3
17.14	3
45.37	2
58.54	2
-142.84	5
10.53	1
1.56	2
100.11	5
-22.02	2
19.35	1
-86.17	2
52.61	5
2.05	3
16.97	2
-2.97	5
3.13	5
-10.23	1
-39.69	5
-20.17	2
10.45	4
0.06	4
-15.56	5
4.71	2
44.78	1
30.35	3
12.17	5
47.88	5
-16.21	5
-33.26	1
-6.49	4
61.96	2
-21.21	5
1.08	3
41.91	3
-28.56	3
2.72	4
6.47	5
-36.76	2
115.92	2
-1.8	1
2.41	2
24.3	3
62.63	2
264.92	2
-3.31	2
32.93	3
-38.35	3
-12.98	4
-15.97	2
-6.58	4
-23	4
-24.58	1
175.61	2
-53.21	1
-1.87	2
2.8	5
12.6	2
11.02	4
-4.35	2
-8.91	5
2.46	5
7.59	1
42.6	2
77.55	5
-58.48	5
-9.53	5
-69.87	5
-13.11	4
59.67	3
-68.19	5
-1.57	1
7.62	4
-69.47	2
22.33	5
-94.33	2
-8.69	5
-160.68	2
-8.8	4
-13.19	5
-1.32	3
7.31	1
44.89	3
7.74	4
67.24	2
-46.55	5
4.85	4
11.89	4
-7.7	3
-52.22	2
5.65	4
8.17	5
14.35	5
-8.58	4
11.08	4
10.82	3
-21.92	1
14.43	4
4.66	2
-6.22	3
12.25	3
15.32	5
-66.15	1
53.6	3
-30.86	1
5.15	4
5.5	2
5.92	2
-12	1
-8.62	1
7.9	4
73.69	3
2.02	1
-9.24	2
-19.35	1
-13.94	1
-5.91	2
3.45	5
-10.18	5
-20.5	4
-14.52	4
1.37	4
12.79	4
-11.81	3
89.86	3
-15.53	3
21.33	2
2.88	2
-86.34	2
21.34	1
7.99	4
-11.36	4
-1.3	5
137.07	3
-14.56	3
13.17	4
61.14	5
-0.11	3
82.58	1
9.16	4
-39.59	2
46.37	3
4.18	4
0.55	2
12.01	5
-12.61	3
9.35	1
3.58	1
6.23	5
7.1	2
20.32	5
34.58	1
-38.86	1
2.81	2
0.11	4
-11.48	1
149.35	5
-19.28	1
-54.12	1
-3.27	1
-0.81	3
-146.48	1
-7.96	2
0.75	4
44.57	2
-9.78	1
7.14	4
67.43	2
-29.5	5
71.97	5
39.62	2
-40.58	3
62.77	1
-114.55	2
-3.08	2
-1.76	3
7.32	2
-2.31	4
-4.66	4
-118.38	5
44.87	3
17.38	2
103.41	3
43.97	2
11.48	3
-68.65	2
15.56	4
-11.29	4
7.16	1
18.43	2
-15.12	2
-10.58	5
11.56	5
-47.57	2
-3.65	2
5.89	4
37.85	1
5.24	2
-4.25	3
-5.51	2
-3.52	4
29.64	1
27.07	2
-9.09	5
-71.77	3
-7.46	5
-40.28	2
-6.83	4
55.3	3
-152.9	3
-10.63	4
-4.09	2
-1.11	4
-33.68	5
31.04	1
-27.77	1
41.2	1
33.75	3
-9.83	2
14.55	1
115.11	5
4.9	1
-82.41	5
-32.88	2
42.34	5
49.44	3
-12.1	4
5.68	2
45.27	3
-11.96	1
-21.04	1
-10.7	5
-9.4	4
62.44	3
19.32	2
-79.58	2
127.76	1
-34.14	1
11.39	3
