-14.83	5
-56.29	3
0.13	1
12.45	5
-105.53	1
-28.57	3
57.8	1
22.07	3
-6.63	1
47.28	3
-87.37	2
-12.12	4
-85.38	5
-11.17	5
9.34	2
21.16	3
8.76	4
-13.31	3
43.63	3
10.82	5
-2.54	3
-13.23	1
-13.2	4
62.4	3
-11.01	2
-7.71	4
-6.68	5
29.59	1
1.93	2
1.75	4
-3.86	3
34.17	5
-60.67	5
57.62	3
13.13	5
1.99	4
-12.77	4
8.51	4
-151.06	3
12.51	4
-0.72	1
-26.35	3
-18.61	5
-7.63	3
2.15	4
-97.92	2
-23.13	2
-12.14	4
8.02	1
-5.9	1
17.11	4
45.54	1
9.05	5
-51.47	2
9.67	3
-2	2
-9.59	1
3.88	5
-37.51	5
5.78	3
-90.7	1
16.06	4
11.38	2
-21.21	1
-5.04	4
-172.05	2
-111.46	5
-8.18	5
20.82	5
-63.28	3
12.9	4
31.96	5
1.09	4
-0.19	4
-0.29	4
-2.1	4
33.29	1
-5.82	5
8.87	3
-27.45	1
-21.95	1
73	3
0.15	4
196.72	5
-18.94	5
24.4	1
29.72	2
42.96	2
-21.1	3
45.5	3
78.96	3
-49.88	5
-257.74	5
25.91	5
53.02	2
-1.45	1
6.29	3
-7.48	5
-13.07	3
-11.62	5
-40.72	2
16.03	4
41.53	1
5.03	4
0.51	1
12.29	1
7.69	4
-6.62	3
-76.81	3
-85.24	3
2.63	3
-4.95	5
-19.35	2
12.27	5
-23.28	3
-21.61	1
-3.36	3
6.4	1
-36.56	3
-15.91	4
-10.5	5
55.08	2
-12.33	3
47.18	3
7.39	1
-5.29	4
-10.57	5
-35.52	1
11.22	4
14.25	3
9.12	4
24.79	1
6.23	5
30.29	5
-14.76	5
70.16	2
-13.3	4
-56.64	3
-6.79	4
7.17	4
-5.53	2
-2.18	3
-5.23	1
-125.77	2
4.03	1
-5.35	1
17.36	1
25.67	3
24.69	1
25.29	1
49.79	2
-19.89	5
-6.87	4
-11.92	5
30.62	3
-2.83	5
-16.33	5
44.19	1
10.79	4
11.89	4
5.03	3
-28.73	2
7.3	3
-5.85	3
13.4	4
47.71	1
-45.61	3
-91.37	1
45.43	2
-43.58	5
42.84	5
27.32	1
-64.03	5
17.07	5
-107.97	3
-13.23	3
-2.02	4
-7.77	4
42.44	1
-41.58	1
-84.13	2
34.65	1
11.83	1
-1.38	4
-10.01	5
14.17	2
8.14	4
-6.84	3
-23.23	1
6.12	5
-2.25	3
52.59	2
-4.3	1
35.13	1
17.21	5
1.94	1
-10.23	4
11.69	1
-10.37	1
161.17	2
15.59	5
12.89	3
-12.9	1
7.11	4
30.07	3
46.54	4
-17.67	3
3.63	1
-40.92	3
-0.22	1
1.12	2
-50.89	2
8.13	4
-9.36	1
9.73	2
-12.02	3
-8.37	1
30.26	2
5.46	3
-3.45	1
32.21	2
18.15	2
7.57	4
27.17	2
42.82	2
-36.25	1
-127.96	5
30.79	2
29.85	1
8.41	4
51.48	2
13.3	2
10.84	4
-10.11	2
-85.67	2
71.99	3
-21.28	1
4.63	3
-7.75	4
52.08	5
6.69	4
-30.61	1
-24.02	2
-28.66	3
11.67	4
-32.09	1
-6.93	1
44.73	1
20.58	3
6.24	4
-8.71	4
81.76	2
-0.29	4
-25.89	5
15.95	4
15.93	2
9.47	1
-50.9	5
-48.25	5
-29.74	1
-20.73	3
1.09	4
1.42	3
-3.24	4
29.03	3
-29.46	1
-39.49	2
-9.08	4
4.53	2
4.66	1
1.37	4
100.62	1
0.51	5
29.77	1
8.96	4
30.44	1
-50.63	2
-11.16	4
-106.7	2
-94.36	2
-46.22	1
14.62	4
100.68	2
-18.82	5
-9.45	4
9.14	5
-10.93	4
-38.75	4
-99.24	3
2.91	4
-1.41	5
26.38	2
12.36	4
-7.23	1
90.13	2
-8.81	4
71.23	5
1.19	4
6.8	4
-60.75	3
67.15	3
-3.06	4
-30.83	1
-12.45	3
-87.3	5
-61.31	2
-30.61	5
10.09	1
-46.13	2
-126.83	2
-12.87	2
-82.84	3
-39.48	5
-8.11	4
-1.99	2
-33.62	3
-37.8	1
52.89	3
-3.19	5
8.5	1
-17.69	4
32.11	1
-3.38	5
14.69	4
-16.25	2
-7.5	4
34.45	1
-3.51	1
4.92	5
-4.93	4
-42.82	1
81.23	3
-108.06	5
53.5	2
10.27	2
-6.82	1
43.44	2
47.24	3
-3.92	4
10.63	1
10.46	5
-13.23	4
59.95	3
11.76	1
-119.75	3
23.61	3
-42.46	2
0.54	3
16.45	4
-68.31	2
32.36	5
-7.58	3
-3.37	4
41.89	1
-42.76	3
-24.55	1
2.13	2
-52.35	2
106.89	2
2.47	4
-34.38	2
-41.57	5
-10.73	5
50.46	5
56.58	5
-86.85	3
-28.11	3
28.85	2
114.35	3
-26.05	5
-45.22	2
-1.65	2
3.04	5
-32.57	5
-26.57	5
8	4
9.31	4
-40.74	2
-20.07	2
-2.81	5
46.69	3
-146.25	5
-3.43	4
-45.6	1
-8.46	1
1.79	5
6.13	1
-18.66	2
7.6	4
9.3	5
-3.23	1
-37.66	3
-9.22	4
-13.36	3
-9.51	4
-16.64	2
54.51	3
4.76	2
-106.06	5
0.42	1
11.16	5
12.14	1
-6.82	4
2.65	3
-10.93	4
63.55	1
-59.89	5
16.55	4
-0.64	5
44.57	2
30.55	2
36.5	5
9.26	1
14.74	5
4.66	4
-27.85	2
3.24	4
6.11	4
57.26	5
-33.93	5
8.28	4
-14.51	5
-0.33	4
-89.77	3
27.85	2
-11.5	4
-79.76	5
36.66	1
-8.12	4
57.02	3
63.08	5
5.32	4
-115.07	2
-143.17	5
-154.99	2
22.17	4
-9.55	5
11.15	5
-10.71	4
3.4	2
-8.1	4
-37.33	3
16.37	4
-5.18	4
105.07	3
36.88	3
-18.53	1
19.79	4
-1.39	4
0.9	4
-3.11	4
-98.3	3
-0.78	2
48.21	5
-10.77	4
68.88	2
11.35	2
-3.89	1
-45.68	5
1.36	1
-71.62	1
83.53	5
190.78	2
52.88	5
-68.52	3
8.27	4
25.49	5
-16.5	2
17.99	2
-9.23	1
13.67	1
-12.49	2
67.58	2
-30.92	1
-19.43	2
3.75	2
-61.42	2
86.88	2
-6.78	3
61.23	5
-107.83	3
-28.17	1
106.41	2
-9.76	4
-62.2	3
-9.08	4
-12.79	1
-16.91	3
-62.38	1
70.1	2
23.2	5
0.69	4
-34.11	5
10.27	5
11.8	4
-7.47	2
9.46	4
-10.4	1
13.84	5
-4.67	4
-12.62	1
-20.25	1
88.68	3
53.4	5
5.38	1
3.08	1
-68.63	3
105.93	3
-25.51	3
10.08	5
13.1	4
19.72	3
-100.7	2
133.11	2
-7.86	5
-2.08	3
-55.68	5
-34.7	3
-8.26	2
-1.11	4
3.83	4
118.14	2
-28.14	3
62.67	5
-3.97	2
-2.76	4
-55.17	3
-11.16	4
-15.64	5
9.68	4
0.49	4
-33.14	1
15.41	2
-36.55	3
10.11	4
85.2	2
-7.15	5
91.89	3
-9.17	4
49.71	3
57.05	1
3.01	4
37.34	1
-57.11	2
-75.85	3
-0.95	5
61.21	5
-5.11	4
-28.52	3
0.54	2
-79.79	1
-10.16	4
17.14	3
7.03	5
-6.52	2
6.24	4
35.59	1
-140.42	2
-10.08	5
12.05	5
46.23	3
31.59	2
-10.62	2
16.97	1
-4.41	1
112.35	3
-14.59	4
-5.75	5
10.42	1
11.44	2
2.37	1
68.46	3
-27.42	1
-48.04	2
-59.7	5
-30.32	1
90.96	2
-1.52	2
-1.85	1
7.67	3
-73.96	5
-0.02	1
-18.09	5
-7.47	2
-25.78	3
-7.93	4
-6.58	4
-82.27	3
11.68	4
9.84	4
-50.02	3
147.75	3
-5.04	4
-80.97	3
-9.54	3
21.15	3
9.39	4
-39.32	1
33.77	3
-135.21	5
12.44	5
-12.2	5
-113.07	3
-31.41	1
14.83	4
39.71	2
44.56	5
12.93	5
2.48	4
38.9	3
-8.43	2
1.9	3
-8.07	1
16.99	3
7.56	5
73.92	3
-11.71	1
93.31	1
47.03	2
65.02	3
10.83	4
27.1	3
58.86	2
-12.37	3
10.77	4
-18.84	1
-4.2	5
-10.83	5
-40.32	5
-26.06	2
-27.97	5
16.63	4
68.4	1
-187.5	5
1.14	4
61.84	5
1.62	2
31.61	1
-9.04	2
13.16	1
57.84	3
39.53	1
48.8	1
26.36	1
-36.95	2
-27.78	1
-169.5	2
-86.81	5
-134.38	3
-26.86	5
5.81	3
-15.41	1
4.18	4
14.13	4
-46.16	1
41.66	5
4.74	5
24.12	1
22.73	1
-65.14	5
-0.43	5
6.58	1
17.08	1
-7.95	4
-15.19	4
59.37	5
-24.32	5
-12.48	5
-9.09	4
-9.71	4
-10.41	1
-71.8	3
-32.03	2
-90.67	4
-7.24	3
9.91	4
-7.46	4
-65.59	1
-8.24	4
-10.32	5
17.5	1
31.67	5
85.38	2
90.51	3
-4.89	3
-59.12	2
-46.67	3
10.28	4
-1.87	2
-9.39	4
-5.01	4
-67.33	2
-32.47	5
-2.68	2
-2.78	4
-57.82	2
3.74	5
-1.31	1
20.72	1
-17.61	2
-40.82	3
19.81	1
31.51	3
1.95	4
44.81	1
8.67	1
-87.39	5
-6.31	3
35.97	3
-27.26	1
49.17	1
-6.37	2
-66.48	3
51.13	2
-16.65	1
-177.62	5
-39.11	2
-13.72	4
52.35	5
28.95	2
21.91	1
2.68	4
18.63	1
4.01	3
3.61	4
-27.54	1
-53.28	1
57.8	1
79.17	5
-8.85	4
6.34	4
35.93	1
-21.98	5
-23.7	5
-4.25	5
7.3	2
-2.57	2
13.83	2
-2.14	1
-34.37	3
-13.17	2
-10.65	1
-26.45	5
-5.91	2
-3.75	4
-10.49	1
6.45	1
41.3	5
44.8	1
35.07	1
12.12	4
3.87	1
10.55	4
-5.23	3
0.18	5
10.9	3
45.69	3
-35.36	1
34.82	2
139.72	2
94.63	2
31.17	5
-0.03	5
-20.66	4
13.14	3
-1.03	5
17.96	4
117.22	1
23.78	1
-36.42	5
-8.38	3
-19.54	4
-7.63	2
-9	4
-10.63	3
-5.31	4
40.23	3
15.75	1
-53.7	3
-6.69	4
-74.53	3
26.53	1
-6.3	4
-18.19	4
17.14	5
51.4	1
-32.04	1
-2.72	4
-0.9	5
-8.51	4
90.33	5
7.3	4
4.12	5
-6.46	1
59.74	5
-38.36	2
-28.97	1
90.76	2
28.32	5
-65.71	2
54.19	2
12.07	4
75.23	3
-48.91	1
-14.37	4
31.3	1
-6.6	5
77.11	2
-20.2	5
-26.23	3
-16.68	4
-11.46	4
47.96	3
-0.81	1
-87.36	3
-8.6	4
76.6	5
-31.81	1
11.28	4
94.29	5
-0.26	4
7.34	3
-22.77	2
-6.98	5
-7.54	1
-3.54	4
-6.51	5
5.31	2
162.76	2
-91.09	2
-21.74	3
23.72	5
-155.13	3
50.03	3
4.63	3
-41.71	3
9.77	5
53.59	3
39.16	5
-37.08	2
-7.39	5
-15.91	3
-1.77	1
-8.32	4
-3.27	5
-9.26	4
14.57	3
33.76	1
0.82	1
109.94	1
80.27	3
11.51	2
-1.19	4
-16.66	5
-20.98	1
1.24	4
-6.11	4
23.72	1
8.2	5
-346.4	5
-45.34	3
60.85	1
10.24	4
-4.62	4
7.18	3
-8.47	1
-149.31	3
-4.94	4
-11.32	2
-132.1	1
8.9	4
9.91	3
-81.77	3
6.52	1
-229.71	2
43.33	2
-2.25	4
0.05	2
6.52	4
-0.43	5
-89.49	3
-8.77	1
24.53	5
-18.08	1
-150.65	3
149.47	3
84.45	2
4.19	1
-90.57	2
-2.56	3
-5.24	4
-38.66	1
-6.28	2
-33.49	5
-1.57	2
-77.55	5
53.22	3
11.5	4
6.49	1
-1.24	3
12.85	4
8.77	3
13.27	4
55.19	5
6.96	4
3.41	4
-37.19	3
174.57	2
-61.85	1
-37.05	1
8.22	4
38.51	3
-6.96	1
-5.26	2
81.7	2
-15.67	5
-7.74	4
-24.11	2
85.74	1
31.08	5
-3.76	4
4.84	3
-22.67	1
112.14	2
10.02	4
80.8	3
-22.23	5
40.62	2
8.19	3
42.65	5
8.65	2
43.53	2
67.32	1
3.58	5
13.8	3
-20.29	2
-5.77	3
-17.83	5
3.48	3
-47.59	3
17.11	4
-34.4	5
-127.73	1
-23.79	1
-1.06	3
11.02	5
-8.26	4
-11.15	1
34.87	1
-4.4	4
42.61	2
3.41	4
-16.95	2
-11.22	3
-15.19	4
-5.49	1
1.56	4
14.79	5
-10.14	4
-2.69	2
40.67	5
4.46	4
-0.26	1
24.08	5
-10.26	5
2.72	1
-4.62	3
-32.53	2
97.72	3
-180.57	2
31.27	5
-15.47	4
0.02	5
134	5
-8.02	4
4.73	4
8.37	4
-6.08	5
53.44	2
-26.66	2
-108.33	2
61.65	2
-11.2	4
72.59	3
135.3	5
-11.45	4
43.7	5
7.67	3
10.68	4
41.56	5
-10.63	4
-5.77	5
66.96	1
10.35	3
24.51	3
11.42	4
1.01	5
4.59	1
-0.88	5
22.16	3
-71.71	3
-13.21	1
-5.68	4
-8.38	4
150.83	3
7.53	1
19.04	5
51.32	2
5.17	4
-5.26	4
17.01	1
-8.76	3
-48.19	3
-23.77	3
32.52	2
-12.61	1
117.66	5
-155.63	1
-6.12	3
-3.7	1
-3.43	4
15.27	5
-2.8	4
-3.58	2
