51.49	2
109.43	5
0.04	1
15.99	1
-5.99	2
-58.96	3
24.36	2
53.25	3
-2.64	4
-52.19	5
-4.49	5
28.1	3
-10.54	4
-1.01	4
-6.08	3
18.1	1
10.16	3
254.62	2
15.32	5
-9.35	2
49.23	3
-22.76	1
-40.92	2
7.56	1
-7.01	4
2.35	4
-14.69	2
-22.12	1
144.46	2
-6.28	4
-4.62	4
5.09	4
-41.39	3
-6.71	3
28.26	5
11.14	3
14.1	5
6.57	4
-12.32	3
78.77	3
13.07	4
-20.01	5
64.4	3
-4.07	4
-15.23	5
97.82	2
46.48	2
-71.11	3
23.13	5
3.93	2
-55.37	2
-0.73	5
1.58	4
-11.97	4
12.54	2
-1.13	3
-2.08	4
-5.88	1
30.44	1
-18.9	2
124.1	5
-9.91	4
-7.64	4
5.51	3
7.56	2
-8.42	1
71.25	5
12.88	5
-9.92	5
-4.12	4
49.05	3
17.58	1
85.08	2
-243.13	2
51.71	5
-81.03	5
-10.76	4
-41.95	5
34.87	5
-62.11	3
17.02	2
111.57	3
7.91	4
-80.97	2
0.74	3
-72.36	5
54.49	3
22.03	5
41.15	5
48.62	2
-23.69	3
-19.48	3
32.14	5
-9.19	3
11.66	4
9.44	1
12.21	4
-7.57	3
5.62	4
-107.06	3
5.52	4
-7.31	4
4.76	1
10.04	4
1.21	4
11.88	4
1.87	5
38.04	1
19.03	5
7.01	1
-102.6	5
-6.8	4
36.26	5
-8.47	4
17.69	3
-49.17	2
-36.08	5
16.4	3
-4.82	5
-5.34	4
-8.22	3
-1.85	4
30	2
70.37	2
-4.91	3
5.5	2
68.9	2
-69.07	3
-25.26	1
-8.06	2
-5.41	4
8.62	4
8.95	4
-12.15	5
-24.82	2
-105.43	2
10.17	4
7.12	2
-22.51	5
-9.68	4
2.29	3
-27.48	3
-109.97	1
10.29	3
1.14	2
158.83	5
-4.21	4
23.04	1
-4.41	3
3.77	4
-121.27	5
-59.09	2
-58.11	5
-15.89	1
5.76	3
74.63	1
-9.15	5
-124.18	1
5.31	2
19.97	3
-4.84	2
46.65	3
10.63	5
50.36	5
48.11	3
-10.77	4
98.92	5
85.35	1
9.59	1
0.74	1
10.12	3
33.26	2
33.94	1
-5.22	1
54.39	1
9.3	4
12.26	4
-15.22	3
-49.42	3
23.09	3
-8.59	4
-19.58	3
46.18	5
1.6	2
3.08	4
-9.87	3
1.67	3
38.34	3
27.72	2
50.5	5
4.25	4
-23.61	1
36.89	2
58.27	3
1.49	1
28.72	1
-9.85	3
-11.44	2
22.5	2
0.34	4
26.88	1
5.31	3
-21.3	3
-12.32	2
-10.38	4
0.84	4
14.87	1
-10.88	4
-1	1
-58.1	1
4.6	1
68.69	3
15.51	4
4.85	5
45.57	2
13.13	1
-3.5	4
9.36	5
-75.93	5
-4.38	4
-65.05	5
36.8	5
11.29	5
-29.76	3
57.59	3
-14.71	5
5.18	1
12.9	3
-72.75	2
12.06	4
-26.85	1
-22.58	1
-26.86	2
-34.71	4
11.72	5
-84.43	2
3.02	2
12.25	4
-8.14	3
99.63	1
-88.11	5
-3.36	4
8.5	4
31.4	1
8.37	2
184.28	3
9.33	1
-12.1	5
17.85	5
83.29	2
-6.3	4
3.79	4
25.02	2
31.09	5
-45.16	2
119.12	3
1.23	4
8.42	1
8.31	4
3.73	1
-5.52	5
-88.91	5
-19.51	4
-25.3	3
-40.61	5
-2.39	2
4.22	3
7.44	1
9.36	1
-47.06	1
-26.53	5
4.29	1
-7.24	4
-25.73	2
-57.02	2
-14.27	4
9.92	4
7.98	4
61.65	5
7.07	4
-6.93	5
-56.77	1
-17.37	2
89.88	3
9.74	4
21.13	5
-18.3	4
-16.05	1
38.8	5
-7.71	2
-56.23	3
2.73	1
-9.71	2
109.93	5
2.77	5
18.38	3
5.51	4
-62.52	5
124.79	2
-11.64	4
-7.66	2
23.63	2
18.37	1
-5.04	4
17.65	5
118.2	5
1.17	3
16.76	4
30.02	1
40.13	3
6.01	5
-46.25	2
5.29	2
47.94	5
45.41	3
16.08	3
-17.34	4
-8.24	5
82.19	5
-307.82	2
31.06	2
-2.66	1
-3.9	5
-5.1	2
10.2	5
68.49	1
6.17	5
-5.73	5
21.42	3
29.03	3
-9.78	5
-1	4
13.96	1
-49.5	3
0.43	3
-46.21	1
-9.22	5
-7.92	4
81.99	3
-7.59	4
-9.85	1
-50.05	1
148.52	3
-227.52	2
70.33	3
-42.36	3
6.27	3
20	1
-21.91	2
-16.78	3
-6.08	4
42.74	3
51.97	1
10.05	4
6.91	4
19.79	2
40.32	2
30.18	3
8.31	3
-37.89	5
-23.57	5
27.02	5
8.42	2
87.32	2
33.73	5
-11.25	5
-146.96	3
-67.2	1
9.42	4
-3.94	4
4.21	4
8.09	4
66.03	5
-20.08	3
30.5	5
56.72	2
-36.17	1
-17.98	1
-0.83	2
7.89	2
-41.07	1
56.7	3
-34.76	5
-8.2	3
13.15	4
135.54	3
-27.6	2
-96.62	5
-62.63	2
-61.03	2
-73.83	3
4.18	4
71.46	2
-95.02	5
-50.09	3
3.83	3
-8.77	3
5.67	3
107.38	3
-4.78	1
-6.16	4
-15.12	5
5.39	4
-7.55	4
-81.42	2
-2.8	4
15.53	2
-1.78	4
-60.25	1
60.72	3
-44.56	1
-56.92	1
3.41	4
3.35	4
-4.14	2
7.38	4
24.94	1
-142.99	3
39.59	3
-23.57	1
-6.11	4
-39.08	1
11.35	2
23.23	5
1.12	2
-36.1	3
31.36	1
-10.8	5
11.07	3
-106.93	3
23.39	3
-45.4	5
0.3	2
12.81	1
-9.89	1
-25.63	1
-14.74	2
-28.92	4
-31.14	3
66.95	1
27	2
11.62	5
7.54	4
93.72	2
18.5	1
-375.92	2
-18.41	1
11.21	4
-1.05	4
-0.09	1
-8.61	5
-12.29	5
-8.03	5
201.98	5
7.63	3
2.24	5
18.23	1
36.27	3
5.78	1
1.1	4
-6.86	1
-10.15	3
-6.32	3
0.41	3
32.57	1
4.19	4
13.53	4
62.03	2
-19.7	2
21.25	1
-4.74	5
6.76	5
-53.96	3
-10.23	4
-8.2	4
-81.05	5
-10.34	1
-31.51	1
-6.48	2
-68.52	5
-4.81	5
-0.98	1
2.65	2
6.71	4
-22.11	3
30.83	3
47.51	5
-32.32	1
-13.1	4
-2.24	3
90.56	5
10.34	3
7.33	1
3.14	5
-11.4	5
-37.35	5
-120.94	5
-117.8	2
-176.33	2
18.11	4
116.03	2
-6.18	4
21.34	2
-8.03	1
53.92	2
-97.99	2
18.73	4
6.86	4
113.88	3
5.01	5
12.19	3
-63.3	5
7.55	1
-94.63	5
-57.64	1
-19.51	1
-2.65	5
31.26	5
-1.98	1
-94.09	1
18.98	4
36.29	4
41.58	5
2.23	4
0.16	2
-59.39	3
27.85	3
55.72	2
-0.73	2
33.37	2
-1.28	4
0.68	1
-5.28	4
-30.75	2
-15.36	5
-19.09	3
-61.88	1
-10.71	4
81.77	3
1.38	4
-36.21	2
6.36	5
25.04	3
39.51	3
-13.18	5
261.22	5
-52.81	3
91.03	3
-0.08	4
35.92	1
-2	4
-23.98	2
-4.13	3
50.27	3
-3.9	5
-0.17	3
-1.48	2
-11.77	1
-15.84	5
21.84	5
-12.17	2
-7.77	4
-4.77	1
-4.51	2
11.87	2
-44.79	1
-102.81	3
9.25	4
-10.11	2
56.41	1
-30.2	2
9.98	2
-10.04	4
-12.53	3
145.84	3
29.72	1
-146.41	2
11.75	4
33.49	1
14.16	3
-7.09	4
-21.13	3
3.24	5
9.14	3
-13.96	4
9.46	1
-21.19	2
-10.85	4
-18.82	2
-52.62	2
-6.8	4
-72.56	2
10.5	3
-114.35	3
6.77	4
-19.43	1
-1.39	2
4.98	4
47.62	2
37.27	2
45.35	1
-70.97	2
25.92	1
-5.69	4
16.62	4
-78.16	2
17.4	3
-7.96	5
-27.45	1
2.48	5
21.84	2
-3.3	3
-33.34	2
13.93	4
21.55	5
4.02	4
-0.41	1
26.89	5
-86.15	2
10.09	2
11.56	3
3	5
19.35	2
-65.28	3
-86.81	3
-0.29	5
123.04	5
-9.13	1
-15.94	1
32.68	3
-89.15	3
-26.91	2
-31.56	5
10.03	5
22.08	3
-8.81	5
101.48	2
-4.1	5
55.8	5
4.22	1
-101.09	1
8.28	1
-4.75	4
-138.17	3
-3.63	1
-15.87	5
14.12	5
20.81	1
4.75	3
0.14	2
13.41	2
-43.95	1
26.51	1
-1.83	2
-11.95	4
15.96	1
-13.29	4
15.01	2
8.75	1
138.89	3
-8.37	2
5.31	1
12.9	5
-27.13	1
4.2	2
7.68	4
-5.84	5
-49.08	1
-10.18	4
16.29	3
-61.09	1
72.58	1
-96.6	5
23.97	3
62.49	2
19.93	2
90.4	5
4.12	1
-5.82	3
-47.75	5
8.67	4
-8.49	1
-75.84	5
-33.13	1
41.93	1
-109.77	3
164.25	2
-16.97	5
-1.55	3
-21.44	1
2.46	1
0.79	4
-3.32	4
-8.46	2
2.97	3
-1.32	1
-1.97	3
-21.82	5
40.33	1
-12.99	5
4.91	4
45.59	1
60.92	1
-9.35	1
35.97	5
-100.92	5
72.17	3
-77.24	5
-27.62	4
3.62	1
-37.99	3
-40.84	3
70.55	5
-12.63	2
4.98	1
10.37	4
6.89	1
-34.46	3
-12.49	4
-37.72	3
-39.2	1
16.51	4
-4.51	3
-11.06	1
12.49	4
43.88	3
-5.16	1
-4.68	4
-11.75	1
1.94	2
-4.39	4
111.98	3
-62.71	3
-18.93	3
2.28	2
0.25	1
85.87	2
4.41	4
-20.46	1
68.79	1
83.3	3
-6.35	3
18.14	5
29.37	3
5.12	5
-14.83	5
-1.79	3
33.97	5
-19.51	5
75.01	3
3.9	4
67.42	2
38.48	2
9.24	2
-46.69	2
17.92	1
17.13	1
-13.82	4
-27.47	5
67.83	5
13.11	3
105.24	1
5.31	2
50.39	2
-41.61	2
-0.27	5
-18.97	2
-11.68	2
-70.31	2
7.1	5
27.88	3
-21.21	5
1.9	1
-8.22	4
138.55	3
-33.14	2
14.81	2
-13.16	1
6.88	5
6.05	1
27.79	5
-9.44	4
-5.37	3
-8.27	4
-9.74	4
-114.58	5
-33.65	1
-0.47	3
-21.19	1
10.89	1
5.39	4
-10.77	4
59.78	3
-36.87	1
-7.14	5
64.55	2
22.8	5
2.27	2
-37.55	5
5.11	4
-3.27	4
6.91	1
6.44	5
-22.41	3
8.05	4
-81.31	1
-9.96	3
59.47	2
-20.11	1
47.17	2
-35.62	2
-19.58	4
-7.81	2
186.66	2
-6.98	4
24.75	3
10.17	4
-1.49	1
32.25	3
-2.48	5
-11.48	3
186.92	3
6.54	4
1.91	2
9.2	4
-21.9	2
11.9	4
-3.01	1
-5.38	4
-12.11	1
31.73	2
-49.94	1
5.36	3
-18.29	3
-83.61	2
48.59	2
11.59	4
-26.34	2
-2.23	5
-147.98	3
42.34	1
-70.37	2
-5.36	3
36.35	5
1.46	5
25.32	5
-10.71	4
-6.63	2
29.61	5
-0.91	5
-93.84	2
-6.05	1
48.79	1
6.15	4
22.32	5
-36.93	5
36.79	5
-37.35	3
-13.34	2
4.19	1
-69.86	2
-4.58	4
1.02	4
23.06	3
12.96	4
4.51	4
-62.92	3
-50.8	1
-43.38	2
68.41	2
-7.8	2
11.57	5
-31.77	5
-1.67	5
23.68	5
-64.16	5
-8.55	1
-74.19	3
10.31	4
-41.36	2
-14.5	3
100.76	1
13.14	3
-62.69	2
-7.39	5
109.49	5
111.47	5
1.28	3
-8.15	1
2.97	4
-27.35	1
0.56	4
14.99	4
-1.35	1
17.05	3
-108.23	2
18.3	3
-11.89	4
-5.02	2
307.44	1
-7.82	4
13.55	4
70.57	1
-4.57	4
-9.77	5
-47.47	3
8.77	5
51.45	1
-27.6	1
-69.85	5
32.62	3
-11.71	5
63.55	3
-62.53	1
7.53	1
50.77	1
-9.6	4
14.42	1
-32.21	3
95.53	2
4.29	1
2.64	1
-3.35	4
5.08	1
16.54	4
-51.44	2
26.36	2
-95.76	2
-88.72	2
-158.8	3
-11.79	2
-46.53	3
-10.84	4
52.66	3
2.82	1
99.97	3
-50.29	5
137.26	3
-25.86	3
19.05	2
93.93	3
0.46	1
11.99	1
4.47	1
2.57	3
-184.58	2
5.3	5
114.4	2
13.06	4
8.03	1
-61.77	3
-133.02	5
25.36	5
4.77	5
25.39	1
-29.7	2
21.78	5
-56.64	5
-58.61	2
51.21	5
39.27	1
6.29	2
-12.95	4
-39.81	3
24.86	3
-25.52	2
-67.71	2
-5.83	4
62.66	5
30.64	1
-13.85	1
18.99	2
1.58	3
37.63	1
-44.03	3
-7.26	1
-11.22	3
12.98	1
-28.29	1
-70.63	5
-41.48	2
-15.16	4
-9.45	3
-30.39	3
-2.78	4
61.79	1
10.78	5
35.12	3
-82.32	5
3.83	5
9.75	4
8.13	1
-78.42	3
18.74	5
-18.95	3
-2.29	3
-35.18	3
8.18	5
-9.78	3
97.67	2
-6.84	5
-8.08	3
10.64	3
-34.88	3
-12.96	4
-5.7	4
-65.36	5
-90.4	3
46.51	3
-11.95	4
3.19	5
-7.12	4
58.18	1
-68.32	1
-4.22	5
4.99	4
54.43	5
-50.8	5
68.73	2
-15.32	3
44.72	1
1.57	4
-44.22	3
73.37	3
