9.17	1
-149.84	2
-65.58	2
2.03	4
-0.07	2
83.17	1
-9.78	1
-6.5	3
-3	1
14	3
38.29	1
-0.16	4
-10.96	3
-7.83	1
23.3	2
9.07	2
8.24	4
-195.98	1
11.03	4
51.42	1
-0.43	5
0.61	1
2.97	4
53.99	3
43.5	5
7.01	4
-89.45	5
-33.82	1
10.58	4
-5.86	5
7.95	4
21.02	1
-14.6	2
67.14	5
11.61	4
-2.08	1
-31.66	5
3.99	4
1.27	5
0.91	3
-11.5	5
-63.97	5
11.28	4
7.79	5
-8.9	3
13.54	2
4.63	3
0.47	2
86.3	2
10.42	4
18.13	1
4	3
-42.92	5
-1.88	4
16.17	1
73.78	3
-7.97	4
-7.66	2
-0.61	1
2.33	4
17.5	3
45.53	1
-0.84	4
-93.92	5
74.2	3
8.83	5
-1.72	4
43.87	4
-5.34	1
-2.85	5
31.99	1
3.49	1
1.98	4
9.21	4
4.55	1
30.72	5
45.86	5
-23.96	4
-23.87	3
-5.01	4
17.83	4
52.08	2
-61.72	2
27.22	3
-10.23	2
-9.82	4
-27.28	1
56.14	2
-66.48	3
28.61	1
-18.72	3
14.09	4
130.82	3
-344.92	2
-0.4	4
-3.62	4
-11.9	4
83.57	3
-131.56	3
11.75	1
7.68	4
67.94	2
-38.6	4
-43.58	2
-21.75	2
26.67	2
2.21	1
6.17	1
4.41	3
23.96	5
-0.52	2
41	2
-11.21	4
13.59	5
23.21	3
29	1
30.56	5
-5.4	4
104.94	5
-1.21	5
-14.75	5
0.71	4
-16.44	3
26.67	2
-13.01	1
53.69	3
-24.31	2
-66.46	1
37.16	5
-4.35	4
-3.12	4
-28.98	5
-36.63	1
-53.51	3
16.99	5
11.33	4
-36.55	5
-55.27	5
-7.93	1
-132.49	5
2.06	4
-62.18	3
-0.28	4
16.57	2
1.15	4
-5.47	4
-4.72	5
82.54	3
2.86	4
-2.69	4
-13.79	5
23.15	5
27.93	1
46.94	5
31.58	2
-72.08	5
-466.08	2
-11.71	2
-4.22	4
30.72	1
-144.91	1
-108.73	3
28.31	2
-6.43	5
48.54	1
60.08	2
-29.73	1
133.09	2
35.98	1
0.73	4
-4.53	4
45.34	2
33.49	5
6.44	1
27.89	3
-9.23	1
36.42	3
23.74	5
-29.89	1
-25.87	1
47.4	3
20.74	5
8.6	1
-16.33	1
23.4	1
-55.66	3
-7.49	5
5.41	5
55.64	1
3.8	1
29.32	2
27.88	1
10.31	2
2.11	4
0.67	4
7.53	2
121.93	2
-15.27	2
16.08	2
-91.15	3
-10.95	3
6.94	1
-25.48	3
8.22	1
3.03	1
-8.38	4
-60.11	1
13.88	4
18.47	5
6.98	4
-9.36	1
-6.5	2
10.18	5
31.53	2
58.04	3
16.58	5
50.72	2
8.42	1
-8.62	3
-9.97	1
-40.21	2
127.54	5
55.86	2
4.2	4
6.79	4
1.81	5
-16.02	5
-7	5
26.14	2
-1.25	1
-14.7	4
12.87	3
4.42	4
29.99	1
-8.69	3
-18.34	5
0.55	5
27.74	2
-9.65	5
121.15	3
11.56	4
0.87	5
-10.23	1
-21.78	1
3.99	4
-5.7	1
3.31	4
20.18	5
-5.86	4
-1.29	3
-16.09	5
-87.03	1
-124.89	3
-4.36	4
32.93	5
-51.16	1
6.5	4
21.37	2
-29.39	5
13.94	1
24.97	5
-25.69	1
-29.89	5
-1.38	3
-4.34	2
36.97	1
99.76	5
-4.38	4
59.96	3
9.87	4
23.5	5
25.27	5
-64.68	1
11.82	4
-102.59	2
64.34	5
40.03	1
3.92	1
12.33	2
28.35	3
0.57	1
-63.88	1
-74.32	2
2.38	3
34.24	5
19.45	2
-10.69	1
15.94	5
-13.3	1
-5.84	5
-11.27	2
54.69	5
-8.93	2
-112.81	3
-6.67	1
10.44	3
-51.66	2
-6.19	1
-71.94	5
-64.31	3
-13.61	3
-8.91	2
32.43	2
-7.55	1
3.93	4
9.14	3
30.45	5
27.75	1
3.04	2
19.58	1
3.55	1
-46.49	2
-70.61	3
11.17	4
-6.8	4
17.25	5
-48.62	3
40.59	3
-64.69	3
52.79	2
-10.44	3
5.46	1
-17.37	3
53.07	1
-15.23	3
68.85	2
-9.95	4
-14.12	4
-32.04	2
12.87	4
3.58	5
-1.44	5
-37.14	5
-23.76	2
4.62	2
20.94	1
323.72	2
-41.79	3
-5.15	4
-11.84	4
-80.79	3
-39.73	1
-14.37	1
-13.49	5
90.84	2
6.09	3
5.74	2
-10.55	5
12.66	3
37.18	1
-15.11	5
16.61	4
137.97	2
-5.09	5
-10.66	4
-54.94	2
47.63	2
62.48	5
0.65	3
3.65	1
23.82	3
11.37	4
10.62	5
-22.06	1
-41.25	1
-31.66	5
21.07	5
-22.66	5
12.22	2
-11.43	2
2.68	5
-11.01	4
-33.96	1
-5.3	2
-4.53	1
-87.57	2
142.99	5
-4.78	3
-25.4	3
5.81	5
-6.66	5
7.13	3
5.03	5
14.43	4
105.4	3
-229.05	2
-56.63	3
10.83	5
-11.46	3
38.99	5
-85.72	3
-46	3
71.68	2
8.57	5
85.43	5
-12.82	3
-2.88	2
9.77	4
30.55	1
3.75	4
-149.66	3
1.29	4
0.93	4
16.97	4
-17.93	5
30.38	1
-196.27	2
-3.72	4
76.08	3
-24.48	2
-13.59	3
59.23	2
-76.37	5
-10.27	3
-67.55	3
-31.15	2
-9.45	2
33.62	1
-12.71	5
-0.73	2
-46.02	5
3.79	2
3	3
-33.59	1
52.61	5
-2.66	5
3.78	5
-12.52	4
2.98	3
8.83	4
-46.81	5
-45.04	3
-13.01	5
-14.95	3
-22.54	5
3.99	4
10.73	5
-15.95	3
-32.9	1
-9.06	2
-107.56	3
9.89	4
-31.95	1
6.99	2
15.57	3
-11.73	1
72.15	3
-4.86	4
51.59	3
-14.19	4
104.11	1
-24.26	2
-86.21	2
-0.51	3
12.74	3
2.15	4
-1.64	2
1.87	5
-2.44	4
30.61	2
-4.46	2
0.47	4
66.66	3
82.24	5
111.85	2
35.58	5
3.33	4
1.61	3
-14.8	5
91.57	5
-60.44	3
-5.07	2
-6.2	4
-25.35	2
45.45	3
-2.79	3
4.12	4
9.04	4
103.87	3
-150.38	2
77.11	1
-64.73	2
3.71	4
9.94	4
-0.7	4
-7.19	4
-9.81	4
56.21	3
45.62	5
81.12	3
-18.5	5
-39.23	3
12.9	1
63.24	1
-45.32	2
-11.51	4
-1.13	4
48.03	1
-26.61	1
20.2	3
41.05	1
4.85	3
-59.89	5
6.62	4
-0.12	3
-55.86	3
15.41	3
-71.37	2
-74.03	1
1.53	4
-7.91	4
1.67	3
-12.78	4
5.56	3
-1.14	2
81.85	3
51.33	1
27.52	1
-8.38	4
-1.81	3
-130.49	5
-7.14	4
-10.56	3
4.16	4
-19.03	1
-13.23	1
-5.73	4
-37.1	3
-90.98	2
-116.65	5
-59.23	5
7.91	1
26.92	1
7.38	5
21.49	5
-1.38	4
45.26	5
5.09	3
2.65	5
7	3
17.23	5
-2.11	4
-4.97	1
-1.33	3
-77.86	5
-7.64	1
82.75	1
-9.89	4
24.98	3
-93.5	2
9.32	3
-11.38	4
-188.56	2
11.83	5
7.39	4
2.7	5
-53.03	2
-53.9	5
-158.52	2
-4.48	4
8.08	4
-31.73	3
6.74	4
15.03	5
1.06	4
6.4	4
23.08	2
16.74	4
-7.67	4
35.81	5
-7.24	1
4.63	4
-146.83	3
52	3
5.18	4
162.38	2
-130.18	2
26.78	1
-14.96	5
15.2	4
-8.31	3
-44.33	5
-51.15	1
-9.02	2
-59.14	5
58.64	5
22.96	2
-7.42	2
16.51	1
-10.48	4
43.08	3
-31.58	1
69.46	2
-38.13	1
-6.62	5
-10.77	4
0.68	3
20.96	2
-126.38	3
12.33	4
50.87	3
-4.83	5
22.68	1
14.08	4
-3.24	4
12.41	3
-11.28	4
-42.1	2
-17.36	3
20.35	4
-46.59	1
13.61	5
9.31	2
12.14	4
4.04	5
-102.18	3
-23.49	1
44.71	2
11.29	4
-3.36	2
-312.21	2
-5.77	3
-5.49	1
11.05	1
-5.1	4
5.3	3
34.59	3
2.02	1
-49.65	2
-3.37	5
-5.75	4
9.27	3
-17.99	2
4.54	4
-5.4	4
-30.07	3
5.82	5
50.84	1
-0.51	1
-44.67	5
124.32	2
7.03	4
25.26	2
-66.41	2
7.62	4
-7.16	4
9.01	4
-39.91	5
9.36	3
-9.01	2
-19.18	1
10.6	3
-8.34	1
-24.88	1
54.97	2
-20.38	4
-11.65	4
89.89	1
52.8	3
-138.03	3
-56.5	3
-30.96	2
10.01	2
1.92	1
8.09	2
53.06	2
-50.17	2
10.1	2
-10.95	1
-19.4	1
1.1	4
43.1	2
-5.63	4
2.94	1
-83.99	3
15.98	5
-142.88	2
6.3	4
-10.34	5
28.61	4
2.3	2
-25.27	5
2.94	4
27.54	5
1.98	4
-48.75	2
15.66	1
-0.25	1
41.8	2
-3.44	1
40.02	5
-57.71	3
10.42	4
-7.14	5
-5.76	2
35.91	2
68.48	5
-50.88	2
119.66	1
-283.08	2
-9.68	4
28.85	3
10.01	3
40.16	5
-9.38	2
31.3	1
-108.3	1
-32.6	1
-46.37	2
125.84	5
-41.98	1
-5.19	4
55.1	3
43.52	5
1.65	4
-10.78	5
-6.56	4
-92.84	1
30.79	1
49.78	2
-2.91	5
-9.87	4
-9.82	2
-95.41	5
23.8	1
-26	2
-14.25	4
-168.84	5
-11.48	5
5.83	3
-16.45	3
4.82	3
-5.48	3
-108.21	3
22.34	3
7.12	4
-4.06	1
17.72	1
-2.02	2
-62.49	2
-7.8	4
-1.65	4
9.36	5
42.27	1
23.23	3
4.61	2
3.63	1
-84.78	1
-3.42	1
73.66	2
-8.8	1
-63.2	3
-8.38	2
-6.29	4
2.71	4
6.84	4
-56.3	5
54.24	2
-2.2	1
22.38	1
31.43	5
30.64	1
-9.13	4
-46.98	1
101.37	3
13.86	4
7.65	3
16.28	2
31.5	5
-88.41	5
3.39	2
30.85	5
9.19	4
8.25	3
-116.68	5
7.71	4
11.07	1
-14.34	2
0.26	2
9.9	5
-7	4
-2.18	5
-21.06	3
-45.76	1
-100.28	3
11.98	3
-12.72	1
-64.1	2
15.79	1
-8.57	1
-2.67	3
-56.09	3
16.98	1
61.47	5
52.46	2
15.47	3
9.82	4
-2.99	2
-15.39	1
-84.66	5
85.79	3
-2.15	4
-0.21	4
8.86	1
60.09	3
-1.68	2
-168.4	3
-12.51	2
-9.1	2
50.72	2
18.17	5
2.65	2
-75.44	2
30.09	3
-92.32	1
-5.97	2
24.34	2
38.5	1
-0.85	3
11.85	4
-0.43	1
-69.25	3
-8.57	4
-4.43	4
-11.28	1
-49.16	2
5.03	1
10.19	4
-5.84	3
-8.66	5
12.55	4
-160.49	2
-47.97	5
-118.95	3
17.39	5
9.07	4
51.78	2
-0.82	1
-16.85	1
-6	4
-11.33	4
-11.2	4
39.69	3
16.67	3
-43.85	3
8.05	4
2.7	5
-20.55	5
5.5	1
14.4	2
-12.73	1
-12.65	2
-20.48	3
-10.24	2
-77.91	3
-35.74	3
9.28	3
-2.36	3
8.53	2
73.26	2
-4.49	5
0.39	2
46.86	5
4.92	2
8.97	2
36.44	1
-26.06	1
-9.51	4
-42.31	3
-1.18	3
4.38	3
-4.29	4
-52.06	3
-10.02	4
62.66	3
-7.88	4
67.3	5
-0.72	5
70.4	1
59.89	1
65.91	5
3.37	4
-25.21	3
44.91	2
58.03	1
123.35	5
-122.38	2
-55.65	3
-26.93	1
-7.05	4
-8.15	4
-246.51	3
-21.51	3
27.84	2
10.99	4
1.96	3
-13.61	4
-3.65	4
5.26	3
8.56	4
-4.49	3
-25.68	5
28.87	1
1.87	2
-5.2	4
-68.93	3
-3.33	3
26.12	1
15.47	5
21.95	5
30.45	5
6	4
-10.97	2
38.15	5
-60.63	1
-1.08	4
-132.09	3
-8.4	5
39.34	2
-39.1	1
17.55	5
10.98	2
-12.64	1
-87.43	2
8.33	5
5.3	4
1.15	4
-8.25	1
3.27	4
-17.15	1
-92.78	2
17.49	5
-34.76	3
-7.1	1
-17.97	4
-98.52	2
-14.58	5
-6.13	2
-76.53	5
-12.24	4
-5.98	3
3.25	4
1.08	2
9.28	4
-51.6	3
87.89	2
5.58	2
22.23	2
-20.26	2
-7.7	4
21.72	5
-8.51	1
-33.69	1
9.58	4
42.66	5
-3.01	2
-90.72	2
8.54	3
12.87	5
-1.25	2
10.32	3
71.91	1
-45.31	3
88.04	5
15.85	2
-8.18	4
-12.58	3
21.3	1
44.86	5
5.07	2
7.22	5
-32.81	2
45.21	2
-27.17	1
21.95	1
-8.33	4
-9.22	1
79.67	5
1.74	5
-116.45	3
-1.49	4
17.83	5
-9.81	4
-6.78	4
-12.58	4
67.67	2
-4.4	4
40.49	2
8.68	4
7.89	2
-141.79	5
8.74	4
13.72	4
7.06	1
-7.71	5
-27.52	3
-163.32	2
-15.89	2
-3.91	4
-0.09	4
64.17	5
90.08	5
3.17	2
81.88	2
0.77	3
85.57	5
66.72	3
-58.07	1
10.05	5
15	5
-11.73	1
-10.44	5
-2.25	5
29.29	3
-18.44	3
-86.53	2
0.72	3
-19.06	5
9.68	4
-4.14	1
-118.27	1
-0.99	5
-9.08	4
40.36	3
