36.49	5
10.11	1
-12.49	4
-8.67	4
2	4
85.18	5
37.09	5
6.15	2
117.91	2
-6.77	2
24.64	1
20.68	3
25.95	1
23.15	5
13.18	4
-37.88	2
9.93	2
13.53	1
115.98	2
-11.36	5
-10.58	1
-63.99	2
21.9	1
33.41	2
0.57	3
63	3
-39.62	5
-8.47	5
13.04	3
12.61	2
16.82	4
-4.91	2
-8.69	4
9.68	5
-0.62	2
62.27	2
-8.65	4
13.27	1
-33.06	5
17.1	1
16.86	1
59.16	1
-19.13	3
-3.31	4
-63.97	5
-1.09	3
-1.95	4
67.19	1
5.98	1
37.19	3
-10.9	2
103.29	2
-61.05	5
-9.28	3
-2.61	2
-8.66	2
-117.39	3
52.64	5
62.34	3
28.96	5
-24.85	2
-18.1	3
25.13	1
-5.04	3
-34.5	5
-21.79	5
-59.3	3
-3.04	2
6.57	4
9.43	3
-37.93	3
10.22	1
-115.48	5
-14.39	5
-265.78	2
1.18	2
85.9	2
59.76	5
-50.48	2
12.98	4
12.66	4
-1.89	2
-168.71	3
4.09	4
4.05	1
98.58	3
17.72	4
-6.21	4
-12.86	3
-0.28	5
10.29	4
-97.97	3
43.76	1
66.3	2
8.75	4
-37.3	5
-30.33	2
3.33	4
-9.41	1
-19.6	1
36.68	2
-16.33	4
9.29	4
32.48	1
-16.55	1
-29.87	2
-2.43	5
-3.51	4
59.96	3
3.26	4
28.29	3
-103.75	2
-66.12	5
106.82	5
-11.6	5
77.77	5
0.41	3
-27.17	3
0.02	2
-11.75	2
58.09	3
-2.35	2
-14.53	4
-175.62	3
4.01	2
-37.05	2
-2.54	5
23.83	5
46.16	2
4.7	3
11.03	4
-35.18	1
50.4	1
2.28	5
5.58	1
13.11	4
-23.67	5
4.17	4
-15.49	2
83.3	3
32.28	1
-13.96	5
5.59	4
58.81	2
-5.09	5
-4.3	4
-12.17	2
-0	1
-9.92	5
-96.35	2
119.32	5
-12.81	3
-13.32	2
4.41	5
-44.79	1
-63.23	5
20.8	1
32.68	3
-10.18	4
-3.33	4
-0.9	3
2.52	4
-9.87	4
69.32	2
6.11	5
-60.18	2
24.77	5
5.82	4
-30.17	5
2.14	2
0.04	5
48.15	3
11.64	2
-15.85	4
120.69	2
3.93	1
1.58	1
-38.9	3
43.01	2
0.94	4
-64.75	3
5.92	4
-9.73	5
-20.9	1
-11.42	3
14.73	4
-36.77	1
-2.81	2
9.11	5
-0.58	1
-116.71	2
-50.74	3
52.1	2
-35.35	3
148.78	3
18.62	5
-76.03	1
161.9	3
-68.41	3
21.74	3
-28.56	2
24.6	3
66.76	3
53.07	5
3.67	2
-81.45	3
11.07	5
-7.59	4
-17.36	5
96.81	3
-6.8	5
37.16	3
76.98	5
-173.06	3
40.95	5
13.46	3
-10.55	4
65.4	3
-2.19	2
12.31	5
-4.05	4
54.17	3
-33.63	5
2.73	4
56.68	3
25.54	1
11.61	4
19.71	2
18.73	2
-4.04	4
-2.46	4
19.48	2
-11.74	4
110.24	5
-16.3	3
11.49	2
-7.04	4
8.42	5
-56.13	3
-1.86	4
-9.92	4
46.48	3
38.26	1
92.05	5
-66.38	2
0.22	2
55.51	2
-36.5	3
-3.95	5
-144.32	2
-40.49	3
-3.85	4
11.01	5
-3.11	4
-145.95	5
-5.21	2
7.03	4
55.66	3
7.87	1
31.67	2
95.69	2
-57.05	1
60.08	1
-78.88	3
-4.73	4
-40.38	1
6.88	2
43.31	5
6.82	4
-0.24	5
12.2	1
-24.34	3
15.39	3
3.29	1
7.33	4
-19.38	1
66.96	2
31.6	2
23.02	4
-2.72	4
4.61	5
10.92	4
54.81	1
-39.74	3
7.37	4
-6.06	4
-30.06	3
58.62	3
-53.1	2
2.71	1
3.99	3
75.9	5
-48.24	3
-2.65	2
11.72	3
-11.51	5
46.44	3
-12.1	3
35.08	5
87.34	3
1.42	1
34.61	5
-23.89	1
-7.74	4
-5.3	3
-31.6	2
-2.46	5
-2.23	5
139.25	3
-2.45	4
-11.41	2
88.95	2
28.06	2
50.1	2
-16.29	3
-9.24	4
-54.14	3
1.72	1
-4.67	2
83	1
-6.63	3
12.36	4
9.32	4
-16.27	1
13.3	4
9.24	3
13.74	2
-5.32	4
-6.91	1
10.63	5
-43.69	2
-9.56	4
10.63	2
6.57	4
-1.32	4
-16.25	2
4.57	3
-8.33	2
37.51	5
-9.72	4
-12.37	5
5.76	4
-46.01	1
0.67	3
-50.77	5
-10.61	4
-31.85	1
-16.06	2
18.28	5
-82.57	2
4.85	1
53.66	3
-7.8	5
-167.66	2
64.79	3
-2.01	3
30	1
-11.91	1
10	4
8.41	4
31.43	5
68.58	2
58.61	2
-9.95	1
6.48	1
6.57	4
-41.02	3
48.4	1
5.25	4
15.46	2
-6.86	3
69.66	1
-11.4	5
-16.52	5
-87.89	3
-5.03	4
-45.98	5
72.73	3
-130.23	2
-24.9	1
128.14	2
4.68	5
37.57	2
-9.92	1
8.81	4
4.92	5
22.34	2
-5.01	4
11.27	4
4.77	1
-36.35	5
-19.1	3
14.16	1
-16.6	4
2.86	3
-10.18	4
-13.82	5
10.67	2
-25.77	1
175.47	2
15.46	3
-61.05	2
35.62	2
-13.54	4
-11.29	4
50.82	1
-0.52	1
-26.41	1
86.62	5
19.75	1
2.67	4
-8.74	4
3.74	2
53.7	1
-41.34	5
-10.56	4
-85.47	2
18.79	3
2.49	1
49.13	2
45.14	3
29.81	1
59.63	1
161.85	3
-8.82	3
25.34	3
5.97	5
3.67	2
-6.45	2
-31.94	5
-38.58	3
0.67	5
-34.22	1
-13.96	2
9.96	4
23.16	5
-0.62	1
2.25	4
31.26	2
93.54	2
9.38	2
-12.27	4
-32.36	3
45.37	5
-0.8	5
22.45	3
82.79	2
-12.96	5
-7.4	4
10.53	1
-8.07	4
-5.7	1
-11.1	3
6.27	1
-1.18	4
18.53	2
-6.5	3
-10.53	4
8.56	5
-95.81	3
-4.14	2
4.14	1
-51.33	1
-10.76	1
67.25	5
-17.42	2
-2.12	5
7.35	2
-10.04	5
81.13	3
11.49	4
226.69	5
1.4	4
-39.43	1
0.75	4
123.63	2
-11.69	4
1.73	4
1.38	5
-6.42	5
-12.85	4
-34.13	3
14.13	2
23.44	1
0.82	4
-0.24	4
-78.34	2
104.31	3
-87.54	1
-88.4	3
-3.63	4
146.46	2
-67.97	1
10.54	4
-4.62	2
-32.74	3
-46.92	5
23.32	2
-27.33	1
46.55	3
-21.78	5
-40.75	2
-41.6	5
-3.31	1
61.29	5
-161.64	3
-8.66	1
8.71	4
68.54	2
31.93	3
-34.11	1
9.41	1
5.09	4
5.52	4
51.93	5
-3.8	4
-4.67	4
9.47	3
-0.91	4
38.4	4
-2.66	5
-42.04	5
27.81	1
24.29	3
-6.72	4
21.8	2
-64.32	3
2.7	4
2.95	4
69.73	3
47.42	5
35.04	2
5.28	5
-6.23	1
-79.97	1
9.52	4
25.17	1
11.79	5
53.94	1
12.9	2
18.61	2
-31.07	3
21.24	4
32.62	5
32.39	5
-5.59	3
-5.07	5
2.14	4
-35.5	5
-26.41	5
113.76	2
-10.08	5
34.85	3
-12.61	1
-68.62	5
-13.72	1
22.59	5
26.31	2
42.71	5
-32.33	1
6.66	2
12.18	3
26.85	2
-3.75	4
-196.8	2
67.54	1
-49.52	2
-240.61	2
-9.96	3
41.71	3
6.98	2
1.23	4
-2.18	1
-0.24	5
62.29	1
55.73	5
60.53	3
2.62	5
5.49	1
96.02	3
-75.05	5
7.74	4
5.88	2
13.45	2
-21.01	3
22.59	5
-49.62	1
-37.97	3
64.96	2
53.03	2
179.82	3
-91.49	3
98.04	2
81.3	5
-33.61	2
-6.64	4
-33.61	5
-7.77	1
13.39	4
-2.21	1
9.66	4
58.03	2
-7.33	2
-148.51	3
-15.55	1
-102.25	3
42.22	1
9.63	4
-6.21	4
-29.33	1
0.82	3
33.23	2
8.59	5
-10.16	1
-5.83	4
0.67	4
6.9	4
-8.67	4
-54.97	1
-57.53	5
-17.45	5
-13.76	1
13.36	4
55.57	5
-3.05	4
-50.82	1
77	5
7.26	1
84.06	2
-221.52	2
-2	2
7.6	5
-3.71	4
39.81	5
-12.74	2
22.09	1
-28.6	5
-32.02	1
122.03	2
-4.71	3
-76.4	5
-3.95	4
8.98	4
7.73	4
16.44	2
-84.14	5
-7.72	1
-5.56	2
-11.65	4
16.22	3
-9.6	5
-0.11	4
8.65	4
21.9	5
-34.42	5
13.96	4
71.24	2
-15.33	5
21.26	5
-0.19	3
-154.8	3
121.76	5
12.01	4
61.32	5
15.11	1
10.52	4
-4.53	1
-0.35	3
-16.46	1
3.19	4
-5.48	4
-1.54	3
-17.32	5
-107.61	3
-14.42	2
8.7	5
-4.28	4
47.83	3
-2.79	1
-77.04	2
51.99	5
8.04	4
-4.84	4
11.7	5
40.13	1
7.13	1
-58.36	5
-8.52	4
26.81	2
3.08	3
-8.2	2
33.91	5
-11.57	1
11.86	4
101.67	5
-8.34	2
2.05	1
-35.37	1
4.97	2
-21.11	2
12.91	1
-4.52	1
-15.35	3
11.01	4
9.36	1
-1.88	2
9.66	3
95.9	3
136.47	3
-6.37	1
8.36	3
12.46	1
-41.6	1
135.25	3
199.53	3
0.74	4
-81.33	5
5.22	3
-53.37	5
3.16	1
30.37	2
8.54	3
2.58	4
9.65	4
5.16	3
-4.58	4
10.81	4
10.53	5
-9.04	4
-4.72	4
3.12	3
112.09	5
-26.53	1
37.4	1
-12.29	3
9.94	5
-185.21	2
-15.24	2
-12.27	5
-37.92	1
-12.47	4
79.57	3
83.01	5
-4.8	5
5.7	5
12.01	1
-4.1	1
5.75	4
80.25	2
-48.44	1
-5.45	4
2.01	4
101.26	3
-8.66	5
3.49	3
60.76	5
-112.8	2
-48.03	1
-81.18	3
-4.46	1
-46.99	2
-2.51	1
53.81	5
15.81	4
14.29	2
-38.42	2
-10.48	5
9.23	2
-3.51	5
31.51	3
-61.73	1
-10.57	1
39.08	2
-344.04	5
36.72	1
47.25	2
-0.6	4
12.81	4
-97.85	1
9.11	5
-269.41	5
-52.24	1
-10.12	1
-35.38	3
-4.72	2
-32.61	2
11.07	2
-20.61	5
4.64	1
10.73	2
-222.74	2
-15.67	1
80.76	2
6.87	1
-16.88	5
3.26	4
13.35	5
-120.48	5
62.72	2
-33.62	3
-10.47	4
10.86	4
2.95	2
12.74	1
21.15	1
55.69	3
-10.35	4
1.71	4
27.99	5
7.12	4
-25.69	3
4.37	2
25.06	1
-5.46	4
121.73	3
-1.63	1
86.56	2
-18.28	2
51.74	3
-11.63	4
30.32	2
0.52	3
20.52	3
7.54	1
50.85	1
27.08	5
2.05	1
8.81	5
-6.89	4
50.62	3
-4.78	3
-5.52	1
9.63	5
8.04	2
-8.84	4
14.79	1
54.96	3
24.86	1
-0.14	4
-4.52	4
-7.52	5
78.45	3
21.51	5
-36.38	1
17.39	5
-7.21	1
-2.31	4
3.82	3
84.77	5
28.2	2
-61.19	3
-3.64	1
-16.68	5
20.22	2
-22.85	5
-137.39	5
-46.98	1
-3.95	2
122.63	3
11.32	1
5.74	5
-76.58	3
5.14	2
-42.77	2
-69.62	1
9.52	5
14.81	4
-2.38	1
3.7	4
-84.58	2
-0.44	4
-13.26	4
69.77	5
-2.72	1
-24.91	3
15.08	3
1.77	2
-79.98	3
-10.46	4
-65.43	5
15.6	3
-66.27	5
8.48	4
-1.24	5
-91.4	2
99.85	3
61.86	2
-1.71	2
-12.47	2
-161.19	2
0.09	4
7.71	4
16.49	1
-92.03	2
-12.3	4
11.44	1
-264.82	2
16.04	1
7.41	3
37.83	5
-5.42	4
4.41	2
-93.9	3
10.33	3
-7.19	4
-12.57	4
-52.51	3
-33.57	3
11.25	3
-28.91	5
4.65	5
2.52	5
-13.66	4
6.09	2
-98.62	2
94.42	2
60.18	1
28.73	3
29.4	1
-19	1
36.27	3
-65.52	3
4.8	5
-9.89	4
10.87	2
-3.09	3
48.87	2
6.01	2
-8.52	4
16.87	3
12.02	4
-11.46	4
-98.1	5
11.2	4
59.46	1
-35.42	1
-1.48	4
116.26	3
-87.55	2
-69.32	5
-6.11	1
97.83	1
-7.4	5
-7.48	4
-146.54	2
-25.26	2
2.87	2
5.17	2
-14.01	5
10.63	4
4.36	4
43.81	1
-42.39	2
-18.28	2
38.23	2
-9.81	4
11.58	4
3.01	1
33.14	2
-6.14	3
11.08	4
10.91	4
20.95	2
7.58	5
-77.81	3
-8.71	4
0.3	4
-80.42	5
50.27	3
51.2	1
12.61	1
-31.22	2
-14.75	1
-26.31	5
63.2	2
-130.93	2
68.86	3
33.34	3
2.56	4
-66.4	5
-1.02	4
5.17	4
4.08	2
34.37	3
-6.99	5
-2.86	4
-4.8	4
-9.95	5
-3.47	4
-5.2	4
-12.15	4
-6.4	4
4.84	2
-6.44	4
16.19	3
-24.23	3
10.18	5
-100.04	3
-17.07	4
6.21	5
-8.64	4
24.3	5
-52.78	1
-34.74	1
46.88	3
8.69	4
2.4	1
-176.62	5
-20.34	2
-7.87	1
85.81	1
-6.73	1
-150.09	5
-8.71	3
-27.73	2
-9.83	1
-45.25	2
-7.5	1
40.93	1
27.92	3
5.57	4
-5.95	4
16.15	2
-9.46	4
