-45.59	1
4.08	1
2.27	1
-18.69	3
55.25	2
24.5	3
-142.72	2
-5.31	4
71.1	1
8.71	4
9.43	2
-8.89	4
2.64	5
-8.58	3
-8.42	1
-150.7	2
-16.35	3
107.74	2
2.41	1
17.58	1
-306.45	3
-9.23	1
127.88	2
-70.06	2
-38.48	1
24.39	3
52.99	5
-8.16	1
-9.96	3
0.98	4
-22.31	1
-20.04	5
-9.73	5
-7.85	1
34.79	2
-7.72	5
16.77	2
9.78	4
1.21	4
19.32	5
43.79	2
4.87	1
-13.47	4
-12.27	4
-38.75	2
-6.46	4
51.84	3
-11.27	3
6.18	3
-3.04	2
46.83	3
0.84	1
9.29	5
25.19	4
-83.71	3
-9.05	4
62.59	2
49.59	2
10.65	1
-69.35	3
-10.97	2
42.94	5
-55.7	1
-6.73	4
47.43	1
109.62	3
-59.31	3
13.18	4
7.54	4
-110.1	2
-115.01	2
4.41	4
-99.63	3
47.09	3
-8.83	2
19.45	3
-48.73	1
-6.56	3
35.77	1
-73.1	5
-11.39	3
0.42	4
20.39	3
44.48	3
38.21	2
-30.53	1
-0.6	3
-5.13	2
-9.52	3
16.88	1
-7.6	4
15.7	5
24.61	5
2.01	3
8.34	5
34.54	5
42.33	1
-4.52	4
52.65	5
-8.98	3
-4.8	2
59.06	1
12.29	4
12.86	4
-95.93	5
10.12	5
0.42	4
-9.44	5
-7.07	5
-121.01	3
-118.64	1
-21.91	3
0.6	4
48.37	5
8.33	4
-0.02	1
27.24	1
51.04	5
116.42	3
13.44	4
-14.2	1
-31.91	3
1.6	4
-27.95	1
13.58	1
-20.22	5
39.85	5
5.05	5
-11.01	3
16.57	2
104.15	2
39.8	5
-3.47	4
-83.43	2
-154.6	1
-6.22	1
19.13	2
24.16	2
-54.56	5
18.09	1
-1.88	2
-153.43	5
31.08	5
12.83	4
-13.65	5
-56.91	3
-13.79	2
108.48	1
-111.67	3
165.69	2
-31.12	1
19.52	4
1.41	3
-4.7	1
-25.32	4
135.67	3
-7.13	2
-7.25	4
-9.18	5
-4.21	4
32.29	5
3.57	4
64.96	2
65.58	5
11.63	5
-37.16	5
45.81	5
-8.21	2
-4.42	4
2.09	4
9.2	1
58.7	2
5.05	5
-11.75	5
14.89	1
-44.22	5
-4.22	1
-26.22	1
-11.26	4
18.83	3
1.39	4
-70.95	3
-12.23	4
-9.84	4
-0.86	3
4.37	4
-9.29	1
0.71	4
120.76	3
60.79	3
-42.98	3
-11.43	1
-47.39	5
2.2	5
57.72	5
-64.42	1
9.12	5
-5.79	1
17.55	2
81.31	3
-9.45	1
24.42	5
-68.25	3
-88.35	3
-5.27	3
-9.3	4
8.68	3
-0.11	1
-45.62	3
-0.05	4
12.3	1
40.95	3
122.36	2
37.88	1
-11.98	4
13.21	2
-57.8	1
65.01	5
-25.18	2
0.73	1
-4.3	4
-90.88	3
0.11	3
-14.84	1
4.88	4
2.66	1
14.14	4
-6.84	4
-51.78	3
-23.41	3
-4.7	1
27.69	1
30.12	1
3.42	3
-10.59	4
-97.69	5
-68.39	1
3.49	3
3.79	3
-9.86	1
60.54	3
-25.3	1
31.33	5
-10.37	2
-17.36	3
-18.78	1
39.28	3
11.52	4
-29.71	4
13.76	4
7.45	5
-98.56	2
0.91	5
35.5	2
-30.23	2
33.23	1
1.62	4
-33.01	3
10.21	4
4.98	4
108.97	5
1.51	2
10.42	2
21.14	5
-31.93	1
32.03	3
42.87	2
-10.81	2
19.58	4
-15.2	3
4.77	5
20.8	1
-49.09	3
10.53	1
-26.41	3
16.53	5
-64.37	5
2.12	5
2.49	2
-17.04	4
62.46	5
2.25	5
89.85	5
-7.27	3
-4.86	2
-14.42	5
-35.34	3
-25.37	1
-42.31	1
-10.07	5
1.75	4
7.08	1
-7.4	4
7.82	3
70.64	1
-2.43	1
8.65	4
79.28	5
-42.01	5
-12.66	3
0.05	1
1.51	2
27.41	1
13.31	3
-13.33	1
10.61	5
57.59	5
27.21	5
9.3	4
-5.68	1
10.54	4
-94.07	1
-225.59	2
-48.76	1
-32.42	3
78.3	2
9.42	4
-66.95	3
-27.71	3
4.92	5
-27.91	5
51.31	3
35.83	3
7.89	1
-3.05	5
6.17	4
11.58	5
-0.74	3
11.93	4
-16.63	4
6.06	5
-20.98	2
10.08	4
-6.73	2
-31.11	2
-6.38	5
4.02	1
60.93	1
9.43	2
-3.36	3
-33.03	2
-6.04	2
150.23	3
4.26	5
14.97	1
7.44	4
16.35	2
41.34	3
8.23	5
-131.64	2
65.96	5
-27.07	5
-4.55	2
5.3	4
-85.66	2
-5.64	4
1.64	3
62.45	1
16.88	5
3.95	5
-12.59	3
47.25	3
-7.6	4
13.98	4
8.69	1
37.8	1
63.24	1
-43.75	3
-38.99	3
-7.54	3
-40.52	1
51.08	3
-26.86	5
9.52	4
-12.25	5
13.36	1
-9.99	1
71.82	5
27.77	1
-6.16	3
-82.09	5
-8.27	4
9.23	4
-138.84	3
10.4	3
-4.64	1
-5.37	4
48.46	3
75.22	2
-4.28	4
80.97	2
67.73	2
27.42	5
-45.94	1
-184.34	5
-5.59	4
63.55	3
-0.08	3
4.47	2
-95.41	3
6.04	4
83.52	5
42.72	2
30.21	2
-13.19	4
0.38	5
15.13	1
14.96	2
-9.53	2
-31	1
57.92	5
-36.2	1
-10.38	3
-9.9	4
-24.93	1
-357.36	2
50.47	3
46.11	1
9.62	2
-6.93	5
0.6	4
34.23	5
-30.38	1
-17.71	3
73.98	3
-36.85	1
-4.76	2
-61.09	1
9.71	4
37.21	4
1.02	3
-134.2	5
-7.27	2
-4.6	1
-9.2	1
4.69	5
-1.35	5
7.12	4
-20.3	2
62.89	3
-161.32	2
70.26	3
-37.26	2
45.74	5
18.46	2
-6.77	5
-37.82	5
-35.59	3
42.2	3
9.04	1
-119.71	5
65.94	2
7.9	1
90.22	2
39.79	3
-8.7	4
-7.47	1
-3.09	4
-14.12	4
-8.42	1
6.07	2
-14.67	5
7.36	5
7.68	3
20.14	1
20.14	2
78.54	3
-3.81	5
-10.15	1
-42.59	3
-4.57	4
-15.09	3
-7.6	2
41.4	1
28.03	5
-5.14	4
-26.18	2
-15.83	4
40.51	2
-45.8	3
5	5
9.07	3
12.02	5
3.01	5
7.78	3
-14.67	5
7.75	3
7.66	1
3.69	5
4.33	4
-9.51	3
-8.48	5
-38.33	1
15.38	4
-53.66	1
9.6	5
-22.32	5
2.22	4
-6.42	5
10.54	4
-15.96	5
-31.05	1
5.13	2
14	3
-1.11	1
-106.94	5
-50.18	1
-3.09	4
76.53	5
12.21	3
-16.31	4
-15.64	5
-3.34	5
10.86	3
-59.76	3
13.34	2
17	2
9.72	4
-10	2
-0.12	3
-7.86	4
-1.2	3
48.58	2
7.14	4
-10.8	1
-3.33	4
16.2	1
62.73	3
1.05	4
12.3	2
50.04	2
43.27	2
-24.03	1
-102.7	2
93.6	1
-4.59	4
59.8	2
60.15	2
3.15	3
-1.8	2
17.84	1
12.95	4
11.23	4
95.13	2
-11.33	4
-0.52	5
-5.14	1
-102.07	2
85.85	2
37.11	3
8.19	2
1.38	1
-8.14	2
-3.97	4
12.22	2
6.63	5
0.09	1
24.96	4
-25.77	2
5.17	5
7.25	4
-28.43	1
4.38	2
-5.21	4
7.69	3
-3.5	4
23.23	1
85.58	3
-75.42	2
13.82	4
11.44	3
-179.34	1
-2.09	4
-18.41	2
75.35	5
-145.34	5
6.74	2
46.52	5
-0.86	4
-2.51	4
40.11	2
-12.17	1
8.34	2
26.54	1
-9.76	2
2.68	4
3.24	4
11.25	5
-24.64	1
-41.05	3
19.89	5
-93.96	2
15.1	5
1.2	4
14.18	2
-141.68	3
4.27	3
-5.98	4
-9.05	4
-63.35	5
11.14	5
-21.29	2
-7.8	3
-12.42	4
1.64	4
83.44	5
74.47	3
10.92	5
-13.55	2
8.36	5
5.97	4
35.14	1
-20.97	2
-8.85	5
-8.98	4
14.47	3
13.6	5
18.88	1
15.23	1
79.91	5
22.43	5
-14.17	2
129.82	2
-8.3	4
34.85	1
24.72	3
-6.96	4
-63.06	3
-5.53	1
-75.41	5
-16.7	2
-48.29	1
-4.73	5
-2.35	2
-99.93	3
39.49	1
2.78	4
5.24	2
4.66	1
10.24	4
46.19	1
2.4	4
45.73	3
-13.09	3
33.36	3
4.45	4
-59.14	3
109.54	5
60.89	5
14.76	5
-15.54	1
40.23	5
31.76	2
13.52	5
-2.7	3
-12.21	5
91.72	5
30.76	3
-8.54	4
-0.1	4
-15.53	2
-8.66	2
-1.09	4
67.82	3
5.02	1
-6.18	2
-16.64	3
-61.3	3
-37.38	3
-59.71	1
-15.94	1
-40.17	2
41.29	2
50.58	3
-13.46	5
34.87	3
48.31	5
-61.65	5
57.38	3
-9.31	1
-8.31	5
90.83	5
48.27	2
-12.76	1
-6.6	2
-13.08	3
-8.56	3
1.9	3
7.77	3
67.13	1
-91.3	2
-33.22	3
-12.89	2
2.68	3
-5.21	5
7.46	4
-25.36	1
-58.51	1
-179.36	3
0.37	4
18.21	4
12.02	4
9.61	4
-19.24	2
101.11	5
34.89	3
-5.32	2
-21.49	1
54.94	5
-8.46	2
-27.79	5
-22.16	5
14.97	4
10.78	4
22.47	1
11.54	3
-0.75	4
-5.78	5
16.5	4
17.9	4
118.85	5
-98.93	3
-7.34	2
74.94	2
79.44	5
89	3
-110.77	3
6.22	5
-10.61	4
-131.49	2
-13.41	4
71.67	3
8.19	4
-1.67	4
-8.67	5
-1.41	2
48.37	2
7.65	1
-17.11	5
12.42	5
3.83	4
-39.75	3
-24.45	3
-6.03	5
-0.9	3
-7.93	1
14.76	4
-9.06	4
34.78	5
0.21	1
-46.8	2
42.41	3
-2.91	1
52.69	3
20.35	2
-50.25	5
-32.63	1
-0.48	1
3.42	4
-3.21	1
10.84	5
2.96	4
-89.65	2
10.41	2
49.9	5
53.35	3
8.22	1
-101.18	3
28.49	5
54.8	1
-22.93	1
54.91	5
-71.96	3
-43.29	3
-40.8	3
-119.16	3
10.32	4
19.32	1
27.99	3
5.77	4
-2.32	3
6.38	4
10.91	4
12.92	5
9.76	4
39.15	5
5.2	4
-14.84	1
10.07	4
155.7	3
-2.57	4
-31.17	1
-7.57	4
9.24	1
-3.92	4
-27.39	1
27.91	1
-48.94	1
9.77	4
12.82	1
-11.79	4
-17.34	3
4.79	4
-18.22	2
72.35	5
8.57	2
-26.9	5
35.22	2
-21.86	4
-10.1	1
-8.84	3
3.11	2
2.2	4
64.61	1
61.53	5
-6.36	4
-80.94	1
-15.06	4
4.29	5
-3.04	4
45.72	2
50.32	1
13.89	4
74.11	1
0.08	5
-3.96	1
36.81	2
-0.06	1
-88.45	1
12.98	4
33.44	2
-78.83	5
25.14	2
106.14	5
-10.57	5
-1.78	3
-5.09	4
-3.8	3
14.5	3
11.64	3
-22.06	5
40.97	1
-14.52	3
61.06	2
14.08	5
78.23	2
-4.05	1
-65.92	3
7.99	4
-50.87	2
-149.33	2
-112.65	5
-12.86	1
-37.55	1
65.01	1
-53.26	2
-3.4	4
4.95	4
69.27	2
-1.22	4
12.8	4
11.74	4
38.06	2
23.6	4
5.09	4
26.77	3
32.98	3
-38.61	1
-54.44	1
-8.12	4
-12.93	4
-45.71	5
10.21	4
-12.36	4
20.74	2
15.83	4
19.88	3
4.57	1
7.15	1
10.05	2
21.36	5
2.87	5
-98.31	3
-70.95	3
-73.61	2
16.2	5
-16.85	1
169.34	2
-45.92	2
-13.44	4
0.1	1
0.67	5
30.73	2
-103.77	2
-99.14	2
-128.43	2
-24.11	3
-8.51	3
-0.48	3
-47.96	3
-2.12	4
28.62	5
-36.48	5
-11.61	1
26.67	3
-94.6	1
-36.42	5
2.79	5
13.56	1
-5.94	1
89.03	2
-41.99	4
-3.88	4
-3.59	3
47.13	5
1.53	4
-19.2	3
16.13	1
-13.55	2
4.8	5
11.51	4
11.97	4
8.13	4
-46.11	1
4.14	1
-9.32	3
35.86	3
43.16	5
8.72	5
-5.09	4
31.27	2
-143.7	3
-5.1	4
6.73	1
39.93	3
-10.19	1
-35.13	3
-4.08	3
101.21	2
6.44	4
-66.33	5
-31.1	1
0.25	3
-351.43	2
16.13	1
-12.84	4
8.58	4
13.2	4
68.6	2
3.64	5
-32.6	1
-4.49	2
14.11	1
2.48	4
65.47	1
-4.74	4
-7.14	4
11.44	4
-9.09	4
-4.08	1
-18.37	1
-123.15	1
-65.44	2
-17.16	2
-178.26	2
-16.43	3
54.16	5
134.38	2
-1.45	3
-15.16	3
-9.75	2
-6.12	4
1.59	4
-117.8	1
40.94	2
4.15	2
12.55	4
97.1	2
-107.8	2
86.42	3
71.2	3
9.7	3
112.46	3
-14.8	4
58.28	3
60.72	1
-2.08	1
24.37	3
-38.28	3
9.57	2
43.83	2
55.81	1
-10.87	4
33.83	5
8.66	5
115.28	2
1.46	4
12.13	4
-57.62	3
-0.96	1
-4.42	3
48.48	2
73.01	2
0.75	5
42.45	2
-80.54	3
36.09	1
-65.17	5
-7.93	5
-7.56	4
-2.95	4
9.84	1
10.04	2
49.1	5
-28.59	4
-10.2	4
-9.84	4
22.8	2
-0.7	3
-66.15	5
-1.15	1
-16.1	1
5.06	4
61.05	1
