3.29	4
5.34	3
7.82	4
-7.42	4
-3.61	4
-15.96	3
5.41	3
-122.83	5
-2.78	4
102.82	1
10.48	3
-5.32	4
-3.52	5
8.14	4
0.92	2
6.72	3
23.9	1
-36.96	2
0.4	4
28.93	3
-25.06	2
63.9	3
4.49	2
21.76	3
39.24	3
-26.03	1
23.66	1
-219.44	3
7.01	5
15.21	5
-28.16	1
-3.22	2
63.79	5
-16.65	1
-39.71	1
-161.2	2
-141.23	3
3.78	5
2.83	3
10.43	1
-42.96	1
11.56	3
-9.62	4
2.87	4
-13.16	1
-15.07	5
-2.11	4
-3.15	3
-3.88	5
-107.44	2
-64.74	3
-21.5	2
-10.04	5
6.51	4
-0.17	1
-23.55	3
-4.81	5
-1.71	5
96.52	3
-2.6	2
-27.19	5
21.44	5
-73.85	2
54.43	2
-72.38	2
63.24	5
-61.7	1
52.94	2
-8.42	5
39.25	5
44.58	3
-20.87	5
-76.95	2
-50.77	1
12.98	5
25.43	3
-108.35	3
-24.05	4
1.66	4
186.76	3
20.51	1
-14.15	5
11.31	4
124.54	3
-3.17	4
10.35	3
16.26	4
2.33	4
-4.85	3
14.04	5
-31.25	5
5.77	3
1.76	1
-70.31	2
10.26	2
47.17	3
-22.58	2
0.24	5
-4.44	4
-101.54	3
31.81	2
12.21	4
47.31	2
27.27	5
16.22	2
12.34	1
8.05	1
0.58	4
11.33	4
-7.93	3
9.09	5
-2.13	1
-6.12	4
-16.39	1
-15.72	4
47.83	1
3.19	4
-0.94	4
5.11	4
10.23	4
-2.88	3
-48.31	5
-3.75	2
-5.48	1
6.16	4
-8.09	4
-13.21	4
-14.67	4
23.13	5
21.09	3
-26.1	5
0.91	2
21.31	2
25.04	3
5.94	1
8.84	3
-7.76	1
-4.55	4
5.87	5
42.34	1
7.9	3
2.5	3
-8.77	4
7.6	3
-10.94	5
-8.03	4
-18.94	5
15.02	3
-9.67	3
-7.07	4
-51.02	3
-92.14	5
-23.69	1
-98.97	1
-24.83	2
43.59	2
26.81	1
-5.35	2
-108.77	3
-12.82	4
-9.27	1
5.65	3
-8.33	2
34.54	2
-26.17	3
-47.31	5
6.67	1
-2.39	4
42.83	5
19.64	1
7.55	1
24.49	3
-29.4	3
-9.62	4
-48.82	3
36.87	1
-7.03	4
24.02	1
-11.17	4
-12.68	1
-16.35	2
2.5	5
18.51	1
4.45	5
-22.08	5
8.45	2
18.18	2
37.2	1
33.38	5
-23.52	5
16.1	3
12.03	1
9.28	3
90.22	3
-2.84	1
16.44	5
-6.44	2
23.38	1
90.73	3
10.54	1
42.79	2
1.5	3
-22.43	3
1.67	2
16.47	2
-5.59	3
17.33	4
-12.85	5
10.39	5
23.66	2
7.54	4
22.36	1
-40.18	1
5.54	1
36.99	5
-9.71	4
-10.67	3
54.44	1
-11.23	3
-8.47	4
9.63	3
8.34	5
-11.03	4
52.15	2
49.33	5
27.08	5
2.99	2
-3.32	2
-14.93	3
36.88	1
12.3	5
70.92	3
14.62	2
13.82	2
-5.15	2
-7.65	5
-19.7	5
8.78	2
-1.35	2
8.67	4
-5.65	2
-61.81	3
-39.24	5
1.65	5
3.88	5
-8.7	4
9.61	4
39.01	5
-119.01	5
64.94	2
-27.79	5
-8.51	5
-15.2	5
59.66	1
52.99	3
-55.44	5
-3.57	4
-8.39	1
-4.2	1
20.5	4
22.98	5
19.07	2
28.88	5
-13.05	2
16.13	5
12.79	4
6.51	5
-38.69	3
25.8	3
-55.42	3
-2.06	4
6.21	5
11.46	5
10.69	1
-67.03	3
-14.21	4
27.25	1
10	4
-92.93	3
7.26	1
-22.05	5
-8.32	4
2.39	4
-6.44	5
50.89	5
-32.79	5
-5.96	1
37.04	5
-10.88	4
-5.77	4
-42.74	2
13.19	2
-77.25	3
8.76	4
-24.13	1
-3.79	4
2.08	4
89.5	5
-60.22	5
39.14	2
-6.14	2
0.66	4
8.51	4
9.56	5
13.33	1
-169.4	5
7.59	4
1.58	2
-41.85	5
18.27	2
53.51	3
2.43	5
-26.51	2
45.02	3
13.14	2
-15.62	5
-68.8	5
161.92	3
53.11	1
1.6	3
1.63	1
-18.58	1
-11.19	4
-56.57	3
-24.3	1
-20.44	1
6.75	4
-114.95	3
-5.65	4
6.58	4
16.76	1
10.68	4
56.85	1
68.12	3
11.85	1
56.54	2
-0.76	5
-143.56	3
-2.3	4
89.1	2
-6.82	3
-8.01	4
-4.21	1
4.34	4
10.5	5
-20.78	1
-40.54	2
-12.33	2
42.44	2
-56.97	3
-18.62	5
-0	4
-0.24	3
74.94	2
-3.45	4
-40.65	2
18.78	5
32.27	3
-22.79	2
-18.32	1
-3.19	4
-8.6	1
134.21	3
2.08	4
-1.5	4
-10.34	4
2.49	2
27	1
-30.04	1
0.96	5
108.96	3
-47.78	5
97.89	3
-64.93	1
24.36	2
1.16	4
-55.69	1
-15.47	1
11.59	1
-4.54	4
39.59	2
79.79	2
-3.36	5
8.11	4
-16.56	4
-9.5	2
58.54	3
-6.31	3
51.56	1
51.57	1
-126.54	3
-66.19	2
25.08	2
55.49	2
62.13	1
-52.46	2
-65.06	5
-19.79	5
-62.14	2
-6.06	4
10.31	5
-16.78	1
-5.95	1
29.43	2
37.55	3
-58.29	5
-30.03	2
-9.96	1
40.7	3
-28.18	5
-67.48	1
-16.65	5
10.55	5
50.75	2
-10.48	2
-23.55	3
-17.13	1
44.36	3
0.79	4
-37.69	1
-116.12	2
2.88	4
26.07	2
-365.1	3
79.37	2
-126.38	3
-81.94	1
-205.56	2
-35.91	1
13.55	4
3.82	5
4.77	2
9.45	1
-19.52	1
2.14	2
8.35	3
-5.32	4
160.28	2
53.7	5
3.38	3
23.73	3
-11.49	3
141.29	3
107.32	3
-16.24	2
5.57	3
-0.31	2
-148.46	2
-8.36	4
11.93	2
77.57	2
-42.07	5
20.51	3
-51.39	1
1.08	5
-7.32	1
-113.51	3
-54.49	1
-23.9	5
-0.82	3
-2.89	2
-71.39	5
55.53	3
-143.75	3
-23.5	1
-4.02	2
-76.27	5
2.43	2
13.68	4
7.77	5
0.85	5
114.92	2
-5.55	2
3.37	4
-51.35	3
-60.2	1
5.3	5
44.77	1
-16.48	5
-4.22	3
-163.77	3
52.83	3
-3.74	3
4.03	5
12.86	1
-37.62	5
6.54	5
-29.73	1
19.09	1
-2.62	4
39.6	2
32.35	1
15.92	3
-67.02	3
4.54	4
-46.07	1
1.96	4
-10.15	2
-59.38	2
-8.25	4
-10.94	2
-7.26	4
90.07	3
-1.65	4
28.41	2
11.87	1
7.08	3
37.44	3
84.33	3
-1.73	4
-14.7	1
10.5	5
-5.55	1
51.96	5
-2.74	2
26.25	5
-187.39	3
7.16	5
-30.84	3
-0.36	4
5.3	1
-5.37	2
26.91	1
12.97	4
25.03	2
-1.92	5
39.94	1
19.07	2
-5.89	4
18.83	1
14.18	4
-11.6	5
-14.99	3
-5.85	1
-76.92	3
-3.73	4
87.77	2
-25.21	1
-15.69	5
26.14	2
5.76	4
41.34	1
-8.09	3
6.79	4
-34.58	5
-37.41	1
18.08	1
9.79	5
-53.49	3
2.48	1
9.5	1
-15.72	1
-0.3	1
-61.8	3
-30.19	3
36.49	2
44.64	5
-84.1	4
-65.52	2
102.33	3
-25.15	1
94.32	3
-13.33	4
-27.6	1
-11.31	5
5.47	4
-114.15	5
17.65	1
14.49	5
10.39	4
34.37	5
41.47	2
6.72	5
49.79	3
7.99	4
0.8	2
-82.01	1
91.55	5
-28.05	5
-53.53	1
-29.69	5
15.02	5
-0.82	1
10.34	4
39.18	1
6.83	4
8.9	4
-4.72	4
39.21	1
-95.71	3
30.83	2
19.64	2
150.53	2
-10.51	4
-4.92	5
-7.34	4
-4.32	4
0.56	3
-58	2
5.32	5
3.66	4
26.2	2
-16.9	3
-4.18	3
-14.44	2
54.21	2
2.11	4
12	4
54.2	1
-2.36	4
3.84	3
-60.79	5
-16.17	1
-39.05	5
-9.29	2
19.36	3
0.09	4
-49.73	5
97.41	2
37.24	5
32.52	2
-8.33	4
-2.94	1
20.64	5
9.51	3
6.88	4
-5.45	1
-37.19	1
29.01	2
-53.43	3
-41.42	1
-12.79	4
8.34	4
-8.86	4
-30.94	5
-14.19	5
-26.67	5
47.84	1
-2.73	1
-2.67	2
15.82	3
26.59	2
0.45	4
-63.1	5
1.92	2
-61.4	3
-51.96	1
-81.6	1
8.62	2
-71.55	2
-2.7	3
33.12	2
71.61	2
-19.89	2
-4.14	3
-16.6	3
6.71	4
7.93	4
25.44	5
35.94	3
-6.52	1
3.01	5
-19.76	2
38.49	2
95.78	2
3.65	3
102.5	2
134.24	2
10.19	2
7.91	4
-3.11	4
79.37	1
11.15	4
-12.63	4
11.24	5
3.34	5
-33.46	5
12.58	1
96.58	2
-70.6	5
-17.22	4
-35.68	1
-8.23	1
-46.34	3
-5.64	1
14.68	3
9.97	3
-50.44	5
-8.13	5
-96.21	5
-42.08	5
6.44	4
-15.32	3
42.74	5
-6.66	2
-31.15	3
-11.97	4
28.24	1
-82.56	1
43.79	1
18.62	4
21.2	5
18.2	5
-118.75	3
36.14	2
15.73	5
9.8	5
4.52	4
-31.38	1
54.63	1
-35.87	5
-11.16	1
-12.48	2
-56.93	5
10.83	1
-54.95	1
18.04	5
259.49	3
0.39	4
1.57	5
-12.52	3
10.72	2
5.87	2
12	4
55.71	1
-0.3	4
-8.68	1
-9.47	2
-54.51	3
-8.04	4
-7.27	4
-74.97	3
-10.79	4
-8.55	4
5.74	5
1.82	5
33.19	3
81.7	5
3.31	5
129.19	3
62.41	3
-66.31	2
-77.67	2
1.41	1
13.4	1
94.47	3
59.85	2
8.91	4
-6.04	3
-12.92	1
52.13	5
-181.25	3
-33.51	3
-24.88	5
5.17	4
29.66	3
27.87	2
52.41	5
-10.38	2
12.76	5
-13.18	1
33.88	3
14.07	1
118.09	3
-8.46	4
54.15	2
7.85	4
3.47	4
-7.09	5
-74.02	3
21.15	1
3.92	4
1.07	1
-4.37	1
47.67	2
88.87	5
19.89	3
8.92	1
13.95	4
-148.69	5
6.18	4
0.24	2
-30.65	1
-7.85	3
2.45	5
34.39	2
-28.65	1
72.62	3
-8.6	3
-33.47	1
17.01	1
-9.78	1
8.73	3
44.21	5
13.71	3
65.1	3
10.02	1
15.48	4
-19.44	5
-12.54	3
76.75	5
-55.99	1
11.24	4
11.18	5
13.97	1
34.5	5
11.56	2
-115.93	3
4.63	3
-34.87	1
49.45	2
-23.87	2
-2	5
54.85	5
4.51	2
47.04	3
2.22	3
17.5	4
-88.11	3
54.36	5
-20.4	3
6.91	5
12.15	4
17.35	4
-94.16	2
18.36	4
-31.17	1
-6.42	1
-81.36	5
-10.97	1
-10.77	4
-83.39	3
-19.93	1
31.33	3
14.92	4
29.45	1
6.93	4
-176.89	2
10.89	4
-7.62	5
17.08	4
8.99	4
31.38	5
4.52	1
-1.74	3
-20.45	2
-3.91	4
42.87	3
-21.37	1
7.36	1
21.04	2
6.73	2
-10.75	2
10.7	2
8.73	3
-66.82	5
-275.21	2
-2.96	4
-65.99	2
-3.64	1
4.95	4
-57.03	2
-9.33	3
81.06	3
0.64	2
26.87	1
-48.43	5
107.86	5
-38.03	3
-2.2	4
28.21	5
-44.41	2
10.85	1
38.43	2
4.99	4
-9.75	4
1.06	3
-5.84	4
61.09	3
6.02	1
-15.29	1
16.31	4
-0.9	4
33.15	1
55.58	3
48.88	3
-1.23	3
5.44	2
12.56	5
4.96	3
-11.46	3
1.39	4
10.78	1
2.84	4
9.04	5
25.68	1
-65.75	2
2.48	5
-90.27	2
58.29	2
11.88	3
-6.9	1
-13.37	1
45.35	2
-10.93	4
-3.95	4
2.25	3
-69.12	5
45.93	3
-88.9	2
-87.04	2
52.13	1
-11.22	4
-26.05	2
-6.55	3
4.7	3
5.62	5
1.67	1
-26.47	1
-32.53	3
10.03	5
23.92	3
-0.16	3
-18.43	4
118.05	3
-38.1	2
66.62	5
-9.11	3
-6.5	4
32.58	1
-7.56	4
129.28	2
21.72	1
-351.27	2
11.83	3
49.05	5
-13.59	3
-4.11	4
-4.1	1
-38.18	2
9.27	3
-3.69	3
121.97	3
35.74	1
-1.67	1
-47.55	5
105.13	2
6.83	4
10.55	3
2.76	2
-27.38	2
19.16	2
16.47	2
0.24	4
-15.26	4
5.6	2
5.33	2
-10.32	1
-4.63	4
-102.02	3
-7.08	5
-0.68	3
2.07	1
93.62	3
-7.27	4
-5.49	4
1.94	4
-20.79	1
-1.66	5
-95.5	2
8.02	4
64.09	2
97.4	1
6.41	2
-1.13	4
10.11	4
-11.89	5
70.98	1
5.26	4
-23.11	5
-7.25	4
16.04	3
-29.46	1
-95.87	3
29	2
46.01	1
-21.12	5
-5.09	5
0.44	4
28.44	3
27.03	2
-39.03	5
17.15	4
153.38	2
-45.23	5
3.65	4
-11.69	2
16.03	1
-55.91	3
22.99	5
82.83	5
9.82	1
-4.96	5
-3.8	1
-0.78	5
-34.75	3
-8.58	4
21.24	4
159.05	2
-28.8	1
10.99	5
-16.09	5
-2.76	1
12.42	4
11.49	5
8.03	5
-6.9	2
77.07	3
-43.36	3
5.02	2
72.83	3
-9.8	5
-35.87	2
41.75	2
