41.91	5
10.77	4
-70.26	5
-4.11	4
108.39	2
12.34	2
128.61	1
9.69	2
8.32	4
-53.56	2
48.85	1
69.9	3
62.1	5
-7.05	3
12.04	3
-75.06	5
10.47	3
9.82	1
33.52	1
78.44	2
-32	2
-11.46	4
-29.89	1
-1.38	4
-20.48	2
-8.29	5
9.49	5
4.3	3
7.98	3
-8.88	3
-53.99	1
-22.73	2
-21.82	5
5.32	3
12.69	3
9.79	4
4.73	4
38.41	1
-41.21	5
21.88	2
-11.23	4
14.19	4
-96.56	2
32.44	1
3.32	5
3.53	1
-44.22	5
36.33	1
47.53	1
30.55	2
-31.1	5
-2.25	4
40.34	1
11.7	3
8.28	1
-10.9	4
-27.23	5
11.07	4
6.03	1
-22.03	1
11.2	2
-31.13	5
-5.36	1
-58.46	3
16.81	1
-2.82	4
0.74	4
65.08	2
29.07	5
-14.11	3
19.96	4
44.83	3
-35.81	5
11.23	4
64.89	3
-5.66	5
-4.77	2
4.72	2
-2.49	1
-46.03	5
17.26	4
6.99	4
5.62	4
-67.73	2
-13.26	5
77.63	2
-41.88	1
102.96	3
-12.53	5
-63.85	5
32.14	3
6.15	1
9.86	1
243.25	2
75.82	3
8.6	1
-9.9	1
7.44	4
-13.39	4
-9.58	2
-18.8	1
-6.52	4
6.89	4
-26.35	4
-22.99	5
10.19	4
1.35	3
-9.58	1
-12.98	5
-51.29	1
-47.49	3
-29.97	4
34.96	3
6.5	3
13.79	5
80.52	5
-14.61	4
8.5	3
23.52	5
-41.13	1
141.81	2
-12.22	4
129.58	3
-8.44	3
59.77	2
25.38	1
5.57	2
-9.5	4
14.23	1
90.22	3
-73.42	5
10.31	5
-122.92	3
20.76	4
2.47	4
-93.67	2
11.03	2
0.96	4
9.78	4
244.77	3
87.98	1
3.79	2
7.39	2
18.93	1
104.61	5
1.74	4
-38.01	3
16.79	1
-8.58	1
13.08	4
7.3	1
12.73	5
194.38	5
-0.46	4
-4.92	5
-38.63	3
-5.12	2
-3.33	3
-88.62	5
-64.55	3
106.92	1
-71.35	3
31.93	2
28.22	5
34.99	3
-43.77	1
39.38	2
-1.54	3
-31.12	5
-37.2	2
-40.9	5
-13.86	3
20.03	5
-1.32	2
-15.93	2
-17.35	5
20.36	3
-94.6	2
-42.66	1
58.7	5
-10.86	4
47.99	3
-1.6	4
-73.53	2
1.88	2
-4.19	3
8.6	3
-3.5	2
28.64	5
2.03	5
-25.25	1
33.44	4
-209.47	2
-7.28	4
8.84	1
129.74	2
18.5	1
7.14	1
-98.71	2
-14.53	4
10.86	5
-43.86	1
12.73	1
0.11	4
2.31	1
-9.61	5
-6.44	3
18.59	2
-5.43	2
-10.56	3
-29.61	3
1.68	1
-11.2	4
23.05	5
79.78	1
-20.51	1
-11.12	1
-19.86	1
7.6	1
5.83	4
-48.63	2
29.96	2
46.21	1
11.79	4
-0.58	4
19.83	3
45.12	2
56.9	5
7.36	4
10.36	4
-0.44	5
2.91	4
-17.37	3
53.03	2
6.6	4
8.86	1
-3.69	5
27.94	3
-9.3	4
-12.98	2
-20.83	2
9.96	1
-9.86	4
-153.46	3
-21.03	2
-14.67	3
-1.4	3
-9.69	1
-70.08	3
92.28	5
11.03	1
9.65	4
-3.91	4
-5.4	2
98.83	5
27.84	3
-44.92	5
42.53	1
-47	5
19.22	1
-12.07	5
-47.78	5
-102.05	1
2.3	5
-66	2
4.41	3
-4.06	2
32.51	5
52.14	1
-7.76	2
-42.92	3
6.69	2
-47.28	2
-102.3	3
-9.76	1
10.12	1
-41.9	5
57.86	5
1.72	5
16.54	2
-49.26	2
-35.77	3
13.5	2
3.65	3
48.9	1
-15.29	1
27.08	3
1.47	4
34.12	1
-2.8	1
48.57	5
-13.66	2
5.09	1
-44.55	5
-15.52	5
-2.91	3
-29.77	1
-61.89	3
-5.02	1
71.08	3
12.88	2
13.86	1
54.61	5
46.34	5
13.31	1
-8.08	2
24.02	2
-65.86	3
11.56	4
103.59	5
18.76	5
-37.44	3
-4.8	5
34.65	5
4.87	3
47.19	5
14.13	3
-18.89	3
-0.71	5
-28.23	2
-32.46	5
-35.93	1
-78.36	3
4.91	5
-15.61	3
-10.48	2
7.93	4
-37.14	5
-12.65	2
-0.41	2
39.57	2
101.05	1
12.77	3
0.43	1
-55.66	3
-15.61	3
-8.62	1
-7.26	2
4.42	4
9.9	4
-44.73	2
-20.38	5
1.49	4
-45.84	3
95.97	2
45.25	5
-140.33	2
16.71	1
-1.61	2
5.18	3
17.78	1
-23.11	2
-23.37	2
-7.91	4
-41.55	5
11.86	4
-27.88	5
-113.11	2
-11.07	2
28.95	2
-43.88	3
6.25	1
-86.95	5
5.51	4
-11.62	1
37.56	2
7.49	1
10.46	5
-7.35	1
46.08	5
-36.57	1
-35.43	2
9.66	4
5.53	4
10.65	5
-4.08	1
-2.67	1
2.93	5
1.83	3
4.13	4
12.28	1
-6.78	1
-9.69	3
6.63	1
6.86	3
-208.3	5
1.71	5
-16.15	3
-22.71	2
-53.89	3
108.16	2
16.17	4
22.2	5
-27.82	3
36.3	2
-0.47	4
85.33	5
118.91	5
12.49	3
-3.19	4
85.43	5
-4.97	3
7.08	4
-11.43	3
-24.45	5
-15.65	2
-21.95	2
31.21	2
-57.41	1
6.89	5
9.62	4
-5.7	5
117.44	3
-8.01	3
-415.87	2
18.85	5
-0.36	5
-5.73	5
-6.79	5
33.15	5
17.31	2
26.74	2
18.04	1
-22.98	5
-21.65	4
-10.06	4
58.72	1
-30.7	1
38.49	2
-28.3	1
38.87	1
-109.03	2
4.13	4
63.45	1
0.19	5
36.34	1
-102.85	2
14.48	1
-154.9	2
53.22	1
8.56	1
-21.73	2
-24.76	3
-12.85	4
3.53	5
-19.21	1
-139.29	5
10.66	1
-17.33	3
-8.48	2
4.58	5
-15.45	1
-127.83	1
-13.18	1
61.41	2
27.57	3
-9.26	1
12.51	4
-18.83	4
18.76	1
27.19	1
-8.02	4
-145.91	3
-8.6	2
-143.76	5
19.1	1
-2.71	1
50.14	3
0.04	4
38.26	2
-54.15	5
-2.59	4
6.9	4
-9.69	4
12.13	4
-1.34	5
-22.77	1
0.94	5
6.89	1
-11.94	1
-1.21	5
-59.49	2
-3.54	5
39.05	2
-10.2	5
7.82	3
11.37	4
2.73	2
-0.58	3
112.12	3
47.58	3
-47.63	3
-40.43	3
-59.74	5
-40.17	3
-13.22	4
-15.51	4
-8.02	5
-20.77	2
10.89	5
-7.01	2
-9.99	4
-1.17	1
63.06	3
1.39	3
20.28	4
30.56	1
-8.17	3
44.63	3
14.94	5
-22.56	4
-8.3	4
-38.87	5
-21.91	2
-78.47	1
55.24	3
78.69	5
39.82	5
27.24	2
-7.73	5
3.26	3
30.56	3
4.77	4
41.91	1
-1.55	5
70.01	2
-23.54	2
-28.08	2
8.38	1
5.3	5
18.27	2
45.23	3
-19.62	1
-46.55	3
7.41	3
-14.3	4
-5.84	5
-11.65	5
-52.58	3
-7.93	5
16.16	3
-56.96	2
58.53	3
34.79	1
12.54	4
108.01	3
-6.59	1
30.1	1
-13.76	4
-43.46	3
4.12	2
-5.89	4
9.41	4
0.58	3
0.57	4
-41.24	1
-1.4	4
9.81	2
2.29	4
29.31	1
48.58	3
85.2	5
4.64	2
8.11	2
4.8	3
33.27	5
-12.56	4
-7.46	3
-34.79	1
24.17	2
12.65	1
-3.89	3
-4.78	2
-14.35	4
-104.69	2
4.25	4
17.96	2
10.94	5
5.22	1
21.68	2
30.13	2
60.68	5
20.48	5
-31.54	3
57.37	1
10.23	4
25.13	2
42.97	2
-11.05	3
-42.35	3
-36.6	1
-126.25	1
-4.92	2
-6.75	5
-0.85	2
76.72	5
-51.35	3
2.13	3
24.67	2
-8.58	4
55.85	1
-8.4	3
-11.27	4
-8.72	5
33.99	1
-7.85	3
1.35	4
34.73	3
-21.85	3
-71.12	3
-9.01	1
-7.08	3
-108.81	3
-0.99	4
-1.64	5
60.14	5
19.92	2
-2.84	4
2.82	5
8.99	3
-13.3	4
16.19	4
-7.18	4
15.03	4
-21.86	3
8.56	2
-21.46	1
6.35	3
-7.94	4
-26.97	5
11.17	5
16.86	3
7.83	4
11.04	3
52.34	2
8.94	3
61.08	3
-9.97	2
-6.29	2
0.35	4
28.36	4
12.42	4
43.31	1
-86.44	1
-70.28	2
-32.67	5
6.79	2
-47.03	5
-0.26	3
-1.71	3
0.4	5
63.24	3
-44.98	2
-12.98	1
31.78	5
-85.15	3
-41.89	1
-505.99	2
42.13	3
-36.6	3
13.73	5
11.76	3
6.27	4
0.11	2
90.36	1
-43.05	3
-30.37	5
-92.36	2
3.85	4
-8.01	2
-94.82	2
1.15	4
-0.06	4
-2.54	4
62.2	2
-11.38	3
136.85	2
0.09	4
7.38	4
-56.76	2
-76.16	2
-23.72	2
81.75	5
1.56	5
-7.72	4
-1.83	4
-3.05	1
-38.48	3
29.62	3
0.78	4
-10.84	3
-18.21	4
16.07	2
-25.24	1
5.05	3
13.06	4
72.31	3
-104.39	5
3.49	4
58.45	2
-6.25	4
-7.97	4
10.72	2
-174.73	2
-85.31	5
2.71	1
16.64	5
19.68	5
-9.92	5
40.67	1
-51.83	2
45.74	3
-9.22	3
-4.43	4
-32.65	1
27.16	5
17.64	2
-35.13	1
-58.23	5
-66.24	2
-0.37	3
-57.86	5
-12.28	5
-4.42	5
-18.38	1
-0.49	3
24.19	4
-110.52	3
-55.53	5
-85.84	5
41.34	2
5.37	5
-25.41	3
-3.42	1
13.08	4
-0.75	2
12.08	1
87.81	3
-37.77	1
17.42	4
22.69	2
-12.28	5
11.32	4
210.17	2
-10.92	1
13.28	1
5.77	1
13.4	4
0.42	3
53.6	2
14.3	4
6.12	3
-13.61	1
-4.46	2
-135.7	5
16.25	1
-0.92	2
2.27	3
43.48	3
-24.43	1
-150.26	3
-170.77	5
-2.23	5
2.28	5
8.13	4
6.35	5
-4.21	2
95.22	3
-23.39	5
-8.94	4
10.52	2
-49.33	2
-9.94	4
22.3	3
44.36	1
13.45	5
62.29	5
-18.51	3
-7.53	3
-6.4	4
47.26	5
-24.95	1
2.2	1
54.26	1
-10.42	3
41.69	1
16.15	3
-1.73	2
-6.3	1
-68.28	5
-30.17	5
-14.75	4
-12.59	3
-2.93	4
46.96	1
-8.25	4
-33.54	2
-13.79	4
-15.41	1
-101.79	2
-57.15	5
-10.08	3
69.36	3
12.53	4
-164.63	5
9.51	1
-9.28	3
-22.14	2
-18.91	4
-47.26	5
20.26	4
93.22	5
124.92	2
8.62	4
3.2	3
-27	1
-22.95	4
1.02	1
7.61	4
103.02	1
-7.2	5
41.73	5
-52.49	2
12.24	1
-21.47	2
-0.12	1
-6.18	4
0.41	4
6.76	1
-21.08	1
-111.72	2
-12.83	4
34.35	1
17.82	5
-38.03	1
-50.8	3
-4.82	4
-36.56	2
-14.29	4
-6.69	3
-116.24	5
6.1	3
-2.23	3
8.03	1
25.49	5
-10.56	5
-126.41	3
-10.94	2
34.22	1
-7.26	4
33.98	3
33.67	3
-67.7	1
-15.15	2
-6.51	4
3.76	1
-11.48	1
25.55	1
2.63	3
6.39	4
50.51	1
-23.31	1
-14.94	2
-2.88	5
0.56	2
32.51	2
-5.96	4
-72.31	3
-92.24	3
5.48	4
6.53	4
-10.55	2
6.28	3
4.53	1
-11.16	4
-191.23	2
136.67	2
-39.32	2
-107.21	5
4.38	5
-10.01	4
-12.84	3
-78.83	2
-9.12	5
92.44	2
20.98	2
30.88	5
33.1	2
-29.97	2
0.03	4
71.58	5
-109.46	3
-11.26	1
-20.27	1
17.66	3
-6.41	4
-36.73	3
44.88	3
128.86	2
-11.97	4
5.72	1
0.33	2
-0.23	2
4.11	3
-25.32	2
-8.23	4
-95	3
-14.28	5
-19.35	3
62.09	1
130.04	2
2.62	5
16.08	4
-0.84	1
28.59	3
-27.1	1
-21.85	3
-33.82	3
-17.63	4
19.54	5
26.43	5
-0.56	3
-25.66	5
-4.89	4
3.34	3
1.36	4
11.46	4
12.03	1
-47.34	1
-8.02	4
-60.52	3
13.97	1
30.5	3
-16.67	1
-9.35	2
-35.94	1
40.86	5
23.51	2
17.03	4
83.67	3
-88.85	1
18.19	1
-41.38	2
2.89	4
-14.26	5
-8.61	3
-1.26	1
-6.86	3
-15.4	2
8.34	1
1.07	3
4.66	4
73.19	5
-107.54	1
-52.17	5
-9.84	4
26.85	1
-58.45	5
55.77	3
28.86	5
-34.1	5
-20.83	1
96.82	3
113.08	3
159.8	5
17.45	5
-29.56	3
42.84	5
98.13	2
57.04	2
36.61	1
10.38	5
3.27	4
30.12	3
13.23	4
23.99	3
0.1	2
-29.67	3
-7.66	4
12.43	1
-196.8	2
36.97	5
-74.92	1
-71.77	3
-10.19	3
-18.68	5
21.39	1
-7.99	1
-125.15	3
-64.61	5
3.82	1
16.14	3
-17	1
-7.98	4
-29.05	3
8.51	1
-10.13	3
47.07	5
-0.47	5
-71.96	5
-2.36	4
0.83	4
64.79	1
50.35	3
59.7	3
-7.49	1
-53.24	5
-0.01	1
92.43	5
38.35	1
0.99	1
6.48	4
41.67	3
76.67	2
-3.3	4
6.26	4
224.79	2
87.3	1
-26.91	5
49.26	3
17.18	2
-8.67	4
56.87	2
80.37	1
