-166.42	5
17.95	1
-13.25	4
-125.57	2
-60.46	3
59.26	2
3.6	5
41.97	2
8.83	1
4.68	4
-7.39	4
-30.87	5
20.68	1
0.49	1
-22.21	2
-5.02	3
69.74	1
9.8	4
12.15	3
-10.45	4
-61.75	2
-35.45	3
98.04	3
10.81	1
6.49	5
-0.8	2
-6.23	5
-4.83	5
48.73	2
-7.16	4
-12.94	1
21.68	2
41.67	5
-9.16	3
-47.58	1
-67.61	3
-113.65	3
45.62	5
-115.48	2
-13.57	1
-6.9	4
-13.79	4
-18.26	4
-34.04	5
-5.25	3
-4.34	3
39.3	1
52.29	1
17.36	2
-6.07	4
125.64	2
-75.41	3
-95.68	1
-9.11	2
-28.69	1
15.71	3
18.79	1
-37.65	5
-3.63	4
-23.16	5
-72.64	2
12.32	4
3.03	1
-7.61	1
-10.07	1
-12.29	4
14.02	3
-4.49	1
13.92	4
81.08	3
-80.13	3
-26.35	5
-11.18	4
101.17	3
-13.18	1
-1.5	4
-67.19	1
11.02	5
-3.41	2
2.62	1
-31.84	3
11.26	4
-65.24	2
-31	3
10.62	1
-29.95	1
-12.2	1
-6.78	5
52.88	3
-74.04	5
11.79	4
-4	4
1.35	1
148.42	2
85.17	5
-5.39	3
-33.71	2
-1.08	1
6.43	4
7.68	4
11.56	4
-12.11	5
3.06	1
-82.01	5
5.3	2
2.21	3
10.19	1
-43.6	3
70.4	1
-189.18	3
-4.54	4
7.12	4
-30.04	3
-13.17	5
116.06	1
-15.82	4
26.92	2
-6.82	4
-94.46	1
25.12	2
-0.91	5
-63.37	1
9.81	2
-13.15	1
28.92	5
4.56	2
-1.08	4
5.3	4
-6.33	5
14.02	3
-25.48	2
3.31	2
7.38	4
6.98	3
14.26	4
-9.39	4
2.25	1
8.19	5
6.74	3
33.72	5
22.66	5
5.61	5
-1.42	2
45.03	3
-40.16	3
10.97	5
82.41	2
45.47	3
0.16	4
28.87	2
3.55	5
31.19	1
11.64	5
-190.94	5
-5.01	4
-145	2
-119.22	5
138.56	2
7.82	4
-5.33	3
-40.78	3
31.91	5
-60.23	2
0.25	1
-19.57	3
-23.16	2
5.92	3
28.11	2
26.01	5
-7.11	4
-37.87	1
5.1	1
-103.14	2
-76.91	5
-8.31	4
-12.37	1
-102.71	2
13.43	5
-7.95	5
-7.33	4
-24.49	5
-38.1	2
-18.33	4
11.95	1
-2.71	1
10.79	1
-4.31	1
55.05	3
-43.83	3
-1.42	4
-39.22	5
-3.83	3
3.91	1
-93.61	2
-18.38	1
59.62	3
109.02	3
-6.65	5
7.62	1
62.56	3
43.56	3
48.82	1
-5.04	4
4.38	4
-11	2
94.49	2
14.06	1
31.99	2
6.15	3
-185.72	3
-109.16	1
-74.49	3
-76.35	3
-42.51	1
141.84	5
95.66	3
-33.44	1
-16.89	1
-17.14	5
24.2	3
47.28	5
52.05	3
3.7	2
139.65	1
-10.55	3
51.88	1
-23.13	1
164.6	2
5.78	4
-57.01	1
7.4	1
1.93	2
-8.81	4
-7.32	3
-7.82	4
10.73	4
-81.8	1
-8.24	3
21.73	2
-11.19	1
-4.15	3
-3.71	2
-44.54	2
5.33	2
57.09	3
4.79	2
-27.06	5
-8.33	4
-1.57	3
-22.6	5
-24.32	3
-83.34	5
-9.59	4
-15.46	3
5.6	5
-8.31	4
-3.21	1
-73.15	5
2.24	5
-8.17	5
15.71	2
96.4	3
-40.04	5
17.04	1
-2.63	4
121.19	1
29.66	2
30.93	2
-9.74	3
-47.05	1
209.18	2
31.57	2
102.87	2
-4.53	4
66.96	5
3.11	4
2.34	5
7.24	2
-7.54	3
1.08	4
-73.93	1
-16.47	4
-115.2	2
47.2	3
-9.42	2
-7.04	2
-9.97	4
0.89	4
-14.99	3
-1.87	4
-15.66	1
-15.16	4
-25.15	1
6.62	2
-27.02	5
9.41	4
-24.48	2
133.18	2
-109.08	3
4.98	1
-6.15	3
-12.83	1
-13.18	3
8.18	4
-14.84	4
26.19	3
-9.29	2
-11.04	2
-65.41	3
-2.82	2
-40.23	2
-4.03	3
29.15	3
-28.19	1
-4.69	3
6.97	4
7.24	2
16.72	5
-0.73	3
-141.09	2
-1.58	3
-6.89	1
-57.77	5
13.29	4
1.7	4
-197.28	3
-8.52	3
2.99	4
14.34	3
22.94	2
11.79	4
41.44	5
-3.09	4
22.42	5
-5.54	1
-42.12	1
-15.3	1
-69.24	2
7.48	3
-42	1
-6.44	2
-33.74	1
8.6	3
14.08	2
-13.83	3
10.55	2
-7.91	2
-12.87	2
-3.54	1
7.67	5
-7.15	4
51.01	5
-231.53	5
5.64	1
-7.6	4
-54.95	1
-32.2	3
4.84	2
71.97	1
29.45	2
-115.54	3
14.26	4
-14.03	4
-17.48	2
-2.35	5
-13.77	1
-34.93	5
-357.85	5
-4.66	2
32.06	5
-90.52	5
5.78	1
71.09	3
7.62	1
-41.92	1
6.2	4
0.11	1
25.93	2
-8.51	4
-45.19	1
14.02	2
19.95	3
68.11	2
43.38	1
10.77	1
37.01	3
72.79	1
8.21	5
-15.99	4
23.61	1
17.59	3
10.73	2
-25.75	1
-72.29	2
21	1
-19.42	4
4.46	5
-3.15	4
-10.89	4
-72.17	3
10.7	5
70.58	2
0.74	2
5.67	5
-54.05	3
72.63	3
-16.93	4
-11.71	2
13.65	3
-13.59	5
-9.28	2
19.37	4
0.94	1
6.51	1
-9.31	4
10.65	3
11.89	3
-32.86	5
85.05	5
43.79	5
63.52	3
40.53	5
-30.96	5
76.06	2
14.35	4
-62.7	2
1.85	3
46.18	3
-36.51	1
156.06	2
-150.64	5
48.1	1
0.27	2
-64.09	1
-11.41	4
50.8	5
-9.5	4
-6.46	1
47.04	5
12.66	2
83.65	2
28.06	1
-37.24	3
12.98	4
0.29	4
4.31	4
-17.82	5
38.79	1
-13.16	4
54.96	3
-7.89	4
122.89	2
-28.98	1
10.11	1
-9.18	2
-39.26	5
-17.72	5
-28.33	5
18.42	1
-31.29	5
2.46	4
-91.41	3
-1.86	4
1.82	4
-4.63	3
14.54	5
34.31	3
177.57	2
6.53	4
-14.42	3
-105.07	3
-24.1	1
-4.69	2
-48.09	3
79.56	2
-11.85	1
53.3	5
-43.17	3
-12.08	4
38.26	5
104.58	3
-91.44	5
5.9	4
-0.43	4
35.96	1
-7.25	5
-99.63	3
43.31	1
29.58	2
-15.52	1
-9.77	5
-143.3	2
-27.24	1
-12.38	4
-32.17	2
-11.54	4
-20.7	5
10.11	4
37.68	2
-3.18	4
42.49	1
27	1
9.69	4
-6.03	4
-5.84	5
102.49	1
-32.48	3
-16.89	3
-99.91	5
-37.6	3
-8.2	1
8.09	4
7.16	4
47.55	5
-21.05	5
-7.27	4
30.98	2
16.82	2
6.34	4
0.08	3
152.72	5
-10.65	2
-33.27	3
-13.75	1
10.8	4
33.07	1
0.01	3
11.85	2
-52.59	2
-8.68	4
-50.87	2
-95.88	1
-31.22	3
-26.17	5
115.21	2
-36.29	3
-101.15	3
0.4	3
-35.36	1
-105.92	3
14.23	1
-8.76	4
22.25	2
110.45	5
62.87	5
8.47	3
-10.54	2
4.84	1
-88.66	2
-4.91	4
12.83	2
-5.15	1
25.88	1
23.01	2
-59.13	2
9.43	1
90.35	3
-8.13	4
-13.94	2
173.1	2
39.41	3
53.99	3
7.68	2
112.71	3
6.09	4
40.77	2
-11	4
-2.05	3
15.81	3
82.17	2
37.61	5
-21.47	3
9.4	4
33.96	5
14.35	1
0.76	4
27.38	3
262.84	2
-2.66	4
-6.54	4
17.51	5
-1.16	1
-16.13	3
-4.29	5
-35.94	5
-22.74	1
-59.99	3
53.9	5
-3.75	3
-14.01	4
-36.16	3
13.83	1
8.23	3
-148.56	3
-9.41	5
114.65	2
-22.54	2
66.52	2
-18.07	2
-3.21	3
-25.12	3
-26.55	1
-2.86	2
29.26	5
3.25	2
-1.67	4
5.4	4
71.66	2
-128.21	3
5.16	1
1.46	4
1.01	5
-0.91	3
0.77	1
-39.44	3
-5.58	2
-1.42	5
8.26	5
30.94	5
5.4	5
-31.29	1
72.97	2
-43.46	3
-18.19	3
-95.06	1
5.11	4
4.77	4
1.13	2
-9.61	2
79.08	3
-9.62	3
-14.13	2
-8.48	4
43.25	1
3.06	2
1.15	2
-75.86	3
21.44	2
21.66	1
163.4	3
-16.52	2
-55.42	3
25.1	4
-59.5	2
-23.05	3
66.85	2
-19.58	3
-16.8	1
-78.11	3
97.34	1
-30.41	1
-33.28	4
-2.15	1
-29.45	1
-23.63	2
-10.99	4
-12.95	1
13.06	1
-6.58	1
-2.11	2
15.59	4
-17.01	4
58.7	3
8.61	4
-93.23	2
-0.24	5
-61.29	2
-24.71	2
3.05	4
-11.61	1
2.26	1
10.98	3
-189.16	2
-106.27	5
-7.83	4
-4.48	5
-60.7	5
32.93	2
15.71	1
12.17	4
-0.89	3
-36	4
-78.71	3
-7.16	4
-10.24	2
-100.64	3
0.13	2
9.99	4
7.96	1
-5.05	4
-23.85	3
-84.69	3
6.95	4
-19.36	2
-104.16	3
10.56	3
-46.05	1
-50.95	3
0.18	2
-15.42	4
-14.09	4
-44.71	3
14.49	4
-4.96	1
-15.09	5
3.26	4
-5.45	1
-58.07	2
55.69	1
17.36	3
3.28	3
-2.46	4
-5.48	1
-19.48	4
80.07	3
-7.64	4
-20.59	1
65.54	2
3.26	2
171.74	5
-8.27	4
9.09	4
0.82	3
8.89	4
-26.97	2
-5.97	4
10.53	5
11.61	5
-7.73	1
-10.21	1
13.76	4
-9.47	4
-40.21	5
30.54	1
-17.09	3
-9.78	3
-2.68	4
-13.47	4
7.27	4
-3.5	2
1.9	4
-41.68	2
35.58	2
-8.5	3
23.71	2
-7.12	4
-20.44	2
7.76	3
-89.77	2
-11.86	3
-6.47	3
-30.09	1
14.88	2
-11.06	4
58.41	1
37.36	1
64.68	3
-10.1	3
8.05	3
-7.89	4
10.18	4
-18.06	3
15.41	3
-7.29	4
51.92	1
-9.08	5
2.83	4
36.92	3
35.58	2
8.11	5
19	1
25.09	5
1.56	1
-3.22	4
6.81	3
42.67	2
61.65	5
-64.58	1
-172.26	2
13.88	2
-11.04	5
2.76	4
31.22	3
30.37	2
-8.89	4
70	3
9.93	4
-4.17	1
54.47	1
33.51	3
121.7	2
116.03	2
-14.95	4
-43.93	2
17.43	1
92.4	3
10.41	4
99.99	2
-54.56	2
65.17	3
9.58	4
1.79	3
73.34	3
0.02	4
35.04	1
-84.75	3
-7.02	4
-71.34	3
8.23	5
14.75	2
-91.71	1
-0.96	3
20.12	3
83.5	1
-2.11	5
-64.99	2
-7.2	5
-13	4
-58.18	5
-42.19	3
12.32	4
-35.57	3
2.1	4
10.11	4
-185.27	2
56.8	5
62.44	2
30	1
-1.58	4
28.24	1
7.01	4
-12.44	4
-28.55	1
-2.61	4
11.21	5
-10.17	2
10.93	3
-89.96	1
123.46	3
-59.37	2
9.72	2
1.39	1
3.86	5
8.08	4
2.39	2
31.46	1
21.53	2
7.11	3
10.68	3
49.32	5
8.27	5
-8.28	2
8.09	2
4.63	3
-20.32	1
86.07	3
11.86	4
22.14	1
17.14	1
-40.19	2
7.96	2
-12.68	4
5.5	4
-0.01	1
10.96	1
-11.55	1
60.53	3
10.71	5
6.61	1
-3.04	4
86.17	1
3.96	2
2.65	2
-42.08	3
58.82	2
61.94	2
11.32	5
-22.91	5
109.21	3
14.22	2
17.19	2
-9.27	4
7.79	4
8.67	4
-46.67	2
-40.88	5
90.69	5
-55.43	5
-4.1	4
-6.71	4
58.81	3
-1.72	4
8.86	1
5.52	4
4.09	5
2.82	3
41.87	5
3.58	4
-224.46	2
46.01	1
-164.68	3
-23.49	5
-3.52	4
-3.61	1
25.94	1
-7.29	4
-71.3	3
10.76	3
-34.36	3
-5.47	1
68.58	1
-47.66	3
-21.82	2
-75.32	3
-28.94	3
-9.68	3
-53.27	1
-94.78	2
-0.83	3
-29.73	1
-29.15	2
50.21	5
-4.14	4
9.17	5
-0.05	2
3.34	2
-7.04	5
7.13	2
-31.54	2
-49.7	5
12.13	3
37.62	5
-120.66	3
60.98	3
46.6	5
12.28	1
2.35	4
47.98	2
5.75	2
-110.53	5
-5.16	4
137.22	3
-67.5	2
-50.87	3
23.83	5
-19.04	1
2.61	3
-73.72	3
-8.35	4
89.72	1
33.38	3
50.25	2
5.25	5
46.7	5
52.19	2
56.3	5
-2.84	1
2.58	1
-9.64	5
115.72	3
8.36	1
25.9	4
-21.46	2
11.46	3
-6.55	4
4.97	4
-5.75	4
-38.45	1
9.97	5
-39.88	5
0.99	1
41.46	5
-32	3
-7.69	4
65.68	5
51.85	2
3.38	5
7.39	4
-6.36	1
1.38	3
-9.98	2
-34.33	1
27.49	5
-105.07	3
-9.51	4
-5.96	1
61.49	3
20.18	2
44.89	2
-7.41	1
-21.39	3
-5.25	1
-1.1	3
22.28	2
43.64	3
-27.1	1
-53.42	5
-64.81	5
4.11	2
6.91	4
9.1	4
47.51	3
49.73	3
66.59	2
17.15	3
-10.89	4
53.74	1
-7.07	1
-11.65	3
-3.39	5
10.57	3
26.25	1
-28.36	3
29.45	2
-11.45	5
-8.71	4
-2.91	4
9.4	4
-1.43	4
-38.64	1
8.69	3
121.18	3
11	2
24.4	1
