10.54	4
-19.04	5
54.53	2
8.12	4
-4.9	1
-8.47	2
-13.91	2
58.5	1
-19.95	3
69.09	5
78.26	5
-71.16	1
-6.52	4
-56.96	3
-11.15	5
28.19	3
-7.22	1
-3.63	4
20.65	1
-9.75	5
-3	4
-1.96	4
-5.5	5
-5.06	3
-16.74	1
11.53	5
10.22	5
3.94	4
58.59	5
-127.65	1
-5.05	1
-0.22	5
74.1	1
-31.29	2
5.85	5
-103.47	3
-43.35	3
-14.45	4
-1.6	4
-23.26	5
82.55	5
-10.92	3
-7.53	4
148.04	1
60.44	5
-116.49	5
4.06	4
42.66	1
173.25	5
22.85	1
-85.82	2
-79.33	2
-95.13	5
-24.22	3
-8.68	1
81.02	3
20.51	1
-126.54	3
2.97	5
61.46	5
4.73	3
-145	5
34.78	5
1.6	2
-58.77	2
3.14	4
-42.15	3
42.59	1
113.5	5
20.01	3
-9.06	5
10.45	1
-54.78	3
-80.75	1
26.52	5
87.2	2
-11.3	2
-11.43	1
101.71	3
-29.31	3
-21.82	1
-12.36	4
46.19	5
45.86	5
-28.64	2
21.56	1
-8.49	4
-51.14	1
1.27	1
2.09	4
12.28	1
-0.39	4
-61.37	3
66.06	2
-77.73	5
-6.48	1
150.28	2
5.65	3
0.35	4
4.23	4
13.31	4
-11.45	4
61.21	1
95.29	5
83.32	5
-16.28	5
1.24	4
-37.13	5
0.36	4
-52.46	3
-8.41	1
11.78	5
-13.03	4
209.32	5
-25.88	3
0.69	2
-2.5	5
-4.09	2
6.06	4
21.34	4
-0.44	4
-90.52	5
7.29	4
68.74	2
-35.74	5
0.16	4
34.64	5
-18.1	5
-12.05	4
-1.99	4
-48.13	1
-54.65	2
19.79	1
64.15	5
46.65	5
-8.46	5
55.6	2
-41.41	5
-36.19	1
-6.39	3
19.86	1
6.41	5
-7.88	1
4.97	1
2.42	4
-10.36	1
-44.18	3
-7.1	3
23.86	1
40.59	5
7.78	1
-1.76	1
51.22	2
7.59	4
-1.32	4
98.65	2
-14.16	4
-7.03	2
-31.5	5
-58.92	2
-41.63	5
20.63	3
76.14	5
6.94	1
0.26	2
-195.46	2
42.57	5
-51.07	5
-44.66	2
5.87	5
26.95	1
-12.45	4
-143.4	3
-35.5	3
-59.74	3
-17.88	1
27.65	1
-0.82	5
-11.94	1
13.16	5
62.73	5
2.94	4
40.25	5
5.38	1
32.17	1
-36.11	5
2.51	4
-3.79	1
12.55	2
-29.2	3
-5.42	5
71.72	5
-10.83	1
-12.98	4
9.56	1
36.84	1
-10.98	5
-18.08	3
-4.44	2
-110.31	1
-37.67	2
-4.69	3
135.74	1
-36.11	1
18.15	1
1.21	1
-8.21	1
-0.78	5
7.64	4
14.95	3
1.78	5
-8.66	4
-76.02	5
43.27	5
-19.32	1
113.69	1
5.84	3
-82.49	5
34.11	3
-4.42	4
-31.95	1
-1.62	5
5.12	5
58.23	3
37.94	2
11.28	4
4.54	4
24.94	5
-1.82	4
-15.39	1
60.15	1
-318.65	2
162.78	3
-7.62	1
-110.19	2
1.42	4
-9.36	3
-29.5	3
-23.37	4
-142.53	3
7.58	1
71.58	3
-11.98	3
-20.95	1
20.98	1
-6.52	5
-7.24	1
12.74	3
0.29	4
-4.18	3
1.47	1
73.25	2
-220.22	2
-41.75	2
-14.04	4
-39.41	5
10.68	3
0.86	1
6.11	3
24.85	1
-10.06	4
-4.58	2
-3.36	4
-23	5
65.81	2
8.5	4
-42.49	1
-2.85	5
-50.9	5
9.82	4
9.88	5
71.21	1
-9.68	5
40.22	2
4.25	5
-45.86	3
4.35	1
10.96	5
-67.19	5
12.42	1
13.33	2
-2.32	4
-27.87	1
-18.79	2
19.69	4
40.88	2
-6.29	4
1.22	4
-102.77	5
-61.86	2
58.26	5
-81.65	1
-67.83	3
-10.32	5
15.15	5
-2.9	3
41.62	3
9.39	1
7.34	1
-16.45	5
2.29	4
-6.45	1
8.81	5
1.31	1
77.17	3
124.65	5
12.48	4
-8.7	4
9.16	5
7.03	1
54.14	5
-0.78	5
-21.42	2
-90.34	5
1.52	2
1.95	5
13.78	3
-56.87	2
-19.57	3
-60.74	3
-119.44	3
-40.47	1
39.24	3
28.32	1
-31.07	1
6.15	1
3.95	2
11.1	5
-17.95	1
1.11	3
-16.32	1
4.03	2
27	1
63.68	1
11.31	4
2.96	5
-33.41	3
61.95	1
139.24	3
-6.27	4
7.28	3
-3.44	4
12.46	2
49.99	1
58.12	5
-3.98	1
2.78	4
9.71	3
19.54	1
124.96	3
-3.04	1
-3.7	2
-8.83	3
-24.89	5
-17.2	1
-12.87	2
-33.77	1
-56.18	3
13.29	3
10.28	1
12.52	1
40.62	2
2.47	1
6.01	3
48.21	2
-23.52	2
0.55	2
5.18	5
-71.29	3
-15.51	4
1.99	3
-28.24	2
-2.31	5
2.18	4
3.45	3
-11.44	4
-29.69	2
12.76	1
-3.91	1
72.18	2
-4.24	5
-14.81	3
4.35	3
43.14	2
-230.45	3
53.96	3
-20.54	4
67.71	1
19.63	5
44.99	3
-10.75	5
-42.31	5
1.37	1
-10.47	5
-92.16	2
-45.79	5
63.19	3
4.43	2
51.43	3
-11.48	5
-35.63	2
99.68	5
-14.97	4
94.56	2
10.26	3
105.91	2
20.7	2
105.96	3
-17.73	1
60.27	2
9.5	4
13.89	4
10.19	4
22.1	3
3.97	4
12.27	2
16.33	2
-3.6	4
-10.36	1
-3.86	4
3.22	1
-34.58	1
-9.6	5
-6.13	4
-41.32	2
-7.05	4
39.61	5
20.45	2
-11.05	4
-6.71	3
81.87	2
-100.66	5
-35.86	2
-20.75	5
8.21	2
-1.29	1
15.96	4
13.28	5
22.11	1
-106.83	2
16.88	4
29.54	5
3.83	4
71.48	1
-98.2	2
-9.47	5
27.44	5
8.1	4
24.23	1
0.19	4
20.04	2
5.56	1
74.76	5
-4.85	4
-136.93	2
16.63	3
16.56	4
-29.75	3
9.75	1
-23.54	5
-16.09	3
-8.23	1
-136.93	1
-56.95	5
-23.31	2
-86.58	1
-98.2	2
-4.52	1
46.67	5
-59.08	2
-2.36	4
-88.13	5
56.73	5
80.34	2
10.65	5
10.26	2
-30.16	3
283.69	2
5.92	4
-21.82	3
-67.12	1
-27.87	1
-181.79	2
20.99	5
-8.58	1
209.59	2
32.6	2
11.6	2
4.35	1
0.25	3
-47.18	1
-4.6	4
-25.82	5
15.79	2
16.6	3
-1.49	4
8.96	4
19.56	1
-12.12	5
-19.17	2
-15.63	2
-10.06	1
24.44	1
-3.61	4
-5.93	4
-2.28	4
5.23	1
-15.06	4
64.2	2
-54.88	2
35.36	5
-35.47	1
-10.7	4
14.62	3
2.67	4
34.71	1
-1.05	4
-25.77	1
7.19	4
-3.51	5
50.99	3
-42.36	3
6.69	2
63.18	2
-79.27	3
18.51	1
80.95	1
-120.01	3
3.06	5
2.96	1
-6.97	3
-86.22	1
-58.12	2
-47.26	5
4.33	1
11.04	1
-0.3	5
-21.38	3
5.8	4
25.82	2
31.52	2
0.87	2
80.27	5
-8.59	4
9.32	5
-16.57	3
1.25	5
40.09	3
-166.9	2
-26.11	1
118.55	3
-31.81	3
-7.56	4
-2.13	3
-6.11	2
-51.84	3
-26.15	2
69.17	3
-5.37	4
-4.35	4
56.47	5
57.65	2
16.65	1
13.64	3
-8.31	2
-3.27	1
-9.31	5
-39.79	4
19.85	1
14.14	2
-21.97	2
-146.89	3
6.22	4
4.5	5
7.29	5
-9.6	5
125.98	3
-40.88	3
-8.13	4
1.37	2
11.28	1
22.66	2
44.53	5
53.34	5
0.59	3
-248.62	2
-2.38	3
-40.61	1
26.36	5
-2.78	2
37.55	1
100.58	3
72.03	3
31.75	1
-58.91	1
-1.2	4
-21.23	2
32.4	1
8.57	1
-23.4	1
-22.1	3
-4.98	4
10.3	4
2.21	4
-3.37	5
-52.73	5
5.69	4
29.61	2
-18.51	3
-9.56	4
1.81	2
40.12	1
-11.89	4
24.61	5
5.71	2
38.51	2
-14.71	5
5.04	4
-0.53	1
-35.7	1
91.8	5
4.13	5
110.38	2
44.49	3
-1.69	4
16.59	5
-84.41	2
-4.73	4
56.23	2
-11.9	4
-18.4	5
-4.3	1
-11.75	4
14.25	1
18.03	1
-78.04	2
81.28	2
-88.37	3
48.23	2
-2.28	5
-7.47	5
7.47	4
11.05	5
7.11	3
-6.61	1
92.58	3
13.07	5
-10.38	1
-162.93	2
-17.47	5
-74	2
-62.97	3
-10.42	3
4.36	4
6.86	3
-6.17	1
-42.01	3
-26.34	5
-44.62	5
12.39	5
-6.85	2
20.87	3
96.69	3
-1.91	5
35.84	3
-7.69	2
-21.02	4
12.11	1
51.09	1
-150.18	3
15.21	5
6.02	5
-9.86	3
0.27	1
8.77	1
-14.84	5
-17.04	2
-4.9	4
-2.27	2
-8.67	4
57.38	5
-6.06	1
41.35	2
-107.98	3
8.91	4
-106.79	1
-23.89	4
-12.05	4
-43.16	2
52.85	3
20.29	3
-32.39	5
-5.55	4
-3.48	5
41.62	2
10.12	1
101.73	1
-35.49	3
52.38	5
4.61	3
-8.21	3
-11.05	4
74.2	2
-6	2
-12.76	4
57.84	3
-15.42	5
7.92	1
9.47	3
50.82	3
-6.43	3
-38.63	2
-10.19	4
-184.52	2
-24.71	1
14.34	3
-21.76	3
-92.68	2
10.28	2
12.52	2
-10.15	5
-5.38	4
6.54	2
39.82	2
-30.89	3
18.05	5
76.96	3
41.64	1
106.2	3
0.44	3
45.72	2
-80.61	5
3.45	4
142.33	2
15.94	4
14.02	4
84.73	3
11.71	5
23.69	5
36.47	5
-112.63	3
16.32	4
9.36	4
6.14	1
-70.59	2
-9.5	4
-2.51	2
-6.43	5
7.25	3
54.28	2
-11.54	3
-8.72	1
10.66	5
-5.01	2
-10.09	3
-18.39	2
-7.89	5
-112.09	3
-181.35	2
80.19	2
11.17	1
-64.9	2
-4.17	2
-10.33	5
22.38	1
-1.47	5
42.01	3
28.86	1
-9.12	3
-7.45	5
23.81	5
9.31	3
-43.63	5
-2.87	1
-38.22	1
-7.47	4
-11.15	5
-7.56	4
-5.63	4
55.39	1
-12.99	4
25.21	2
-30.64	3
-32.08	3
11.73	4
112.5	1
13.88	4
27.88	3
6.47	5
-4.97	4
-380.93	5
30.07	3
-10.69	3
-9.89	4
-12.02	5
-5.84	4
-3.21	1
40.58	5
20.63	5
43.74	5
24.5	1
-7.55	4
-3.49	1
6	1
9.53	4
-11.81	2
22.45	2
-38.79	4
-9.59	4
45.94	3
-23.48	5
-3.63	1
-73.25	3
-11.94	4
-41.3	5
-18.6	3
27.02	3
25.75	3
-15.01	1
-22.36	2
55.54	2
57.36	3
33.06	2
2.54	1
7.11	3
47.94	3
13.18	4
4.59	1
12.66	2
175.56	2
30.49	5
-19.79	5
42.37	1
-10.74	4
-11.07	4
-141.54	2
55.95	1
2.41	3
24.87	2
-8.56	4
0.14	1
34.13	5
-152.69	2
12.77	4
63.22	5
-10.4	3
14.31	3
2.66	1
22.56	1
13.93	2
-22.68	4
-4.44	3
1.87	4
8.03	2
-6.61	4
-14.44	5
-11.74	1
0.99	5
-14.01	5
60.22	5
-25.76	5
-5.92	1
0.26	1
30.43	4
-0.1	4
10.32	1
-12.41	1
-13.09	4
-28.4	5
12.73	5
11.14	5
54.6	3
40.85	3
-70.03	3
6.33	2
13.83	4
-18.42	4
-4.46	4
9.47	4
23.43	2
2.73	5
0.92	5
-66.39	5
-53.4	1
24.94	3
74.28	1
24.43	5
-2.87	4
-31.05	2
7.77	4
28.2	5
-65.28	5
-9.55	3
50.08	2
-107.66	5
1.78	1
-48.03	2
-9.7	2
-3.7	2
28.56	1
3.08	5
-143.49	3
-6.07	3
79.61	2
5.59	1
86.89	3
-9.41	4
13.34	2
19.43	1
-3.48	2
11.99	2
22.31	1
8.07	3
-10.2	3
14.83	4
-47.39	2
55.25	5
-25.3	5
26.55	3
-11.59	1
91.73	2
30.16	2
-15.9	1
39.53	2
1.99	2
8.43	2
10.56	5
110.62	2
7.71	1
14.27	4
-2.03	4
-26.7	5
-51.25	5
-59.26	5
17.31	2
-38.34	1
-5.5	1
8.64	5
32.27	3
-32.61	3
-9.52	5
24.95	3
2.59	4
13.47	5
-75.67	1
11.35	3
3.64	5
1.25	4
-8.28	4
-8.55	4
-8.97	4
12.37	4
9.68	1
31.02	5
-12.12	4
7.53	4
-16.12	2
58.73	2
141.05	3
41.02	3
23.13	4
-2.68	4
1.13	1
78.08	5
102.92	5
-4.36	3
3.81	1
29.07	3
21.76	4
-4.33	4
-3.06	1
4.6	4
-102.77	5
14.02	1
90.19	3
34.17	1
-21.29	5
-7.01	3
4.01	1
9.88	5
-11.93	1
1.39	1
26.28	1
31.53	1
6.54	4
84.29	1
-1.26	4
16.83	2
-4.32	5
-112.52	2
-9.4	4
8.76	3
70.9	2
-24.3	1
-48.99	2
10.41	2
15.15	4
-16.71	5
-13.28	2
-6.29	5
-10.14	4
25.35	1
47.82	1
-10.01	1
0.18	1
0.04	1
-28.64	5
0.2	2
83.17	2
-9.13	4
-18.61	2
-35.01	5
-9.35	4
-9.17	5
-4.47	4
8.76	5
154.5	5
0.68	4
-61.85	3
-9.35	4
161.11	2
4.74	2
-39.22	3
-287.18	2
