-8.99	5
4.63	5
-9.15	2
33.84	3
-12.84	2
-98.51	3
-119.76	2
5.77	1
157.63	3
11.61	4
-30.43	3
-67.09	5
-82.95	2
6.26	4
-147.09	5
28.45	3
-63.36	1
42.57	2
11.6	4
5.42	1
2.92	5
17.13	2
-85.65	5
-35.87	5
-17.73	5
-2.98	5
103.47	1
10.9	3
-16.79	3
-39.5	3
48.94	1
4	2
51.46	1
-11.14	2
1.06	1
65.5	5
-4.95	5
-43.42	5
-18.63	1
-112.6	2
-3.28	5
-14.17	5
-7.59	3
24.33	1
-25.33	1
-10.42	2
-29.36	2
-4.75	5
-10.55	3
-37.69	1
-4.45	4
8.37	4
-52.83	3
-8.39	5
-8.53	4
-7.89	5
-29.04	2
-66.51	3
-10.68	4
-29.05	2
168.18	2
-109.31	3
5.47	3
-3.75	4
-5.16	5
49.77	1
-1.94	2
7.42	5
3.01	4
-148.86	3
51.84	1
-34.51	2
22.27	3
25.57	1
11.85	4
-5.87	4
10.52	5
0.95	1
-10.08	3
159.45	2
-10.54	5
-34.09	2
5.57	5
52.39	2
28.31	5
-2.89	3
-62.41	3
-31.12	5
17.92	1
-237.64	5
136.17	2
125.33	3
-50.35	1
2.71	4
-47.33	2
39.47	5
-147.21	2
3.01	5
30.39	1
5.74	3
-82.84	3
85.63	5
37.24	3
20.09	5
-16.97	4
65.71	2
54.37	2
-55.21	1
6.02	3
11.32	5
-40.86	1
-23.37	2
-54.88	3
-19.62	3
-3.4	3
-19.5	2
-41.73	2
19.46	1
2.35	5
-12.33	5
12.96	3
215.06	2
2.3	4
18.74	2
-0.68	5
24.93	1
-152.11	2
-3.92	5
-142.3	5
-3.19	4
7.09	4
-4.62	4
33.54	2
43.65	2
-25.36	3
93.13	3
33.25	3
6.14	4
-2.42	3
-63	2
-11.83	4
-2.98	1
-25.76	2
-111.22	2
2.36	2
3.72	3
-5.41	4
-29.97	2
3.95	1
-88.42	5
1.36	1
54.88	5
-56.45	3
8.66	4
37.34	2
-10.3	4
15.34	1
1.29	4
-8.08	3
-21.01	5
-136.34	2
6.99	1
-6.17	4
1.84	3
25.9	2
29.16	3
10.72	5
-8.99	3
-10.35	2
-34.94	5
48.14	5
13.44	5
44.73	5
8.84	4
-1	1
86.77	3
-85.8	3
52.34	3
-29.05	2
1.54	4
-4.21	1
33.95	1
40.62	3
-5.94	2
88.95	2
-17.43	3
-7.89	3
-15.14	4
79.73	3
-27.75	5
14.94	1
12.07	5
-18.41	2
-122.6	1
-1.91	2
-0.56	1
-7.53	1
-7.54	1
31.13	2
79.78	5
-80.71	2
5.28	1
18.44	2
5.99	3
-38.76	5
-82.53	2
-18.55	2
66.72	2
62.9	3
0.91	5
27.31	3
-13.39	1
-6.58	3
5.53	4
5.64	4
60.98	1
210.12	5
-9.67	1
17.41	4
14.23	3
-4.54	2
-11.27	5
-3.69	4
-3.73	4
-10.38	2
6.45	5
61.35	5
-7.37	4
2.3	2
61.36	5
-232.49	2
9.89	4
-16.42	2
-10.92	4
-6.75	4
-4.17	5
11.78	3
11.16	1
51.25	2
11.15	2
-20.26	1
8.49	4
-4.15	4
75.57	5
-8.66	4
0.23	1
-11.01	4
26.18	5
-4.74	1
27.49	1
0.1	1
-121.28	2
-11.61	4
-2.54	3
55.12	3
-102.04	3
0.57	3
-3.42	3
2.09	3
15.39	1
-5.4	3
-13.2	1
10.17	4
-7.9	4
-10.21	3
-7.66	5
-8.64	4
1.8	1
-6.58	1
-9.43	4
-5.77	1
-28.01	5
25.99	5
5.32	3
-2.03	5
-3.76	1
-8.8	4
-19.35	3
-27.13	2
53.66	3
-138.11	2
-5.22	4
-48.35	5
61.79	3
28.17	2
-14.87	4
1.94	2
-75.39	2
-82.7	3
33.24	2
133.08	2
5.4	5
-7.3	4
-14.87	3
-4.66	1
-4.07	4
102	1
-14.9	2
5.8	2
11.58	1
25.86	3
-10.93	4
5.77	1
28.6	3
-18.76	4
5.37	3
-5.28	1
-7.35	3
44.65	3
-19.1	1
-4.25	1
1.73	1
61.7	2
70.32	5
-2.11	2
-32.67	5
2.61	3
13.43	4
-19.32	1
31.38	5
-20.65	2
-22.25	2
-4.03	4
13.66	2
-14.78	5
-12.96	1
44.96	3
3.73	4
52.57	3
18.27	2
44.09	3
-127.42	5
2.09	4
-6.37	4
55.34	5
9.43	2
-5.75	4
69.88	2
10.07	2
-78.76	1
-130.87	5
-69.56	2
105.32	2
-3.87	5
6.04	3
46.86	3
-60.61	2
5.56	4
-33.22	5
-0.72	1
-22.94	2
-94.1	5
-16.45	2
4.06	5
109.17	3
-19.98	5
-50.41	5
-45.17	2
-9.57	1
-12.86	3
-103.51	3
3.59	1
15.69	4
87.32	5
8.19	1
1.99	5
7.04	4
-0.69	2
-11.44	1
38.64	5
26.3	5
-74.97	3
-66.09	1
-12.83	5
-9.5	4
-5.15	1
150.74	5
-8.05	2
25.5	1
51.95	3
-40.39	5
11.65	1
-33.31	2
90.6	5
3.64	4
11.86	4
21.76	5
7.2	3
119.99	2
7.79	5
6.75	5
7.4	4
-16.7	5
79.13	2
11.08	5
10.52	1
45.55	2
12.36	3
-80.39	2
-11.34	5
65.11	1
-177.16	2
1.37	3
24.21	5
-16.29	1
-75.91	1
4.62	2
-54.64	5
8.26	5
31.03	3
-5.4	4
-11.5	5
8.88	1
43.95	5
6.39	3
27.06	3
1.64	1
6.07	3
-22.1	1
7.73	4
21.52	5
30.55	3
9.18	2
44.51	1
-9.93	4
0.43	1
18.52	3
-10.99	2
-13.12	4
58.18	2
-9.53	4
-124.18	3
13.64	2
-19.41	5
-7.29	4
-13.96	4
2.82	4
15.33	5
9.88	2
118.14	2
-6.11	5
-20.98	1
9.2	2
-9.77	3
-6.77	5
13.84	3
1.9	1
-7.35	3
63.65	2
64.4	1
25	3
5.42	4
-0.55	1
-1	1
-7.44	4
-74.36	5
-20.87	4
6.66	5
16.57	3
-21.99	5
-2.54	5
151.44	3
6.07	3
119.51	5
-10.47	5
31.82	1
-67.71	3
11.76	1
-78.5	3
-23.47	1
-8.06	4
-2.6	4
6.02	4
45.07	2
-0.14	4
-102.95	3
-10.19	4
-57.63	1
-153.23	5
1.25	3
3.64	4
99.75	3
16.83	3
-9.34	4
26.53	3
-59.09	1
21.4	3
2.49	4
8.04	4
10.55	4
45.49	2
-20.67	2
-33.55	5
-13.43	3
87.58	2
5.18	1
-21.33	2
-23.56	2
7.28	2
-37.41	5
93.77	3
-11.65	1
-3.23	1
-16.47	5
-77.38	1
-3.72	2
19.99	1
7.46	3
27.29	3
4.59	1
-29.44	2
2.35	5
-13.08	2
-43.38	1
1.3	1
40.88	5
125.58	3
-57.55	5
-12.41	4
20.51	1
-9.09	1
-152.94	2
67.68	2
-45.27	2
6.44	2
6.27	4
13.1	1
2.55	1
-30.68	3
44.27	3
68.59	2
3.3	5
80.07	3
10.2	5
4.23	4
-52.75	3
-21.68	4
-121.63	4
-29.3	2
-130.26	5
-13.24	1
12.64	4
44.2	2
34.15	5
3.62	2
-5.39	4
-9.19	4
7.11	1
-72.33	2
1.06	1
32.76	1
5.41	5
-9.36	1
-11.98	4
11.47	4
-16.81	1
141.26	3
90.25	5
0.3	4
40.77	3
4.32	1
6.66	4
0.66	4
-15.71	1
-13.03	4
48.59	3
-7.61	5
-7.28	4
12.69	5
82.62	5
-74.11	5
0.88	4
2.23	4
-50.72	5
-14.07	5
28.69	2
15.47	1
-74.92	5
-41.82	3
-4.72	2
-24.21	3
37.14	2
21.81	2
1.48	4
-1.34	1
-22.65	1
24.13	5
-50.1	3
-156.77	3
12.04	4
11.27	3
-11.59	5
68.32	2
9.45	5
5.62	1
-3.43	4
83.92	3
37.48	1
4.01	4
32.01	1
-31.61	3
25.23	4
-5.16	1
5.61	5
8.36	4
-14.54	4
-139.92	3
-12.46	1
-12.93	4
8.47	3
-12.21	4
33.18	2
2.28	3
19.38	4
19.08	5
70.83	2
26.06	5
-65.65	2
12.94	4
31.03	2
-57.88	2
151.65	5
-6.93	4
15.32	4
59.72	2
-52.74	2
2.23	4
14.98	1
21.15	3
34.47	1
12.64	3
1.5	4
-40.56	3
35.8	2
127.72	3
-78.61	3
-0.78	4
43.25	2
5.87	4
4.15	4
10.96	5
-25.61	1
-5.06	4
-24.18	2
1.5	3
-101.43	2
71.58	1
42.34	2
34.85	2
-11.26	3
-7.91	4
10.88	2
-20.03	1
7.11	1
-110.74	2
108.05	2
39.88	1
-0.02	1
19.34	2
-8.04	4
42.88	3
14.78	4
-3.77	5
45.31	5
4.33	2
66.08	5
-8.31	4
-41.07	2
59.87	3
2.66	5
26.39	5
14.53	2
52.59	2
10.74	4
-41.33	3
-75.16	2
-42.92	3
107.97	5
50.57	2
23.36	5
-17.55	1
-12.02	4
7.91	4
31.14	5
-18.54	2
-180.47	3
-0.12	1
-68.43	2
131.27	5
-0.37	4
-50.02	1
-52.82	2
79.62	3
-1.82	4
-225.06	2
23.74	2
-77.72	2
111.54	2
-48.04	4
38.57	5
50.04	2
54.25	3
-35.26	5
0.66	4
11.22	4
9.23	4
-39.1	4
-9.01	2
-5.95	1
0.16	4
-21.46	5
-129.01	5
30.19	5
43.64	2
-38.73	1
54.13	2
12.96	1
-48.55	5
15.3	2
9.77	2
94.19	5
21.79	2
-96.04	2
-33.84	2
-6.09	4
-13.96	5
-7.05	5
10.06	5
36.67	5
25.86	3
-2.28	4
60.16	2
0.64	5
8.1	4
-33.53	3
-17.08	3
8.83	3
8.12	1
-9.34	1
4.29	4
10.99	5
-10.28	3
3.41	5
-15.43	2
-13.08	5
1.35	4
-83.63	1
-78.95	3
24.1	1
19.02	4
-16.35	2
70.41	2
3.81	4
21.15	2
20.04	1
32.31	1
-41.9	3
6.51	5
-2.91	4
7.02	5
-5.37	4
-20.19	4
23.27	5
-0.97	4
59.54	1
21.73	5
-5.35	1
44.2	3
-69.41	2
8.51	4
4.78	3
-8.17	5
8.51	1
7.65	5
-0.97	1
-103.7	2
4.02	5
17.11	4
-101.76	5
-0.95	3
-22.21	3
61.48	3
-148.1	2
71.28	5
-14.47	4
-12.66	4
11.09	5
-42.21	2
-2.31	2
-5.62	1
-117.78	5
30.82	3
-15.94	3
11.9	4
0.4	3
-71.7	5
6.47	4
57.1	3
-30.57	3
6.94	1
-14.37	2
-11.34	1
37.44	3
7.46	4
100.95	3
-69.48	1
-92.94	3
-2.37	1
6.4	4
80.67	5
-9.76	2
101.82	5
6.44	4
50.51	2
14.77	1
-36.82	5
25.95	1
85.48	1
-154.4	2
94.61	1
-30.76	1
-7.79	5
-0.92	4
-12.21	1
78.16	3
5.43	4
-3.53	5
40.65	5
-42.36	5
-40.77	2
21.51	3
0.66	4
-1.13	2
11.43	4
-203.74	5
114.57	1
11.13	3
4.83	1
6.82	4
0.75	4
3.49	1
65.75	2
-3.49	4
48.56	3
16.67	4
75.82	2
4.53	4
54.5	5
65.16	2
-20.22	4
-48.74	5
3.75	5
222.47	3
-41	2
5.51	2
-3.3	4
-1.45	4
-2.16	4
7.72	2
-41.89	1
-40.31	1
-10.55	5
83.96	3
69.9	2
11.99	4
35.84	5
89.82	3
11.67	4
19.86	5
31.24	2
5.77	1
42.74	5
11.89	2
14.6	4
-1.42	1
10.94	3
29.29	3
-129.15	2
-5.14	4
59.21	5
-53.76	5
-6.59	1
5.46	5
103.4	2
-13.23	3
46.71	5
8.32	4
69.72	1
28.42	5
62.61	3
-2.21	3
-53.83	3
-9.16	5
-77.21	5
34.27	1
-11.23	1
-10.19	4
11.07	4
81.22	5
-10.5	5
-15.49	5
-54.58	1
8.12	2
-21.35	1
-26.95	2
-11.85	5
12.03	5
-16.81	4
-1.34	2
12.23	4
13.67	2
3.99	4
-4.6	4
-32.71	5
-16.92	3
61.14	3
11.99	1
-12.96	4
117.93	2
-57.33	2
20.03	5
-6.19	4
-253.91	3
-2	2
-8.67	4
17.77	5
10.12	4
43.96	3
-44.92	1
-19.15	3
-102.18	5
8.44	4
7.81	4
-5.62	5
2.39	5
9.68	4
32.23	2
43.1	3
-8.07	2
-9.56	5
-4.24	4
-0.11	2
-12.72	3
12.71	4
-6.24	3
-11.26	4
10.92	4
7.21	3
59.36	2
11.29	4
7.72	4
-13.78	5
-19.95	2
12.2	4
-55.98	2
-18.44	4
11.96	3
-37.25	2
32.53	5
13.23	2
-16.87	5
84.65	2
25.02	2
33.89	3
-9.86	4
-11.91	1
-13.67	1
-6.34	4
7.23	3
-5.61	4
-13.81	4
6.6	2
-21.44	3
-12.38	5
32.14	3
0.78	2
-8.75	4
3.65	1
35.65	3
8.94	1
-30.39	3
-95.06	2
-7.87	4
-15.68	2
33.69	1
-5.98	1
2.1	4
6.45	5
52.65	3
-104.95	3
-70.93	1
37.78	5
-10.67	1
8.18	1
96.98	2
14.27	1
-6.06	1
68.71	2
-44.2	3
-1.81	4
6.19	1
8.65	5
-17.67	1
15.87	2
-75.31	5
7.62	1
-47.29	3
-19.81	1
-35.41	3
-10.13	4
93.76	5
-204.82	2
20.59	2
9.95	5
10.44	5
-48.35	5
20.73	5
-13.93	2
-6.35	4
-230.42	2
-31.95	3
-14.78	1
-29.53	3
4.74	4
