-1.88	2
-39.09	2
5.19	4
-19.51	2
37.15	1
17.34	2
-25.1	4
-11.16	2
-11.41	5
-3.58	2
50.75	2
11.99	2
-2.62	4
-19.54	3
36.42	3
-4.26	4
2.94	2
-10.86	4
-11.73	3
-60.6	1
2.86	4
34.77	1
-137.85	3
3.64	4
-11.79	3
31.81	3
-59.26	1
-1.98	4
-72.04	2
-7.09	4
-78.8	1
-5.88	4
1.4	1
15.15	5
9.4	4
-115.74	2
95.32	3
-26.98	1
-62.37	5
-16.69	3
-7.35	1
-20.03	5
3.16	4
-262.84	2
2.19	4
-38.69	5
51.03	2
18.21	1
-9.19	4
-4.35	4
-227.97	2
-9.75	2
-36.32	2
27.14	1
13.74	4
54.52	2
-32.44	5
4.35	2
-8.98	3
-16.75	3
29.67	1
-12.31	1
-98.2	5
-8.46	2
-48.37	1
14.53	4
-1.42	2
-0.96	4
-6.62	5
-20.34	5
9.39	1
20.92	5
21.04	1
-29.44	1
12.36	3
28.67	5
12.37	4
-1.04	1
-38.55	5
-39.24	1
7.91	1
-0.74	1
75.26	5
4.54	4
-3.66	3
13.73	5
-54.61	2
-6.76	4
-7.95	4
-7.12	4
-93.87	2
-33.04	2
55.83	5
0.7	3
-20.12	1
-11.56	1
7.33	2
7.54	2
11.48	4
10.79	5
116.45	2
10.87	4
-201.84	2
-38.95	2
9.85	5
-2.21	5
-65.07	2
4.15	4
6.58	2
-5.49	4
51.7	5
7.92	3
-3.69	3
6.65	4
11.53	4
39.31	2
-3.09	2
-8.76	4
39.3	3
-80.9	5
6.94	5
5.57	5
3.8	4
1.64	1
57.42	2
6.09	5
2.25	4
-105.05	3
4.9	5
-107.23	5
-33.41	1
9.38	4
-16.25	5
6.4	2
39.46	3
1.29	2
-186.82	2
-4.07	4
48.42	5
32.51	5
4.95	1
83.74	2
-19.5	3
33.68	5
1.37	1
-21.14	3
8.47	1
24.32	1
30.91	5
-51.14	3
-30.52	2
-49.31	2
-123.34	3
89.49	1
2.98	5
12.47	1
9.77	5
7.75	4
-5.02	4
-4.21	4
7.82	5
3.05	3
-5.41	4
-34.36	1
-6.57	3
133.84	2
-12.85	5
7.89	5
46.72	3
7.72	4
11.75	5
-15.08	4
12.69	4
-15.48	4
-4.94	1
-4.08	3
57.06	2
-71.08	3
17.18	5
-52.61	5
-22.64	5
3.25	4
-57.02	5
52.38	5
-7.72	4
30.88	3
7.42	4
24.57	5
-8.03	2
-10.18	1
-3.75	5
188.18	3
69.97	5
44.65	1
-18.06	1
24.09	1
24.83	1
2.57	4
-4.09	4
-56.36	1
15.63	5
7.57	4
16.23	3
-63.36	5
0.84	4
29.83	1
-21.74	1
9.97	5
-1.41	1
70.93	1
5.21	4
-85.82	3
-17.93	5
5.89	4
-0.98	1
-87.97	5
-37.43	3
-136.41	2
58.67	5
-4.73	1
-29.48	2
32.61	5
23.52	2
52.61	5
24.79	5
2.36	4
-11.26	5
51.78	1
0.55	3
-35.85	5
153.19	5
-11.7	2
-10.39	3
-7.64	4
-13.09	4
-4.12	1
41.42	2
-7.11	5
-4.63	4
13.81	5
17.35	1
-80.32	3
24.75	3
14.27	3
-7.18	4
4.69	5
-61.94	2
-73.33	3
-19.03	4
-12.9	3
79.55	2
2.76	1
7.37	2
-44.64	3
37.89	3
48.67	1
-74.04	3
-3.55	1
-91.18	1
74.24	1
-120.03	5
-11.43	5
2.44	4
99.37	2
-17.84	5
84.09	3
1.41	5
7.15	1
69.82	2
6.65	2
10.27	5
67.66	2
-123.27	3
9.04	1
-10.99	4
-34.46	1
7.27	3
-6.48	4
41.14	3
-122.28	2
15.72	3
47.52	1
-2.64	4
-5.06	5
-38.2	3
-6.6	5
50.18	5
-21.85	3
42.65	5
-17.53	1
20.79	1
-6.75	2
65.81	5
4.39	4
15.54	2
-28.51	5
-122.72	2
-10.82	2
31.83	1
13.49	4
12.32	5
4.74	5
5.82	1
11.81	4
-53.38	2
27.26	3
41.1	2
18.5	3
-57.44	3
14.2	1
0.27	1
-5.64	3
12.17	5
11.93	1
6.2	1
-28.57	3
92.88	2
-47.86	1
3.14	5
-32.73	3
-15.1	5
35.06	2
5.82	4
13.02	5
14.37	4
-7.09	1
6.23	1
-0.88	4
5.72	4
58.3	5
12.2	4
-8.5	5
32.75	1
26.58	1
18.26	2
5.09	1
6.68	4
1.52	5
47.67	5
8.96	4
69.49	3
-11.79	3
-20.64	1
10.29	1
-1.84	4
-1.84	1
-5.38	5
63.53	1
15.35	2
32.05	1
-9.91	2
2.05	4
14.2	4
1.57	4
13.66	1
4.5	4
-40.63	1
7.15	1
52.17	2
10.72	4
39.82	1
35.09	2
2.33	5
-46.53	2
-2.7	2
60.83	1
3.42	1
-35.8	1
-33.48	2
-101.81	1
-57.18	2
7.36	5
27.87	1
0.09	5
4.28	5
-53.45	2
-6.92	2
10.64	5
75.01	3
7.46	5
-45.89	3
78.27	3
7.26	4
5.49	4
-27.81	2
-181.2	5
1.11	3
9.83	3
32.41	5
-10.74	4
73.62	2
17.75	4
-11.04	4
-8.26	3
-42.45	3
134.76	3
-1.27	2
-6.17	3
-2.27	4
86.42	3
33.05	5
-8.34	3
-12.21	1
3.22	2
45.7	1
24.96	1
11.52	4
12.48	5
88.61	3
-124.05	5
-1.68	5
-17.23	1
42.18	3
4.93	1
68.56	3
10.67	1
0.47	2
1.38	3
-10.13	3
8.58	4
-19.25	1
-27.17	1
-4.02	3
10.12	5
3.91	1
-12.63	4
-6.06	4
-34.32	1
-9.2	1
-100.03	2
-9.25	1
10.47	2
-0.1	3
-396.84	5
-66.54	1
-6.2	2
4.58	4
-13.45	4
-3.88	2
7.54	4
48.21	1
136.01	1
15.95	4
41.73	2
9.39	1
13.28	5
-94.33	5
-46.82	3
-7.4	5
-6.6	1
-96.54	5
77.22	2
-5.07	5
-146.06	2
10.04	1
8.44	3
11.76	2
42.24	1
61.62	3
5.18	5
-3.07	5
115.52	3
81.01	3
-13.56	3
-58.59	1
-25.9	2
-5.11	3
56.12	5
-72.23	1
-66.66	2
-4.68	2
-11.53	4
11.4	2
-51.61	5
4.99	4
109.72	3
-11.58	5
-14.48	3
-5.86	5
79.88	5
8.76	4
-5.77	3
57.87	5
-62.35	2
12.57	3
6.82	4
126.17	3
72.65	2
13.82	5
12.66	1
-5.21	3
-27.1	1
-28.42	3
287.89	2
-194.4	3
105.16	5
-136.9	3
-10.09	1
-41.51	4
1.22	4
74.74	5
-92.46	2
73.08	5
-9.74	4
-10.72	4
-53.37	3
-112.2	2
6.45	4
69.08	2
52.52	1
23.26	5
21.04	4
85.66	5
-6.18	3
-22.08	1
12.97	1
-9.04	5
16.78	5
1.64	4
-2.12	3
5.83	4
59.8	3
30.55	3
27.41	3
9.85	5
-23.43	5
-3.41	1
-12.01	3
64.48	3
32.33	2
15.13	4
60.75	5
27.75	3
31.57	2
28.22	5
-55.44	3
-35.71	1
-11.66	5
-20.24	1
8.2	3
57.35	2
7.87	2
-166.6	5
-10.89	2
9.08	4
-3.78	1
17.54	5
25.78	3
11.4	3
-10.24	4
48.56	2
34.4	1
-85.35	2
10.78	4
-19.5	5
8.73	3
12.86	4
4.21	4
-74.2	1
-14.93	1
-6.48	4
32.01	5
14.39	4
2.9	4
-0.44	4
-2.13	4
-1.13	3
-54.31	5
-42.06	3
31.95	4
45.99	1
-9.19	5
-16.63	3
-6.81	5
27.68	1
29.88	2
-40.2	2
-5.74	4
-8.51	5
-69.43	3
-124.27	2
-147.97	5
21.34	2
-39.04	5
-21.3	1
6.78	1
10.86	4
-14.12	4
4.97	4
-89.6	5
-17.9	2
-33.2	5
-37.33	5
-8.86	4
18.75	5
25.18	1
59.98	3
91.88	3
75.62	2
-12.38	4
9.2	4
11.51	4
-4.07	1
-36.46	2
-8.59	4
-24.67	1
2.94	4
26.86	1
-18.8	5
-1.66	1
-4.76	2
-7.2	3
2.28	5
-13.55	4
-7.38	1
12.13	3
-75.75	3
-8.76	5
-8.5	4
41.82	1
1.25	4
14.21	1
-17.74	2
0.01	3
-5.36	4
-3.04	5
-10.25	4
36.74	3
18.81	3
58.63	1
-4.23	5
12.9	4
-50.75	2
47.63	1
-32.01	1
-11.06	4
-6.69	2
41.65	5
-2.05	4
-6.13	2
16.84	5
-4.36	4
-29.48	2
-11.83	2
8.61	4
-2.11	1
70.7	1
-1.96	5
-12.4	1
-118.35	2
0.32	3
-0.77	5
44.93	1
76.43	3
28.78	1
6.63	4
-5.14	1
2.55	5
-69.08	2
-53.16	2
-21.28	2
5.19	5
-14	1
15.5	2
16.27	1
43.1	5
-41.51	3
-4.9	1
21.74	3
83.86	2
-19.87	1
1.5	2
2	1
21.53	5
6.95	4
-76.85	1
91.43	1
-10.44	2
33.86	1
21.98	1
12.86	4
45.18	2
23.82	1
-32.55	2
-20.4	5
-96.73	3
50.09	5
12.8	4
33.48	5
-26.59	3
-54.95	1
52.25	5
-27.98	5
-0.71	4
-20.65	5
15.22	1
9.14	4
42.79	2
12.61	5
41.38	1
-59.74	5
5.9	2
-16.19	5
-18.09	5
24.29	1
37.62	3
-55.04	5
8.28	5
134.97	3
5.06	3
-3.85	4
7.53	3
8.5	3
-7.22	2
-82.53	1
-25.55	2
-4.95	1
-10.37	2
61.68	5
-11.55	5
11.97	5
3.6	4
-1.74	5
32.08	1
-10.28	4
12.54	2
32.63	3
-135.1	2
3.14	2
-5.86	1
-15.23	4
97.6	2
-19.26	2
13.93	2
35.62	1
-72.37	2
-23.65	2
-17.15	5
45.35	5
-26.86	5
-64.18	3
-5.43	4
39.56	2
-26.09	1
-6.31	4
22	2
14.13	1
2.5	4
-69.72	3
37.43	2
-18.23	4
40.91	1
26.13	2
33.74	5
-8.49	5
17.92	3
46.01	1
52.13	3
84.98	3
2.31	3
-8.27	5
-211.91	3
-6.22	1
22.33	1
3.03	4
-20.12	2
-11.43	4
-2.53	5
5.01	4
-17.08	2
43.46	2
-36.04	3
-57.38	5
-52.89	5
5.69	3
-43.47	4
22.75	2
12.26	3
11.12	4
4.42	5
3.35	5
-10.74	4
-14.22	3
19.13	2
37.01	2
-122.26	5
1.58	4
29.37	2
-14.09	3
-6.33	1
-29.92	3
164.6	5
9.54	5
-6.19	1
5.48	4
30.61	3
-60.57	2
-96.06	5
-54.88	2
89.57	5
37.01	1
19.77	2
69.57	3
22.36	1
-3.82	4
-64.8	3
-34.88	1
-7.93	5
19.55	1
-112.95	1
49.14	3
4.49	1
-2.67	1
92.75	1
4.31	1
48.11	2
10.11	4
-2.4	4
5.97	3
77.35	2
41.32	3
8.61	1
80.72	2
-14.35	3
17.64	2
118.12	2
-2.83	1
19.61	3
24.86	3
2.69	1
-6.34	3
-54.17	2
9.82	4
31.82	5
78.37	5
-17.8	5
-57.85	2
-1.54	4
7.08	5
2.64	1
5.53	1
-12.14	3
52.49	3
-68.37	5
-38.69	2
110.75	3
49.69	1
35.27	1
-34.33	5
-12.15	4
5.58	4
-5.9	1
-42.85	3
4.38	4
7.81	5
31.54	5
18.51	3
-6.52	4
5.24	4
-51.47	3
104.54	2
-1.62	4
-27.72	1
15.03	1
36.3	5
-16.81	1
-6.66	5
-12.25	2
-8.49	4
42.61	1
27.28	2
44.21	5
-2.01	4
-8.32	3
104.42	2
-3.47	1
6.42	5
3.15	3
-18.22	1
-8.88	5
-15.25	1
2.75	5
-2.78	2
45.27	1
-8.43	1
5.77	1
5.77	4
-13.98	2
-6.72	1
-8.39	4
5.98	2
104.42	5
92.62	2
-3.66	3
-4.06	4
6.24	5
-3.5	1
102.2	3
-2.8	2
11.91	4
5.15	5
2.36	1
-43.02	3
71.43	3
-77.94	2
-10.81	1
-16.61	1
11.33	2
-19.1	5
-95.95	2
65.92	3
2.41	5
95.32	3
-39.01	3
34.31	5
-4.48	4
55.7	5
3.03	1
40.62	5
10.57	1
87.8	3
-1.92	2
1.92	3
8.96	4
9.04	2
4.22	4
16.54	3
24.52	1
26.08	3
26.63	3
-22.75	4
5.2	3
8.1	2
74.17	1
17.75	4
39.3	2
-6.59	2
1.76	4
38.88	3
29.98	3
77.78	3
-68.24	5
53.49	2
-47.77	1
-3.91	5
18.8	5
-29.26	1
10	4
-40.39	1
-5.6	5
-50.1	5
3.06	4
8.9	4
-101.9	3
-66.57	3
-0.59	2
-0.59	1
-14.44	1
-2.89	4
-41.29	5
75.88	3
-8.05	1
-7.14	4
-177.17	5
69.92	3
-52.25	2
14.77	4
-13.99	3
87.84	1
11.88	4
5.64	3
26.21	1
12.68	4
30.52	2
-10.99	3
-35.98	4
-3.07	2
30.1	5
-33.84	5
8.08	5
4.76	1
10.49	4
13.82	1
20.5	5
-19.44	1
18.74	5
67.91	3
-58.92	3
54.62	3
-5.16	2
108.06	3
9.34	4
-63.3	3
-81.43	1
96.06	5
23.82	5
6.04	1
93.98	1
-27.43	1
16.79	4
-99.87	1
-8.22	3
3.09	2
-57.28	3
-98.18	3
23.74	4
-6.23	5
-17.57	2
-24.87	5
8.78	5
10.91	2
-7.03	4
15.45	4
-1.31	4
74.76	1
93.85	5
-31.84	1
-70.39	5
-13.51	4
-62.56	1
1.8	2
8.17	3
7.86	5
1.27	2
