-2.04	4
12.53	1
-71.05	1
3.44	4
52.48	3
-11.61	4
-6.23	4
-20.02	1
3.95	4
-108.1	2
13.53	3
6.26	1
131.12	5
-64.19	3
15.54	5
87.49	5
-45.47	1
-3.93	4
14.78	5
-7.35	2
10.83	4
-10.07	1
104.09	3
-29.01	1
-4.73	3
-2.03	5
95.05	1
10.34	3
24.14	3
-3.39	4
-44.74	2
79.59	3
-21.6	2
-2.61	1
7.9	3
126.56	5
24.74	5
17.9	5
21.97	1
2.76	3
48.31	1
-16.1	4
-20.71	4
4.4	4
-81.96	3
-112.65	2
-50.29	3
12.91	4
-5.25	4
-18.75	3
31.04	1
61.46	5
38.43	5
-3.2	4
-12.62	5
20.36	4
-36.41	1
4.88	4
35.62	2
1.37	4
-8.58	4
-2.08	4
-20.79	2
-51.83	3
-0.69	4
61.29	5
-7.82	3
-44.25	1
60.25	1
-103.59	3
10.32	4
21.88	1
-16.8	4
-2.69	4
12.68	1
3.79	4
-75.42	5
58.76	5
-4.16	3
-14.11	1
15.97	4
-1.22	3
15.18	3
41.09	1
18.66	2
-13.53	1
67.45	1
25.7	2
13.63	5
6.34	1
61.41	2
-147.39	5
-7.63	4
-9.09	2
5.9	3
-31.51	1
26.92	2
36.26	3
-24.92	2
-18.61	1
-16.84	1
60.17	1
24.9	3
-20.15	2
-52.15	1
9.78	4
-9.36	5
25.23	5
-49.34	1
13.74	1
-33.46	2
-10.01	2
19.71	3
-6.25	3
-2.76	1
-3.01	4
-9.49	5
-7.67	2
40.84	2
100.16	2
10.11	3
-16.26	2
4.26	4
28.53	5
13.35	5
-7.68	4
7.85	5
-136.63	2
-9.61	5
-59.79	3
2.34	1
-7.17	5
-21.92	4
-7.05	5
27.82	3
76.15	5
9.12	2
153.73	1
-21.45	5
-8.58	3
-17.68	5
113.57	2
23.84	2
92.35	2
-9.17	5
-29.34	1
-12.18	2
22.69	2
-3.39	5
-8.77	4
-83.48	2
-2.99	4
-22.77	1
-88.73	5
6.31	1
-6.05	4
1.18	4
-26.3	1
26.59	5
-10.58	4
-8.47	5
-8.14	4
150.21	3
-86.15	2
1.18	1
11.27	5
64.28	2
-10.61	1
2.93	4
7.45	4
57.69	5
9.22	4
22.41	1
-63.56	5
-4.78	5
20.39	1
-23.08	2
6.28	4
41.56	1
-5.41	4
-51.64	1
25.08	5
0.51	4
-116.3	3
-18.48	1
-41.93	2
56.18	5
-9.05	5
28.18	5
-1.33	4
-12.28	3
-72.69	3
-8.19	4
138.95	2
7.93	2
-39.07	5
22.44	5
185.93	2
-19.85	2
-22.34	3
-73.79	3
48.64	2
-4.75	4
2.26	4
7.08	1
73.68	5
-99.1	3
-4.21	2
9.12	4
2.67	4
4.87	4
-12.85	3
15.63	3
57.83	1
24.64	1
41.53	3
23.82	2
12.25	4
-24.18	3
-8.86	5
-38.82	3
-10.33	2
0.09	1
-6.86	5
7.4	2
-15.64	2
27.92	5
-17.7	3
-19.73	3
9.13	4
23.92	5
-12.09	4
37.38	2
87.42	3
9.95	5
-26.18	2
42.74	3
-6.25	3
9.99	4
-9.89	4
7.82	4
-9.54	2
99.24	2
-1.22	4
22.7	2
2.25	5
-4.89	1
20.02	3
-152.01	1
50.76	2
-283.1	2
3.22	4
-30.4	3
7	1
1.88	4
5.03	3
-7.07	4
-12.14	3
12.53	4
24.21	5
5.08	4
-27.9	5
-8.44	4
-1.68	4
94.06	3
2.27	3
68.17	3
4.15	3
-9.57	2
53.29	2
25.14	1
-40.35	2
6.46	4
9.26	3
-7.12	5
-176.75	5
32.02	4
-30.03	5
18.07	5
-2.28	5
14.73	3
-14.49	2
-9.72	1
51.4	3
39.88	3
-1.97	3
41.14	5
6.22	4
-50.81	5
24.06	5
88.72	2
-3.94	4
9.56	2
-37.55	1
23.94	2
-2.74	4
-7.05	3
-0.29	5
7.36	2
-1.18	4
62.36	1
-51.51	1
103.84	5
-2.94	5
40.3	1
8.99	3
69.35	3
3.72	4
62.38	1
-34.3	1
4.76	5
13.61	3
-7	3
7.01	5
-52.86	3
-8.43	5
8.31	3
-57.26	1
-53.44	1
24.23	2
41.93	5
2.54	1
10.99	3
21.03	4
-74.85	3
0.74	5
2.62	1
1.33	1
-7.45	1
7.82	1
5.13	3
-15.32	1
-88.86	3
-7.85	4
5.9	2
24.58	2
85.81	2
-4.4	2
7.67	4
-4.87	4
-35.45	1
3.98	1
57.39	5
-192.31	5
-60.77	2
-20.75	3
-9.23	3
-7.63	3
-26.55	3
-27.65	2
-3.15	5
-31.16	2
-9.61	1
-0	3
8.14	5
10.41	4
7.71	5
6.95	3
3.56	3
-7.18	5
1.07	4
-8.72	3
-0.28	4
-1.2	3
-7.01	4
65.68	1
-36.42	3
17.49	5
36.12	5
-13.65	4
-0.03	5
3.29	4
-58.2	3
37.16	5
-1.53	4
-13.93	4
15.43	1
-0.51	4
-1.86	1
-5.4	4
0.08	1
16.24	2
-8.54	4
109.85	3
-21.02	3
-2.5	2
30.14	2
5.26	3
-19.81	1
8.53	2
3.09	4
-0.36	4
41.91	2
-11.29	2
11.33	5
-9.88	5
50.66	3
4.84	2
-27.31	2
28.03	1
-8.55	4
12.21	3
9.99	1
-11.06	4
-25.3	3
-3.66	4
9.74	4
-4.66	5
12.45	4
-8.63	2
-1.5	4
14.43	4
-40.99	5
15.22	3
-30.53	3
7.7	1
7.31	5
-157.82	3
9.28	2
97.35	2
-84.73	3
33.62	3
-5.85	2
-63.1	1
-4.01	4
11.18	3
-5.54	2
-25.69	3
19.05	4
-2.24	5
16.81	3
64.1	1
-72.69	3
82.42	2
8.52	4
9.75	1
-71.37	3
8.99	4
2.18	3
-66.92	3
-86.92	3
16	4
19.62	5
-14.15	5
-62.54	5
37.86	1
9.33	4
-107.34	1
-3.49	3
7.63	5
55.13	2
9.91	5
-74.56	5
8.08	5
-95.38	5
-6.83	3
34.31	5
-10.45	4
9.08	4
-10.93	2
-13.14	4
9.64	5
4.5	3
-30.82	3
-31.29	2
13.59	3
-8.13	1
1.75	4
-75.84	5
44.16	2
-161.89	3
7.85	5
47.49	3
86.44	5
-15.25	2
15.64	1
-23.86	3
-18.01	4
-16.89	2
4.32	3
-12.86	4
-36.48	4
41.33	5
-6.81	2
-10.97	1
-29.8	1
191.53	2
5.34	4
-34.64	2
-45.24	1
-16.27	3
-7.15	4
12.74	5
-6.75	2
44.08	4
4.27	4
-6.51	2
0.91	2
-35.95	3
20.39	1
71.28	5
18.74	5
146.61	3
-7.43	1
27.69	1
80.47	3
-8.86	3
4.28	2
28.59	2
-11.98	4
-11.79	4
42.82	3
-33.97	3
60.93	1
5.81	3
-48.28	2
12.57	2
-97.97	5
61.51	1
33.54	2
86.05	5
87.72	2
-137.67	2
44.18	5
-20.77	1
-7.89	5
10.61	4
-13.22	2
291.67	2
-1.57	4
222.12	2
134.93	3
-2.03	1
53.73	5
15.94	5
-71.21	1
-54.61	3
212.17	3
-76.56	3
43.79	5
18.17	3
-14.56	2
92.14	3
-7.07	4
-30.74	1
-0.44	4
19.78	1
120.39	3
14.83	1
55.61	5
14.28	2
12.56	1
-7.09	4
-12.43	4
-12.12	1
-1.07	4
-1.3	1
-0.57	4
0.43	1
-52.47	5
50.82	5
5.75	4
-109.67	2
14.9	4
-2.26	3
21.22	2
6.4	2
-3.8	4
14.78	4
11.8	5
-39.09	3
-1.51	4
-58.81	2
20	1
14.08	1
-39.13	2
-77.5	5
-19.88	3
30.34	5
14.38	3
-35.71	5
0.67	1
12.68	5
27.41	5
-2.8	4
25.67	1
-1.27	3
-4.19	5
33.78	5
11.08	2
3.63	2
80.31	2
-51.15	2
41.15	3
4.63	4
3.75	2
69.43	2
34.08	1
-191.13	2
27.36	3
-60.69	5
-7.35	4
-20.2	4
-5.19	4
3.99	4
-14.1	1
-19.38	1
24.07	2
6.95	4
69.65	1
-16.58	3
-38.36	3
-13.21	4
-13.47	1
-1.25	3
-11.18	2
75.67	5
168.99	5
-58.43	5
3.58	3
-27.08	5
3.14	3
98.26	5
-8.7	4
29.65	5
86.19	3
-28.69	1
-24.79	5
12.92	4
42.17	1
18.87	3
-11.16	2
-5.95	2
11.43	1
20.94	3
2.68	5
-16.11	3
-4.71	4
106.72	2
-25.07	3
19.49	3
-51.87	1
34.53	1
-24.49	2
15.81	5
-13.37	4
3.08	4
-10.94	4
-5.55	4
60.07	2
1.23	4
0.84	2
63.84	2
-0.96	2
12.91	1
12.75	5
9.07	1
-2.97	1
161.66	2
78.53	2
82.13	1
-42.5	3
199.17	2
-67.49	5
32.82	3
-10.25	2
-78.2	2
-23.15	1
26.27	5
-32.97	5
19.3	4
-16.91	5
-25.82	3
53.77	1
-19.03	3
-14.63	4
12.73	5
4.52	4
5.08	2
-3.4	3
-15.12	1
115.77	2
-3.39	4
-8.37	4
-18.35	2
-241.14	2
109.52	1
104.49	3
105.73	1
56.89	2
-10.44	4
9.28	4
17.68	3
4.71	1
-266.35	2
-0.31	4
-0.5	4
37.24	1
-70.75	3
53.84	3
21.34	2
0.54	4
4.15	4
-79.8	3
-3.62	1
-7.17	4
-26.76	5
-49.71	2
-10.26	3
-9.08	5
-33.58	5
-1.32	2
-19.46	5
79.24	5
-8.24	4
-3.93	1
-36.9	2
6.86	4
-12.38	1
-4.95	4
-100.4	3
1.94	3
-2.19	4
41.73	5
-9.71	1
-29.83	5
-0.71	2
29.31	2
84.31	3
-21.73	1
-0.8	4
22.13	5
7.21	5
8.46	5
0.2	1
64.27	5
-26.76	1
15.34	2
19.49	4
-13.43	3
-7.88	4
-76.76	2
-17.58	3
8.77	4
7.7	4
55.91	5
54.85	2
-2.51	4
-7.86	4
-62.39	3
2.27	4
6.93	3
10.45	4
-18.74	1
182.69	3
9.54	4
-108.16	5
-0.56	2
10.03	2
13.47	1
-105.43	3
4.67	5
-2.88	5
-56.23	2
83.13	2
-24.17	1
8.24	5
-19.99	1
3.29	5
-9.3	4
6.5	3
66.14	1
16.26	3
-149.55	5
-198.8	2
-156.83	2
-4.22	1
7.75	4
16.68	5
14	1
48.16	5
108.25	2
46.39	5
5.69	4
-9.76	4
-23.48	3
-6.36	5
6.83	5
-3.63	5
8.66	1
2.68	5
-93.69	3
-40.78	3
-25.12	2
5.11	4
46.45	2
100.27	3
-7.44	4
-6.89	4
8.57	5
5.34	2
48.76	5
16.49	3
-9.61	5
-109.7	5
12.73	5
-4.88	2
24.26	2
-34.34	4
73.83	2
-7.63	4
-57.15	2
91.5	3
11.13	4
-76.11	1
-11.93	4
-3.45	4
24.92	3
-48.27	5
-1.83	4
-4.89	4
1.27	2
6.5	4
62.7	2
52.26	3
29.91	5
-90.02	3
12.06	4
7.22	5
-40.42	3
-81.87	2
85.82	3
11.59	1
-18.49	1
112.6	2
14.68	4
-10.49	1
-29.6	3
-417.54	2
8.03	3
-21.03	5
2.97	3
-5.34	5
-2.43	2
84.16	3
45.36	3
10.53	2
-13.38	1
6.01	4
-13.43	5
33.88	3
33.53	5
44.1	2
-26.44	3
-2.33	1
12.04	4
4.67	4
-9.18	2
-142	2
1.24	1
13.7	1
201.55	2
7.62	4
-7.99	2
13.51	1
-8.4	5
8.72	4
-9.38	1
81.23	1
-50.21	2
101.25	2
164.76	3
39.87	2
7.24	1
-49.9	3
-145.6	5
45.61	1
-8.09	1
-12.89	4
-9.52	1
-5.38	3
-69.61	3
-2.35	4
18.59	1
6.11	1
29.58	5
20	5
-40.64	3
10.83	4
1.39	4
1.76	5
43.07	2
65.14	3
-3.76	5
27.86	1
123.18	5
9.87	5
67.22	5
-7.74	1
10.94	3
11.49	2
-5.48	2
-2.24	5
72.7	5
-52.85	3
40.89	1
94.59	2
-5.87	4
-7.37	3
4.14	4
-121.89	2
37.37	1
-4.48	3
-10.57	3
16.09	5
8.56	1
-17.48	3
-5.06	4
-59.82	2
6.02	5
25.44	1
-17.28	1
-5.88	4
-40.21	2
-60.72	2
-6.93	2
0.61	2
-8.78	1
21.65	3
-0.33	4
-13.28	4
1.85	1
16.5	1
138.16	2
-22.5	5
11.57	4
-6.23	1
-5.31	4
-6.13	2
-13.58	2
-11.13	4
10.79	2
12.42	1
22.64	3
8.88	3
-48.35	2
21.55	2
-3.04	1
15.29	2
63.96	2
40.47	2
57.62	2
-11.38	4
9.01	4
-122.09	5
-8.13	4
13.07	2
11	4
-0.75	1
-31.51	5
-32.97	1
48.73	2
-4.77	5
-46.74	2
-9.74	4
-10.32	5
-28.85	5
15.95	5
44.41	1
40.03	3
-72.58	3
-33.66	5
0.4	2
-8.98	5
-8.19	3
-1.54	4
30.58	5
7.2	4
-45.63	1
-10.25	1
-8.59	2
-21.58	2
-4.96	3
20.24	2
-100.4	1
1.1	2
11.92	5
-86.81	2
-17.77	3
27.88	1
-11.94	5
-134.35	1
-28.18	3
1.99	4
11.57	1
-0.63	4
25.84	5
-41.53	3
-8.53	3
-193.9	3
9.98	2
46.06	2
-1.75	1
-24.13	5
11.62	2
43.48	5
-0.42	5
39.81	5
143.14	1
-16.55	2
-10.58	4
51.01	2
3.01	5
-43.91	3
15.54	4
-1.1	3
37.45	2
-45.46	5
-11.13	5
-10.21	4
52.4	3
-60.15	5
12.6	4
-92.4	2
