-8.34	4
-17.34	1
42.6	2
-139.77	5
5.34	4
2.5	5
-61.24	1
58.17	3
2.84	1
6.4	2
27.33	3
9.47	4
5.45	5
-41.97	2
11.03	4
0.82	1
-37.23	3
30.74	2
-55.81	5
8.51	1
7.58	5
-35.97	5
4.05	4
-43.74	1
10.6	2
7.17	1
-111.14	2
8.04	4
-48.52	5
104.03	2
-1.3	3
-4.74	4
34.73	3
6.26	2
1.93	3
32.77	2
5.99	4
30.86	2
-16.5	2
9.53	4
-53.23	2
-2.71	3
16.39	3
-0.22	3
-0.73	4
12.53	3
10.23	5
-39.03	3
58.54	2
-38.68	1
-68.25	5
13.19	2
-3.62	4
-5.78	5
26.67	2
6.04	5
-1.17	4
-19.73	2
-29.91	5
-9.55	1
-14.56	4
-11.78	1
-14.05	3
-7.18	4
24.84	5
-11.97	2
100.92	2
-7.1	3
59.41	5
3.11	5
49.81	5
-2.83	4
-7.81	4
11.51	3
3.68	4
-58.12	1
-15.15	2
6.3	1
3.04	3
1.18	4
45.13	1
65.28	2
91.68	3
-6.28	1
-0.39	4
1.03	2
30.01	1
-11.25	1
18.95	5
-25.16	2
-104.69	5
3.35	4
48.32	3
44.06	5
-40.47	1
-30.37	1
9.7	4
-35.02	2
32.04	2
-13.66	2
-51.55	1
21.48	5
-5.34	1
-11.38	4
45.36	5
5.71	5
-24.51	5
-110.83	5
41.15	3
21.19	1
-40.82	3
-24.44	3
22.01	2
21.92	2
11.57	5
3.72	4
-0.07	5
-6.82	1
-2.51	5
14.7	1
13.3	5
63.78	5
51.94	5
-11.14	1
-1.1	3
-6.53	4
2.14	4
1.81	5
23.09	1
-14.7	3
-174.99	3
18.81	4
105.83	1
-4.24	5
12.82	5
-11.87	1
35.71	1
121.99	2
-26.24	2
14.29	2
-21.38	5
6.57	3
63.94	5
17.53	3
-16.98	4
-0.33	2
72.13	3
8.81	3
10.27	5
-183.99	2
108.96	3
31.27	1
-2.66	4
128.9	3
105.46	5
-69.5	3
-4.72	1
84.91	3
9.07	1
95.88	1
-39.08	5
29.24	5
-6.51	3
8.13	3
-52.3	1
-35.32	1
11.67	4
32.5	1
-89.34	2
8.74	4
48.11	2
-5.17	4
19.19	5
-3.41	5
4.2	4
-40.89	5
-103.55	2
-0.48	4
7.78	4
28.13	3
-3.76	4
-4.86	5
31.39	5
-13.72	1
-60.58	5
-5.1	1
7.06	3
-112.69	3
-44.32	2
-21.67	5
15.28	2
-21.87	5
2.95	4
5.09	5
12.41	4
10.66	2
24.2	5
-15.06	5
5.35	5
-2.7	1
-12.27	4
-4.85	4
-13.34	2
6.3	5
-8.51	1
-72.43	2
68.97	3
72.65	2
11.02	1
-9.95	4
29.83	1
7.7	2
28.06	3
14.22	1
40.98	5
-23.52	3
-9.27	4
60.23	1
27.21	1
54.66	3
-6.68	1
-29.27	1
-38.78	2
48.5	1
-4.06	3
-4.66	4
-31.75	1
-109.49	5
-0.68	2
-2.7	1
-27.53	2
-3.49	1
4.03	5
14.47	2
38.24	5
-227.32	2
15.32	1
-8.28	4
-50.54	2
20.42	2
59.74	2
-53.69	3
5.74	1
12.36	4
11.79	4
43.56	1
64.69	2
-5.21	2
11.57	4
-19.35	1
-64.24	5
-7.61	3
-9.79	4
-5.33	3
10	3
-22.86	5
-45.69	2
-42.64	5
2.6	4
-66.92	1
-2.8	2
-15.71	5
26.26	3
-3.3	4
3.96	4
-52.34	2
-147.46	3
11.69	2
3.88	4
-0.84	5
-8.46	4
15.68	4
-10.12	4
-30.33	2
7.45	5
-0.99	2
34.97	1
26.56	3
30.79	3
-32.76	3
14.47	1
-2.83	2
-11.03	3
42.22	3
-23.08	1
53.87	1
83.81	1
10.71	1
-11.78	3
15.54	4
-0.13	2
69.13	3
8.7	5
-18.59	3
3.3	2
24.33	3
87.04	5
-35.09	5
97.75	2
26.02	5
-4.46	2
-12.86	4
-7.9	4
-11.98	4
-1.55	3
2.56	1
19.59	1
60.34	3
-2.82	2
8.92	4
-6.65	1
75.58	1
4.91	4
-4.63	4
-1.52	1
16.21	4
-42.15	5
-6.49	5
-31.05	2
-4.02	4
10	5
0.7	4
27.05	2
65.86	1
-27.64	1
7.2	1
10.34	1
56.75	3
-0.04	5
73.3	2
32.22	2
82.92	2
43.95	5
-15.77	5
-7.08	5
-8.51	2
-0.92	4
45.81	1
-100.71	3
-159.03	3
-1.33	2
-169.23	2
-0.64	4
-58.28	5
-2.95	1
57.72	3
47.46	3
-12.09	1
-59.35	5
13.92	5
-11.94	2
-21.12	1
-19.24	1
-116.58	3
29	1
12.11	1
1.7	4
17.21	3
-35.72	5
30.21	5
-62.33	5
-5.89	4
0.43	5
-134.44	2
-14.07	2
-4.34	1
-8.83	5
30.42	3
-9.79	5
-10.04	4
12.96	5
22.23	4
44.77	5
-104.73	2
46.65	5
-13.01	1
-1.57	4
-7.48	2
13.37	3
5.88	4
-9.72	4
-17.92	4
-26.09	3
-121.09	3
268.28	5
-6.74	4
33.97	2
-14.57	1
14.67	4
49.7	1
76.66	2
-7.7	4
-25.43	1
56.8	2
6.9	1
1.2	4
26.49	1
-14.96	3
9.59	4
-3.71	4
-68.02	2
-12.04	3
-78.82	2
150.06	2
4.56	1
111.94	5
-0.06	5
-23.68	2
-3.47	3
-62.44	2
7.71	1
10.99	2
-4.24	5
23.17	3
40.69	2
-10.13	4
56.93	3
-2.08	4
0.61	5
-30.51	2
-5.79	2
-25.53	2
22.54	1
-3.34	4
-65.26	2
39.13	3
-26.9	4
14.27	2
-47.29	5
16.94	4
-22.98	3
9.68	1
-6.42	5
-10.32	4
-1.89	4
-11.3	2
-15.29	5
-12.01	4
1.67	1
6.19	2
-10.29	2
-16.96	2
-3.92	1
-15.6	1
74.83	2
-97.91	3
73.38	5
-31.33	3
-19.96	5
-11.37	5
-13.06	3
10.29	5
44.64	5
54.54	3
5.31	3
-45.53	5
-100.89	1
14.46	4
-108.03	2
10.15	1
-4.82	5
-50.72	3
1.18	1
-109.48	3
-8.85	4
-9.28	4
-42.2	2
19.94	2
204.31	2
16.64	3
-49.85	5
-45.62	2
96.46	3
-10.61	1
-4.98	1
16.19	3
-6.64	4
50.64	5
-10.97	4
21.56	3
10.37	4
-8.83	1
14.26	4
-132.08	3
24.75	2
-14.63	5
-48.03	3
12.56	2
14	4
1.23	2
-9.18	5
22.81	2
18.66	3
170.77	3
10.75	4
-14.44	5
2.73	5
37.94	2
-32.2	3
13.28	5
-43.5	3
15.11	1
-78.26	5
-17.9	5
-13.11	3
9.74	5
-8.62	1
2.09	4
13.23	3
-38.61	3
13.66	4
-3.41	4
19.69	1
-46.13	2
-44.07	5
-24.97	3
5.37	4
91.45	1
3.64	2
-7.4	5
-196.07	5
123.28	3
-4.05	5
69.38	2
35.33	5
5.95	4
8.71	4
37.86	3
8.72	4
-18.78	4
13.25	4
23.69	1
19.8	2
9.97	4
6.91	4
11.83	4
-14.94	5
21.64	5
-24.43	5
24.59	2
-37.23	5
83.94	1
61.45	1
33.81	5
36.67	3
52.52	2
-132.93	5
-39.31	2
-32.5	5
36.66	3
8.9	4
-41.55	2
7.36	4
-1.37	4
-88.58	3
-16.49	4
90.11	3
-16.26	2
-15.07	4
52.58	2
7.33	5
1.02	1
18.32	2
-41.21	2
-31.9	3
-8.13	4
52.75	2
-51.23	1
-44.98	3
-1.64	4
15.88	3
42.45	2
12.34	5
7.51	3
49.33	3
52.04	3
-63.85	3
14.27	1
-9.22	5
-4.02	5
13.56	1
18.94	1
-1.8	3
-58.8	3
-5.01	1
32.13	1
-4.81	1
-28.87	2
-21.81	5
32.79	3
10.17	4
16.12	1
8.23	4
3.43	3
54.81	3
11.29	2
8.41	4
5.28	5
-81.44	3
-244.57	3
40.88	1
-1.08	5
51.68	2
-16.5	5
-12.89	2
67.72	5
-12.99	5
-3.97	2
83.09	3
-80.57	2
1.29	4
21.47	1
6.49	3
-2.96	5
60.59	3
-100.08	2
27.2	2
-21.27	2
-66.17	5
-4.57	3
1.84	4
-9.58	4
21.1	1
6.13	4
98.23	5
-52.2	5
20.61	2
5.85	4
36.64	5
7.32	5
2.37	2
0.6	1
-10.84	4
2.73	3
-10.16	4
-7.08	3
-11.4	3
12.85	1
-15.89	4
69.56	3
83.55	1
-5.24	1
73.29	1
-11.79	2
11.92	1
154.29	3
19.7	5
15.98	4
31.55	1
-0.01	4
-11.92	1
-13.48	1
11.04	4
38.96	5
-10.5	4
-4.49	3
10.38	4
-8.79	5
15.55	3
-1.73	4
93.93	3
15.11	4
112.15	3
-27.35	5
-19.05	3
4.78	3
34.07	3
-7.38	2
14.74	3
3.03	3
15.41	1
-26.04	3
-3.32	4
13.74	4
-90.09	3
-12.96	5
7.16	1
21.35	2
-2.24	1
14.21	3
5.99	1
2.83	4
-162.97	3
30.83	2
71.14	3
-122.39	2
-41.22	2
-32.29	2
-4.89	4
-27.07	2
40.58	1
-23.33	4
-18.34	5
-14.19	5
-43.73	3
166.05	2
-47.27	5
-112.25	5
-57.68	2
-5.48	5
-69.88	5
0.39	5
20.16	5
-0.43	5
-10.77	4
-8.59	2
62.15	5
17.57	2
32.73	3
5.61	3
-78.2	1
-50.58	5
14.43	4
-9.93	4
9.64	2
47.19	1
34.33	2
84.54	5
237.51	2
28.04	5
64.44	5
79.91	5
5.17	2
-24.18	5
-91.91	3
-6.54	4
2.49	4
3.9	1
8.78	5
58.84	2
55.8	5
45.88	5
-0.89	4
-66.95	1
48.87	1
-30.58	1
-79.93	3
-16.63	4
4.69	1
30.38	3
6.78	4
12.76	1
-11.24	3
102.32	2
5.79	3
4.86	4
-3.16	4
34.67	5
-36.16	3
-4.15	1
116.2	5
9.25	5
-46.22	1
56.62	5
46.4	2
-28.18	3
5.42	3
87.91	5
1.44	4
-255.41	5
-58.37	1
-10.02	5
-21.42	4
12.29	4
11.09	5
78.59	1
81.99	2
2.38	4
21.52	3
-6.2	1
7.05	1
-107.86	5
-47.88	1
16.41	3
63	3
-3.47	2
59.67	2
-111.04	3
27.25	1
-6.78	5
-44.38	3
37.72	2
-14.22	5
-4.53	4
-14.65	4
69.54	3
-3.47	3
-22.94	5
-54.83	3
5.58	3
-13.28	1
-8.03	3
-6	4
21.23	5
2.07	1
23.4	1
23.65	2
-26.12	1
-96.97	2
19.84	5
11.06	4
-24.52	1
67.41	3
4.03	5
22.83	2
-29.18	1
-37.45	1
86.25	3
-9.26	4
-61.07	3
11.4	4
-28.12	1
-14.05	5
-22	1
-18.12	2
-3.99	2
6.16	1
3.33	2
-32.93	1
-17.75	4
-10.71	1
-10.13	4
-119.56	5
6.39	5
-5.77	5
-0.95	4
-6.94	4
-16.94	1
11.6	2
-5.47	3
-38.35	1
13.73	2
-31.78	2
24.77	1
-7.77	4
11.7	5
-8.8	4
-30.77	3
-1.3	4
30.57	5
86.66	1
8.99	4
24.03	2
54.15	2
38.9	1
61.04	1
59.79	3
-26.15	1
3.49	5
150.66	3
-115.43	5
75.91	2
72.16	2
32.6	3
28.98	2
-3.1	2
162.96	5
-6.68	4
139.66	2
8.5	4
33.05	1
1.28	3
9.95	5
48.51	5
58.2	2
-11.03	4
97.33	2
-0.53	1
3.73	3
-13.9	3
11.24	1
4.37	1
-15.89	4
94.71	2
-11.35	5
0.12	1
-10.85	1
-89.85	1
-1.08	4
-3.81	5
88.37	3
65.85	5
7.92	4
-8.14	5
-13.91	1
-5.3	5
10.91	4
1.23	1
12.15	1
28.01	1
-56.19	2
5.89	1
0.23	4
69.46	1
24.98	2
40.91	5
-21.74	5
43.42	3
-7.93	4
24.74	3
-43.91	2
2.82	1
3.64	2
-5.45	1
-87.1	3
-7.46	4
-7.41	1
-28.31	3
5.47	3
-50.28	5
62.77	2
5.93	4
4.9	4
-142.27	3
8.17	3
-3.46	1
-21.49	3
183.78	3
-10.94	5
-8.99	4
-7.07	5
-7.11	4
-52.02	1
-6.06	5
191.81	2
-18.8	3
90.59	1
13.01	4
3.2	4
50.35	4
8.86	1
28.87	3
-13.28	2
-161.74	5
79.45	5
-12.08	1
17.12	4
-5.83	3
-44.26	3
-73.67	5
-32.12	5
-1.74	4
11.5	5
-0.77	5
22.91	5
-6.52	4
47.21	1
7.14	5
5.99	1
-57.25	5
-6.48	4
-17.58	1
-4.78	4
-3.14	1
-25.92	1
38.32	3
-83.74	2
32.47	2
52.8	1
-64.11	2
-5.14	5
-36.07	5
-5.45	3
2.62	2
-82.36	1
-73.05	3
-9.92	3
-14.28	4
3.87	3
-45.46	5
139.07	2
-38.67	2
162.09	5
-7.34	2
-3.46	2
73.64	5
9.77	4
-3.61	5
-9.72	5
74.61	1
-61.68	2
-31.02	3
1.97	5
-12.54	5
4.93	4
48.39	5
2.38	2
-42.83	1
18.95	3
-17.05	5
-3.84	3
-2.07	1
-8.09	2
0.86	2
-7.82	3
13.66	5
-12.32	5
-154.14	3
8.26	4
-48.49	1
4.46	1
5.39	4
8.84	4
-8.07	1
37.85	5
14.36	1
-1.03	5
57.91	1
48.92	1
-43.58	1
22.06	5
84.76	2
6.72	5
21.96	2
80.6	5
7.43	1
-8.5	3
-86.08	3
-84.77	2
-7.78	2
10.7	4
-137.98	5
38.54	3
24.53	1
