-31.14	3
-25	3
6.48	3
-51.85	1
-2.48	2
11.45	4
28.11	5
-18.2	3
-45.89	5
38.33	3
10.61	2
-53.39	1
-0.85	4
25.93	1
92.96	2
-6.13	3
2.97	4
-5.11	4
-20.49	5
51.64	3
14.23	4
-11.07	5
-86.7	3
50.36	1
-8.81	4
-80.27	5
-94.75	2
48.37	1
3.62	1
-1.66	5
7.14	2
-32.38	2
1.67	5
-6.97	2
-57.55	2
-16.18	1
-230.22	2
-65.73	1
79	2
-47.84	2
7.83	1
-12.06	4
1.84	2
-2.1	3
-11.72	5
71.4	5
-11.34	5
12.12	2
148.73	2
7.12	4
6.04	4
4.46	4
-46.22	5
14.16	1
23.87	3
9.56	4
-0.23	3
-75.56	1
6.1	1
-33.29	2
-5.15	4
49.42	3
-50.99	2
-54.28	1
25.36	1
16.13	5
-24.32	2
23.9	5
17.9	2
-1.69	2
61.13	1
37.02	2
38.24	5
1.18	4
-18.01	1
-38.69	5
18.98	2
19.32	2
-19.65	3
-76.87	5
12.16	4
-109.04	3
10.6	5
7.68	4
15.34	2
-10.4	5
-47.48	3
-15.97	4
26.48	5
-268.01	2
-71.23	5
11.66	5
9.13	3
-12.55	4
-19.43	4
51.4	3
-20.13	3
-80.23	3
48.66	3
15.85	3
11.57	5
-44.6	3
0.1	4
6.14	2
3.89	4
-6.15	5
-23.38	4
-16.8	1
53.03	1
9.84	4
9.79	5
10.11	1
11.65	4
54.02	2
-1.97	1
29.05	3
-3.02	1
-12.74	2
-68.94	2
1.32	4
5.08	4
41.94	5
-8.16	5
0	4
8.28	5
-43.93	2
-6.64	2
-3.54	5
-3.97	2
62.93	1
-89.82	1
2.71	4
-44.31	3
-1.45	5
-7.87	1
1.29	4
-2.21	1
-7.14	4
7.91	4
11.21	3
-6.48	4
-73.76	3
-4.73	5
-17.87	4
-3.22	5
10.88	1
14.67	4
14.13	4
9.81	5
2.5	2
-6.44	5
67.69	1
1.81	1
-4.05	3
47.53	2
91.34	1
-51.05	5
-7.83	5
93.29	5
-6.96	1
-16.7	5
12.73	2
-11.15	3
-26.73	1
-16.31	3
-14.55	2
25.61	3
0.11	4
77.29	5
1.95	3
7.72	5
-51.04	1
37.86	2
-54.41	1
-0.08	4
3.28	4
-10.86	5
27.54	5
11.6	2
-12.06	4
55.05	3
-7.8	3
66.18	2
22.14	3
-28.41	3
183.57	2
29.8	3
-19.52	3
-62.86	3
8.47	2
25.13	3
-62.5	5
-1.06	4
25.86	2
0.47	3
-10.96	1
37.32	1
14.67	4
19.46	3
-0.21	1
3.13	1
-3.09	5
2.56	3
3.11	1
144.02	5
1.74	2
-63.23	2
0.69	3
8.31	4
7.5	5
74.36	3
38.75	5
40.55	1
5.37	4
8.4	1
-7.07	5
-4.13	3
-2.75	4
3.03	3
31.72	3
18.98	1
-153.67	3
-86.44	2
125.15	3
-0.85	4
9.36	4
-18.68	2
-59.2	5
-8.05	5
-37.14	5
24.21	2
-7.04	2
-98.65	5
-13.36	3
-41.22	3
155.68	3
-0.31	5
-114.49	3
-6.15	3
9.99	4
-16.68	3
-12.48	2
20.63	3
-82.26	5
16.47	1
-70.66	5
-5.08	4
43.04	2
5.52	4
-39.39	3
-50.34	3
8.06	4
-10.17	1
-4.84	2
-6.11	4
-4.22	5
-12.7	3
-59.41	2
-14.06	2
65.14	5
78.93	5
40.37	5
4.64	4
-6.13	5
-212.09	2
27.57	3
-54.83	2
7.6	4
-21.22	1
9.68	4
-34.17	1
8.96	2
12.64	3
32.99	3
-70.71	3
20.7	5
5.66	4
-7.42	4
22.46	2
-28.5	1
-29.13	5
-13.32	5
-0.93	2
7.55	1
1.6	5
15.34	1
1.97	3
8.96	5
32.76	5
75.86	3
4.6	5
-213.76	5
42.58	3
-9.06	3
3.81	3
-19.44	5
8.66	1
-59.38	2
17.95	1
-9.65	5
-146.95	2
-36.53	5
-29.01	5
-22.23	1
3.23	5
79.47	2
0.96	5
43.04	5
-19.03	4
8.49	4
-12.81	4
45.99	3
-18.33	1
-14.97	4
-4.07	4
-14.28	2
4.62	3
-13.27	4
-97.78	5
4.91	5
27.43	2
48.92	1
6.78	2
-10.93	3
-34.91	5
-148.97	1
2.32	1
19.95	1
15.82	3
28.18	1
-13.33	5
-47.19	5
-12.66	4
14.4	2
-16.94	5
52.03	1
-51.61	3
26.66	1
14.01	1
6.65	4
-5.76	1
9.03	4
21.65	2
2.32	4
15.23	2
-110.95	2
49.58	1
-106.03	3
-29.62	3
27.56	3
4.5	4
31.72	5
4.29	2
5.48	3
6.82	3
14.78	5
29.1	1
111.95	5
-116.63	2
-11.28	4
17.71	2
16.76	5
1.56	3
50.47	3
-25.01	3
-6.35	5
-47.84	3
-45.06	5
38.24	5
10.18	4
2.05	1
-78.07	3
-33.54	3
-6.5	2
-46.42	5
-41.27	2
-41.73	5
62.21	5
94.87	1
164.18	3
110.01	2
11.85	4
16.84	3
-4.45	2
5.32	4
-7.65	2
14.49	3
-5.6	3
60.34	5
-48.54	1
-7.05	4
204.49	3
-3.66	4
7.38	5
-42.04	5
-98.35	2
15.53	2
169.34	2
126.82	2
-11	4
-49.24	2
25.13	2
8.94	2
-46.05	5
10.34	1
-41.4	1
3.56	1
5.19	5
40.09	3
-83.7	2
-14.28	4
-0.6	5
-1.82	3
17.41	3
13.44	5
-9.86	4
43.44	3
3.99	5
50.33	2
-75.17	5
66.9	3
-3.17	2
-25.22	5
44.9	1
-9.66	4
4.52	4
-18.08	3
0.93	3
-3.63	5
-15.02	2
29.7	5
19.88	5
-8.57	1
23.01	5
10.63	4
-5.95	1
-2.61	5
-57.55	2
-54.3	5
-16.81	1
-19.64	2
3.64	3
-31.81	1
41.69	1
63.2	2
43.76	2
7.26	4
-40.08	1
17.43	2
-16.6	5
-3.31	3
11.75	1
-56.59	2
-1.75	4
132.59	3
5.77	4
-24.24	1
-16.65	4
30.94	2
19.29	3
-142.88	3
15.43	2
-15.59	1
3.76	4
-9.08	1
-623.72	2
-134.97	3
-0.06	2
-4.62	4
35.12	2
11.54	4
-0.33	4
-6.72	1
-5.76	4
-2.86	3
92.78	2
7.68	5
-6.87	4
7.72	2
13.32	3
-12.57	4
-37.11	1
-1.66	1
-7.96	4
249.25	2
1.36	4
-18.41	3
-11.66	2
-8.78	3
39.26	5
-2.11	3
8.92	4
-5.21	4
4.93	5
9.88	4
-166.14	2
-5.04	1
20.7	3
7.96	2
6.08	3
-11.34	4
46.11	5
14.87	5
63.96	3
13.3	2
25.13	3
-10.54	2
41.15	3
-54.05	1
34.68	5
30.4	5
10.34	4
74.65	2
-35.07	3
-45.74	2
82.41	2
-7.76	1
21.99	1
-37.53	2
-72.64	1
14.79	1
23.93	3
-0.45	3
-50.66	5
-4.22	4
115.18	3
-3.43	2
-15.49	1
-5.28	4
1.37	4
-41.84	5
42.47	2
-111.06	3
-25.85	5
-1.27	4
62.59	5
137.67	5
79.54	3
46.41	3
41.67	3
16.21	3
-53.38	2
-33.26	1
-4.43	4
56.38	4
-27.68	1
28.53	1
-0.33	4
-53.14	1
-15.65	1
10.21	5
-4.02	3
-2.84	1
10.86	4
-37.83	1
-13.98	4
-3.95	4
-43.32	5
44.61	2
9.44	4
-10.53	1
23.16	3
108.5	3
8.07	2
-2.24	4
14.63	1
-14.62	4
-18.76	5
11.8	1
3	1
56.2	2
-15.43	5
-18.72	3
5.23	4
-8.19	4
-9.29	3
95.77	5
-14.46	3
-57.73	3
-8.07	4
51.68	3
-5.55	5
7.69	1
-11.74	1
-37.7	3
25.41	3
36.16	5
-46.56	1
10.01	4
-54.26	5
-32.27	1
-41.97	2
10.23	4
-26.7	1
81.03	2
61.33	2
69.38	3
-15.41	5
17.59	4
-20.65	2
50.33	3
76.19	2
75.84	5
-5.47	5
-68.48	3
3.68	5
-43.66	1
1.08	4
78.4	5
-7.99	4
78.79	1
25.98	5
-38.63	5
-17.17	2
-19.83	4
-1.72	1
94.53	3
85.22	2
-38.82	2
91.04	5
-34.96	1
93.71	3
14.84	3
35.33	1
3.26	3
5.32	1
35.38	2
-11.32	4
-174.78	5
-43.09	5
-47.88	1
-95.09	5
28.49	1
-234.28	3
0.86	4
13.89	4
134.12	2
-76.48	2
7.33	3
-1.42	4
-47.73	2
0.49	4
-3.23	3
12.59	5
-58.96	3
-16.58	5
-15.81	5
-6.16	2
16.36	1
-10.38	4
-63.51	2
16.59	4
-110.8	3
29.33	5
9.65	5
-19.06	3
16.8	1
82.47	1
59.66	2
-17.06	5
-39.02	3
-11.97	4
48.18	1
47.33	5
-10.7	5
11.28	2
54.84	1
130.36	3
89.88	3
-76.08	2
-57.55	1
53.98	5
-8.71	4
7.06	4
-236.54	5
10.67	4
-5.71	3
0.28	1
65.14	5
-33.13	1
-6.84	4
5.33	4
12.2	5
1	2
8	3
-48.89	1
29.09	5
-8.5	4
-37.03	2
19.54	3
20.02	5
-7.54	4
61.49	3
5.76	5
48.1	1
20.39	1
-7.01	4
-6.28	4
23.48	2
8.53	2
-5.66	4
-7.29	4
-8.83	2
-18.33	1
8.49	3
0.92	4
-2.57	1
-110.38	2
-20.41	1
-5.63	1
-5.23	4
-6.22	4
21.35	2
-14.86	2
-5.01	1
-12.27	5
14.19	5
-4.75	5
-51.98	3
-10.36	4
-108.09	3
-18.33	1
-92.61	5
-6.62	2
20.97	1
11.27	4
-42.28	3
2.84	4
-2.87	4
-75.48	2
59.51	3
-25.68	1
15.19	2
18.81	5
81.95	2
12.2	3
6.38	1
-20.77	5
-3.27	4
219.23	2
-7.28	5
5.91	3
52.45	5
-11.12	2
-8.96	4
12.28	5
35.35	1
-102.17	3
-1.14	5
9.61	2
-14.81	3
31.8	1
67.76	3
80.7	3
69.84	5
-13.4	5
42.66	1
-2.55	5
131.07	2
-14.51	4
-10.58	4
8.69	2
33.29	1
18.09	5
45.77	3
-3.89	4
4.06	1
-57.82	1
18.06	5
17.47	1
8.14	4
-0.35	2
-46.09	5
-35.05	5
-30.55	3
-3.46	4
-1.79	2
7.66	5
-24.61	5
-7.65	4
13.99	4
7	5
-1.42	2
-9.93	4
-24.89	1
-9.02	4
-11.51	4
2.62	2
4.51	3
33.76	5
30.43	5
50.62	1
2.86	4
41.22	2
-10.17	2
4.9	4
-38.77	1
0.26	1
-6.75	4
-43.87	3
-8.08	4
-4.87	4
-5.99	4
15.38	1
-4.64	2
5.93	2
-29.31	5
87.27	1
11.62	4
-27.59	1
7.11	5
5.19	5
49.73	5
106.53	2
-230.13	5
-27.12	1
-7.07	5
-42.2	2
9.02	4
-0.78	2
-41.58	5
-84.65	5
21.68	5
7.48	2
-89.52	2
3.21	3
13.88	5
-152.43	3
-12.09	4
-7.6	5
-26.05	4
16.59	2
7.46	5
2.87	1
97.41	3
-3.42	3
69.32	1
35.22	5
-2.69	2
33.92	2
9.42	2
-69.98	5
6.43	2
1.76	5
-10.15	4
8.07	3
-176.39	5
-2.07	5
-125.44	2
14.23	5
7.61	4
17.51	3
-30.42	3
4.97	5
39.72	1
-31.09	5
-45.58	3
-10.79	4
35.4	1
-36.87	3
-11.65	4
8.75	4
0.86	1
-4.15	2
-41.96	3
118.3	1
12.49	4
-12.25	4
1.12	5
-24.16	3
1.46	4
-5.83	4
-7.25	5
12.15	2
45.41	2
14.83	4
-3.24	4
-12.93	1
-13.48	3
55.51	5
18.66	1
-2.54	2
-48.99	3
-16.3	2
-6.2	1
-0.68	3
4.26	4
-18.02	5
-13.96	5
2.88	3
2.57	4
-47.57	1
-2.35	3
26.66	1
49.23	5
2.98	3
-18.32	4
-36.35	2
-17.32	4
13.53	4
22.41	4
-7.04	4
3.2	3
-81.19	5
-9.74	5
7.47	4
-19.23	1
-3.41	1
-3.76	4
-11.04	4
-137.62	2
-52.37	1
-50.17	5
38.69	5
-60.02	5
-0.61	2
-75.95	2
19.11	1
20.21	1
-0.01	1
186.04	2
-149.13	5
-93.09	3
32.56	5
9.57	4
19.85	4
36.44	2
-7.42	4
74.23	5
-5.37	4
-2.57	1
4.5	4
27.07	1
29.33	3
11.72	4
-11.07	4
21.35	3
15.14	5
4.3	4
-6.45	4
-36.41	1
-86.32	1
37.12	1
-6.62	2
-80.37	2
-30.66	1
-127.22	1
29.52	2
-2.06	4
0.53	3
-10.05	1
22.2	5
54.42	3
68.87	5
-13.92	5
13.12	4
14.06	4
-10.12	4
-7.04	5
7.71	2
-163.46	3
-4.46	3
14.38	2
-2.95	5
-57.8	5
-8.54	2
-24.43	5
7.19	4
-41.59	3
-8.08	5
-1.15	4
-2.2	4
4.11	3
-6.32	4
-30.95	2
-53.75	5
-79.23	1
-72.15	3
-50.54	1
3.45	4
17.8	2
-52.08	1
8.91	5
-46.63	1
8.63	4
-33.26	2
-54.92	3
-141.41	5
4.7	3
-19.89	5
-125.09	5
-8.46	4
-68.62	5
-30.64	2
4.04	2
-50.54	5
4.49	5
60.98	5
-12.5	4
18.72	5
-14.36	2
8.05	4
-11.2	4
-5.22	3
88.35	3
-10.43	4
-1.38	1
96.45	3
-3.08	4
-8.86	5
17.9	1
6.44	4
65.68	3
-2.04	4
-11.23	4
-44.67	5
45.18	3
-101.76	3
-85.93	5
0.86	4
-52.56	2
-6.2	4
-2.65	3
90.63	2
