-20.65	2
15.06	1
-7.36	5
-2.75	1
41.04	5
12.51	5
24.89	1
10.62	1
-96.9	5
-4.11	3
-19.44	3
23.12	1
9.14	4
4.72	2
32.07	2
3.83	2
-133.47	3
-38.27	1
17.06	5
5.64	4
-73.02	2
3.9	1
7.65	2
-90.17	2
-5.07	4
2.1	4
8.91	2
9.55	5
2	4
-10.78	5
-8.41	4
-14.94	4
103.91	2
-16.29	4
2.7	4
1.84	5
10.49	3
-5.24	4
-139.21	2
-7.68	2
-7.88	5
15.8	5
-9.91	5
11.42	4
110.86	3
-10.29	1
13.07	4
9.6	4
-14.02	1
-23.05	1
-247.81	2
-1.5	4
13.98	4
-11.33	5
30.11	2
12.24	1
-10.09	1
-38.28	1
-15.05	4
-21.2	1
-48.79	1
30.53	3
28.94	1
35.34	3
-31.72	1
4.31	1
-48.55	2
-11.32	3
88.88	3
9.94	4
2.03	2
49.78	2
70.09	5
-4.02	3
11.83	2
56.63	3
-7.61	4
-27.3	2
13.1	4
40.87	2
55.65	1
56.79	3
-21.96	4
30.35	3
-41.4	2
18.88	1
7.87	3
34.12	5
-5.51	4
12.93	4
-36.38	5
9.15	3
49.59	5
11.09	1
8.14	4
-29.14	2
11.52	4
-30.21	3
-197.79	3
23.68	2
-7.59	4
-96.87	3
-2.07	2
78.18	2
-1.5	4
-3.48	4
34.61	2
5.93	5
-19.02	1
-51.04	5
22.62	5
38.54	5
17.88	4
37.62	1
-10.95	1
53.61	2
88.08	5
-21.76	5
74.76	5
-27.03	1
-34.54	3
24.23	2
-19.31	2
120.19	2
-6.64	1
55.77	3
-1.94	4
17.43	2
-56.05	3
-0.46	1
100.29	3
17.02	4
5.89	2
-14.11	2
23.33	1
-25.85	5
3.57	3
-10.92	4
75.6	3
-25.1	5
-25.71	5
7.8	1
-9.96	4
-0.29	5
-4.83	4
3.08	4
-8.35	1
-18.7	3
-19.3	1
-33.43	5
-15.37	3
-74.14	3
-61.55	2
7.87	5
-130.67	3
82.39	2
129.74	3
82.22	3
-4.91	1
-8.85	4
-16.59	1
5.79	1
29.66	3
-3.3	4
-8.1	1
7.44	3
0.71	3
-45.28	2
-124.95	5
10.3	3
31.21	3
6.73	1
-2.57	4
-97.58	1
13.27	1
7.62	4
5.05	3
24.04	5
7.33	4
29.3	5
6.86	5
-19.22	4
-83.46	5
6.25	2
-18.55	1
3.69	4
-3.41	4
-83.27	3
-24.84	1
-32.4	1
51.48	1
8.63	4
-42.16	2
-44.29	3
12.15	4
9.79	3
80.77	1
39.13	5
50.08	2
0.49	3
-68.44	5
-12.62	5
-4.71	4
-23.01	1
72.65	1
-9.17	3
0.85	4
8.93	4
3.08	1
-1.46	4
157.09	2
9.16	1
-13.2	2
-48.46	5
26.01	5
9.46	5
5.07	4
53.5	1
47.98	5
-5	1
-11.84	2
-148.12	2
-38.06	2
8.55	4
69.33	5
-38.44	5
-60.29	3
-0.56	4
-31.34	1
-14.2	4
-54.83	1
10.89	2
-7.8	3
1.77	1
-27.53	3
81.8	3
-13.77	1
-63.61	5
-9.8	1
-1.22	4
-17.42	2
46.31	2
-8.91	4
69.33	5
4.82	5
31.02	5
-22.78	3
106.21	5
-12.5	3
-1.93	2
-11.36	4
-44.85	2
-6.69	5
-13.5	5
-17.32	5
-40.4	5
90.43	2
-50.19	2
13.79	1
-14.89	4
24.14	1
2.66	3
-5.16	4
-5.33	4
0.7	3
-9.59	5
-3.61	2
8.27	4
-7.44	4
32.49	1
-0.35	1
23.65	1
-1.51	1
-11.48	1
-62.73	3
30.59	3
5.83	4
-95.47	3
-0.19	1
-10.29	1
-157.11	3
-53.48	5
16.77	2
8.4	3
0.55	4
18.15	2
9.5	4
49.09	5
-2.72	4
-6.75	4
-32.15	5
117.05	3
4.97	4
-3.14	4
-101.87	2
-25.76	5
5.71	4
-24.48	1
-6.32	2
-13.02	1
9.13	2
-17.12	3
46.92	3
4.88	1
-92.64	2
57.91	3
-36.65	3
-61.3	1
61.16	3
4.42	1
12.02	1
-106.68	3
-7.46	4
3.98	4
112.04	5
35.59	1
2.76	4
13.55	2
-15.5	4
-16.78	1
22.23	2
-23.03	5
-11.68	2
11.51	4
40.06	3
-59.66	3
-115.66	3
-50.32	3
-7.71	2
10.46	1
1.83	4
-0.45	1
-3.02	4
98.3	5
-44.96	1
17.48	2
-56.05	2
6.19	3
15.19	2
2.88	5
35.18	1
-0.29	5
27.68	5
11.62	1
-139.35	3
32.14	5
55.3	2
-14.54	1
14.26	4
67.45	3
8.87	1
-29.01	2
-44.81	1
28.56	3
-49.62	5
29.07	5
85.16	3
23.93	4
-59.57	1
29	3
12.64	2
-1.07	5
-22.98	2
-9.03	3
9.14	4
-64.88	2
48.08	3
-3.77	5
-3.67	1
14.13	5
53.02	3
39.28	1
-56.44	1
58.03	5
33.17	2
-4.83	5
7.58	2
61.73	1
-6.8	4
5.46	2
-17.11	4
-33.36	2
20.32	2
-8.31	2
-3.15	4
16.59	1
0.34	4
-51.71	1
-7.81	3
-4.46	1
-32.05	3
-217.72	2
7.5	1
-73.73	5
-41.92	2
30.17	3
4.55	1
0.88	5
7.45	2
42.78	1
2.53	4
8.03	2
-188.16	3
75.04	5
-5.86	5
6.5	5
7.48	1
-8.25	4
-14.2	5
-10.67	2
13.3	5
-95.36	5
-29.21	1
3.97	1
4.42	4
7.06	1
-6.98	3
-170.87	2
-0.6	1
2.19	2
10.83	2
2.55	3
-18.28	3
-4.94	5
70.63	3
76.62	1
17.63	5
45.51	1
-40.82	3
18.86	3
-11.41	2
5.66	4
-16.45	4
-6.79	4
2.48	4
-2.23	2
110.53	3
-62.91	2
26.4	5
-26.21	5
8.95	2
14.26	2
9.67	5
-117.85	2
16.06	1
-12.64	4
-1.91	3
17.79	2
34.1	5
-6.14	2
10.17	1
-0.49	4
5.02	4
-1.95	4
4.5	4
-95.32	2
52.19	5
2.26	3
48.35	1
-37.35	1
-141.86	5
-87.08	1
-77.39	3
12.14	2
30.84	3
54.94	3
16.81	3
20.04	1
-61.88	2
-27.4	3
-9.68	5
-17.22	3
-180.43	2
-60.95	1
-19.36	3
18.12	3
124.94	3
99.5	5
-49.89	1
7.48	3
6.04	2
-18.61	1
-0.44	3
-54.73	3
7.8	4
20.75	2
-14.04	3
7.27	5
-4.53	2
14.14	1
11.95	1
57.99	1
-38.54	2
25.16	5
-67.63	5
55.86	5
-43.58	2
7.46	4
-3.87	4
4.16	1
48.92	5
-39.06	2
84.19	5
-2.87	2
-32.69	1
-7.56	1
68.07	3
37.46	2
12.05	3
-11.05	4
62.34	2
-7.93	4
1.81	2
39.31	3
0.32	4
-14.82	5
29.07	1
-3.6	5
10.67	2
37.41	1
196.45	5
-6.7	4
9.48	4
5.87	4
57.74	2
-1.38	4
-10.05	4
24.33	2
43.92	1
-72.12	3
-9.23	4
30.14	5
-44.42	5
-32.32	2
-27.39	5
1.74	5
2.68	2
-4.63	5
-4.32	2
-0.44	2
-112.15	1
-6.42	3
-101.57	3
8.3	5
3.64	5
-6.72	4
12.08	5
-21.3	5
-8.39	4
-12.8	1
8.11	1
11.67	4
-2.8	4
-18.78	1
10.94	3
33.38	1
74.58	3
3.82	1
19.86	4
65.4	3
-6.46	4
1.83	2
-29.71	2
-0.45	5
-26.16	1
-7.05	4
-58.14	5
-10.67	3
-8.31	5
26.99	5
-33.72	3
45.06	3
69.86	3
-10.61	1
-26.71	1
-7.75	4
-7.14	5
47.92	3
-5.92	4
-12.2	4
-37.81	2
-22.98	3
41.49	2
-43.68	3
-67.52	3
21.26	1
20.67	1
15.84	2
-7.95	4
-72.24	3
14.44	5
6.41	4
57.1	5
-76.02	2
-99.63	2
18.49	2
5.25	4
-22.93	4
43.79	3
38.52	3
70.6	2
96.35	1
-1.82	1
2.02	5
77.9	5
6.53	2
113.4	3
-6.59	1
5.85	4
17.91	3
44.79	2
6.67	5
-11.63	5
-2.91	5
-9.05	1
93.43	1
24.13	1
-14.46	3
7.76	4
-9.42	2
-28.3	1
55.45	1
5.58	1
119.75	3
9.8	4
12.19	5
20	2
-82.4	3
40.46	3
-102.62	3
3.77	3
-5.39	2
25.38	5
-5.23	4
4.18	3
5.53	5
10.97	3
-5.21	4
-6.87	2
7.41	4
-11.24	2
32.49	2
4.8	4
11.56	4
8.9	5
-32.16	2
-13.87	1
-20.61	1
-10.96	4
3.07	4
47.37	5
7.17	3
85.89	2
-189.42	5
-7.61	4
-12.88	4
-11.7	4
31.63	1
9.72	1
-14.34	2
4.16	1
0.02	3
41.67	1
7.19	1
23.18	1
50.04	3
46.55	2
-8.22	5
11.63	1
4.3	3
2.25	2
2.85	1
37.99	3
-50.94	5
4.38	4
2.3	2
9.87	4
0.71	4
17.22	4
13.06	1
53.63	3
-107.47	1
5.91	3
-65.46	1
-19.08	3
-50.28	5
-6.08	4
-7.6	4
41.85	3
8.37	4
-7.42	1
42.33	2
-69.14	1
40.46	3
6.97	4
-15.94	3
-103.46	5
-4.86	2
-12.74	5
-4.48	5
-4.24	1
-25.14	3
-102.03	2
-105.03	2
14.49	4
81.65	3
-20.33	3
115.92	2
-0.27	1
-1.81	4
48.43	1
16.92	3
-31.27	5
4.77	3
-32.21	5
12.91	2
-11.15	4
6.63	4
-49.77	5
-10.62	5
59.51	3
-2.76	4
11.53	4
7.09	3
-51.07	5
81.47	3
4.97	1
-45.4	3
-3.14	3
-8.18	5
-10.14	2
6.95	4
-2.39	5
-7.75	3
-10.4	4
-0.82	4
-7.82	4
7.09	3
-52.26	1
36	5
69.68	5
11.64	4
6.38	4
-3.75	3
-150.57	3
2.59	4
15.83	3
-17.49	1
-0.21	2
17.89	4
-76.6	2
-2.09	4
-0.4	2
246.2	2
71.8	1
-60.04	2
25.63	1
-4.44	1
48.74	3
-6.65	1
1.34	4
-55.52	3
-2.52	4
4.88	3
-9.12	4
-4.35	4
6.99	2
-1.12	2
13.54	3
-27.62	5
0.79	1
-0.37	2
1.52	3
-4.69	2
137.34	2
-17.66	3
-144.04	5
-0.94	3
-26.02	3
-1.81	2
18.87	1
-8.29	1
-7.53	4
-41.95	5
3.67	2
148.79	3
-0.77	4
-11.77	4
-88.16	2
6.4	5
14.13	1
37.11	2
38.12	3
42.46	2
-3.41	1
3.85	2
11.24	4
-17.45	1
-188.33	2
-3.65	1
3.08	1
-24.83	2
-22.93	2
-50.15	1
-173.92	5
-121.29	2
56.38	2
-8.5	2
-46.5	2
-9.59	1
-10.9	5
12.57	2
70.71	5
23.06	5
-43.39	5
88.99	2
6.81	2
9.61	3
0.84	4
6.65	5
13.65	5
7.74	4
45.28	3
-4.65	4
-47.78	5
0.02	1
-6.77	2
-3.71	4
-72.67	3
32.02	2
-18.32	1
-10.67	4
-22	1
0.69	4
7.42	4
-21.75	2
0.34	4
-22.68	1
61.06	3
54.3	3
61.94	1
23.33	3
-13.23	1
78.6	2
-1.4	4
40	5
-50.38	5
7.59	3
-78.36	5
-0.85	4
20.19	4
7.06	2
-5.35	4
-18.55	5
-99.49	5
67.44	2
-7.92	4
8.54	1
-43.56	2
33.03	1
5.55	4
88.36	3
-36.7	5
-59.48	2
-105.81	5
-14.54	5
-67.96	1
-3.22	1
8.75	4
1.74	2
8.17	3
-15.21	4
-0.36	4
3.58	3
-11.81	5
-4.25	3
-8.39	1
-92.28	3
7.22	2
17.98	5
87.95	1
11.16	5
7.8	3
14.9	1
4.95	5
-109.26	2
60.42	5
-4.52	4
66.8	5
5.13	1
-7.22	1
17.63	1
-5.29	3
-4.95	5
17.11	5
78.32	5
94.99	1
19.92	3
11	4
17.72	2
5.2	3
187.9	2
-28.65	1
23	2
-2.07	3
-4.44	4
14.39	4
-40.62	3
18.16	2
-110.52	5
-6.44	1
7.35	1
13.44	1
-52.25	2
-24.32	1
-77.64	2
-32.49	5
-1.81	1
-5.05	2
5.5	3
2.39	3
-27.7	5
19.39	2
-3.59	4
11.89	4
8.43	4
-36.34	1
7.71	4
-4.6	4
1.99	4
68.63	3
37.78	1
-17.8	1
4.48	3
-11.49	5
73.18	2
60.88	3
4.55	5
2.05	3
-13.05	1
32.99	2
19.78	1
-13.2	5
6.06	4
-27.46	4
2.13	3
-167.29	3
-38.31	5
63.86	2
40.22	3
46.39	1
-0.78	5
-49.34	1
-5.33	1
-13.42	3
-21.94	1
5.21	1
-27.48	1
-32.04	3
13.11	4
-48.69	2
7.39	4
-7.88	1
-4.68	1
13.09	1
-9.96	3
20.72	3
30.29	3
-12.15	4
-26.41	3
10.69	4
21.65	1
37.3	5
6.68	1
29.22	1
-18.44	2
21.17	3
47.95	3
6.2	4
-13.17	3
9.55	4
2.94	4
-13.28	1
93.73	2
-35.82	2
2.09	4
10.55	1
57.34	3
-0.72	3
-17.51	4
-35.71	2
-31.54	2
55.66	5
-4.13	2
-13.16	5
12.24	2
13.27	4
-37.02	5
-27.21	5
65.04	1
7.89	2
-195.99	2
35.7	5
-10.9	4
17.66	1
7.12	4
-8.45	4
-3.66	4
-146.99	5
-25.79	1
71.14	3
-54.26	1
-71.06	1
-17.48	3
35.18	5
8.72	2
-15.4	3
0.41	4
9.22	5
0.29	3
36.8	1
-11.3	5
13.76	1
17.7	4
