-14.54	2
-2.98	1
1.94	2
29.66	5
-12.91	2
18.53	5
-37.24	3
-17.1	5
11.84	3
63.32	5
-110.17	2
9.33	3
36.01	1
32.04	2
-6.48	2
-3.57	4
-102.69	3
9.84	4
20.27	5
7.28	3
9.12	5
24.94	1
92.92	5
-266.68	3
-70.99	3
98.2	2
-5.42	3
-12.88	2
26.59	5
97.03	3
85.76	2
40.98	3
-6.44	5
-69.32	5
65.06	2
-262.39	2
52.31	3
9.6	2
23.69	5
-4.45	1
-8.19	2
12.59	1
7.06	5
90.42	3
107.65	2
-57.28	3
-33.06	5
-2.92	4
-7.71	2
-321.86	2
-92.3	2
-3.4	2
67.2	3
-127.64	5
23.52	3
-31.81	5
-58.86	2
20.02	5
8.89	1
58.75	5
-11.17	5
-6.09	4
15.28	4
36.2	1
16.77	3
-17.46	4
-54.72	5
-244.05	5
-2.85	1
16.05	2
-144.53	3
10.95	2
0.96	1
-44.05	2
-10.32	2
-4.25	1
48.51	3
-29.06	5
1.55	1
-8.62	3
66.74	1
-58.03	5
-39.26	1
54.79	5
-5.67	4
-45.34	5
-32.71	2
7.45	4
14.48	1
7.95	5
46.37	5
-21.56	3
-11.03	5
-18.64	2
-4.04	5
-34.43	1
40.31	3
5.27	5
45.59	5
23.84	2
0.12	4
16.49	4
32.9	2
-19.52	2
6.82	4
-42.12	5
-21.54	1
-0.42	5
-109.96	2
-49.95	3
-55.91	1
-49.97	1
-7.26	4
16.33	2
-13.2	1
-0.96	3
94.42	3
2.67	4
0.31	4
-11.08	4
5.47	1
8.87	4
5.68	4
18.81	2
-1.88	4
-8.33	1
4.4	4
12.18	2
28.31	2
-0.59	1
2.33	2
-27.01	4
10.24	5
7.66	2
-137.44	5
-16.86	2
-48.77	5
-55.62	2
8.61	4
-64.35	2
5.29	3
56.77	2
111.54	5
62.04	2
-37.32	2
-0.64	2
82.28	2
44.08	5
-4.69	2
3.89	4
8.87	4
-2.7	3
-8.64	3
-12.33	1
-1.66	4
-6.15	1
-38.57	3
26.87	1
2.91	2
10.86	2
39.84	2
-76.34	2
-3.01	5
14.65	3
46.47	3
-57.52	3
-46.47	3
79.86	5
21.92	2
-5.66	3
18.32	1
1.89	4
11.59	4
-13.26	1
-7.96	2
-12.18	3
-2.75	2
-29.78	2
11.45	1
-132.14	2
29.37	1
-13.59	1
26.73	3
-10.76	2
41.86	3
-17.02	2
-2.19	1
-1.74	4
-58.8	2
-7.83	5
-4.11	4
0.38	1
-57.22	3
-31.2	2
35.27	3
-12.97	1
-16.52	1
-5.13	4
8.6	4
-20.19	2
-4.75	1
-23.62	1
-90.92	3
-1.06	4
6.5	2
-18.19	5
9.76	1
10.58	2
0.84	2
-4.99	4
8.02	4
13.33	1
-13.58	1
37.38	1
-0.02	4
4.12	4
-7.75	3
80.5	1
-6	4
4.05	5
-11.78	1
-6.88	2
10.86	3
-44.22	3
-164.13	2
5.42	4
-7.35	3
-5.52	4
-3.42	2
20.63	4
-9.05	1
-20.53	1
-15.05	1
-141.3	5
15.25	4
-2.48	4
-7.5	1
-91.14	3
-19.61	2
2.08	3
24.82	1
-0.31	4
4.7	1
2.83	1
77.59	1
10.89	4
3.35	1
64.56	5
38.9	1
14.56	4
39.96	2
1.45	4
-96.08	2
13.98	3
-9.08	1
-7.85	5
-34.25	5
-3.38	3
4.71	1
9.69	4
14.8	5
18.56	5
33.27	1
-185.77	3
-11.34	5
-97.33	2
9.09	2
0.38	1
-29.66	2
6.58	1
-13.12	4
11.27	1
25.69	1
-62.82	5
3.04	4
46.51	2
-105.99	3
7.11	4
63.37	1
-12.58	3
41.19	1
-26.22	1
150.98	3
122.68	3
3.36	4
-38.06	1
9.2	4
25.15	2
4.41	2
163.68	2
15.66	3
-136.51	1
30.98	3
1.52	5
33.86	2
-10.59	5
67.86	1
-3.94	5
-42.31	5
21.37	2
3.68	2
46.39	2
92.16	2
-16.41	1
4.97	5
8.57	3
40.57	5
-7.19	2
-45.28	2
1.15	4
-38.48	2
-178.24	1
43.23	5
6.58	2
-13.59	5
20.96	2
-115.16	1
71.68	2
-7.78	1
-87.58	3
65.11	1
-106.56	5
54.32	1
1.03	1
3.32	4
35.19	5
-11.3	4
95.42	5
4.83	5
-2.91	4
-39.45	5
82.94	5
-91.44	1
-10.91	2
4.26	1
-58.73	1
11.48	4
15.24	1
12.02	5
-10.61	4
-72.39	5
-9.2	4
-85.54	2
2.33	4
65.65	3
-3.26	1
6.5	5
51.78	5
-18.2	4
10.88	5
223.18	2
15	1
-23.46	1
55.08	3
7.03	3
-6.88	4
2.96	2
75.65	2
16.08	3
-4.46	2
37.37	3
-1.67	4
-15.48	1
-15.35	2
-6.59	5
-3.48	2
-41.87	3
-6.88	3
-75.12	1
-130.14	3
-34.69	1
-28.11	5
11.76	2
-28.79	2
-10.9	5
19.25	3
-6.11	4
-7.22	4
-6.08	1
-71.84	2
-73.43	1
-5.11	4
9.63	4
-100.86	5
-26.13	1
76.43	3
71	5
27.49	1
-3.93	2
-39.46	3
2.38	2
17.99	1
1.92	1
-54.93	5
-4.15	4
4.61	3
40.7	5
-39.41	5
-29.16	2
14.92	1
-8.83	1
80.59	3
7.59	5
16.17	1
25.78	3
-6.32	4
10.51	3
-20.87	3
-4.12	5
53.04	5
-8.23	4
44.08	2
-110.4	3
-6.61	1
12.92	3
84.57	2
0.94	4
-6.16	4
-48.58	3
-50.54	1
-1.14	4
111.6	3
-42.19	5
0.51	3
26.54	1
-6.91	2
89.22	3
-8.37	5
9.12	1
-8.77	5
-1.15	5
-91.73	5
7.16	3
-31.57	2
11.98	4
12.13	3
63.22	2
-7.42	2
-9.28	5
-24.35	5
12.28	4
-15.28	2
6.82	3
-8.23	2
4.32	2
-24.9	5
27.05	5
10.85	3
26.89	4
-9.18	1
-148.87	5
-42.38	5
39.56	1
-19.05	4
31.43	5
-1.3	3
-8.2	3
-110	2
45.12	5
25.46	3
126.88	2
14.92	1
-22.18	1
-7.52	4
1.98	5
93.86	5
-3.83	3
-46.02	3
-21.96	1
4.07	4
-40.34	5
78.61	3
-13.75	3
43.73	3
-23.12	5
38.88	5
22.19	4
-30.03	2
-69.5	3
183.56	3
-7.05	4
6.85	2
37.51	5
10.48	4
-47.63	5
-45.94	5
-2.63	5
-7.66	4
-6.83	2
10.1	2
8.27	1
-16.51	3
-3.21	4
-226.47	5
25.92	1
8.23	4
36.37	3
-5.44	1
-3.06	2
28.36	5
6.39	5
-6.55	1
-1.97	1
36.58	2
1.44	4
-5.3	5
27.88	1
-135.84	3
2.87	3
-5.6	2
-8.06	4
-15.25	2
5.6	2
-7.81	4
44.39	2
92.08	3
0.34	2
6.1	4
9.9	4
-14.15	3
16.24	2
-34.56	2
12.22	2
-24.88	3
-65.42	2
-85.07	3
140.32	2
60	5
-5.75	4
-2.16	1
-15.46	3
24.18	1
65.31	5
51.41	2
-30.87	5
8.58	2
67.16	2
9.17	4
-0.01	3
-25.36	1
-24.07	5
-13.73	3
6.84	3
-2.7	4
-0.21	4
-21.9	5
-11.34	5
-8.21	4
-101.72	5
-12.67	1
-3.34	1
-34.7	3
1.15	4
4.35	3
48.55	1
1.02	4
-0.17	4
1.07	4
47.83	3
-9.09	2
-14.66	1
-53.64	2
85.63	2
-19.13	4
4.33	2
-51.92	2
42.03	3
-4.14	4
0.42	2
-155.25	2
4.71	4
130.03	2
4.71	5
-44.44	5
52.47	3
5.31	2
26.23	2
42.12	1
44.98	2
-9.06	3
-45.83	5
0.36	5
-7.13	2
-3.41	4
-11.88	5
37.43	1
-59.87	3
-26.75	2
-3.31	1
-3.24	4
71.9	3
8.16	2
-15.76	1
31.01	1
14.79	2
-178.56	2
-17.63	4
31.15	2
-0.16	4
44.54	1
7.2	2
3.41	1
-203.39	1
4.45	3
-56.4	1
12.3	1
-9.82	4
-1.42	1
-14.24	4
72.59	5
-55.77	3
-11.77	5
-120.6	3
1.59	4
26.23	2
-3.03	4
-6.76	4
73.86	3
-5.36	5
-4.49	5
-7.83	2
-17.68	1
6.63	3
69.51	3
79.48	2
-85.43	5
2.43	2
-34.03	2
24.71	3
43.89	1
28.69	1
9.78	1
-42.74	1
2.31	4
-6.44	5
-22.69	5
-2.71	2
41.11	3
-67.36	1
-8.68	4
-10.88	4
3.47	4
-10.77	2
10.89	4
-7.89	5
-38.92	3
33.85	2
114.37	5
50.26	4
-16.5	4
-43.58	3
-7.69	1
-7.27	3
-4.6	1
-12.1	2
7.32	4
-61.45	3
-1.02	4
76.03	3
54.79	2
8.83	3
-17.08	4
15.79	2
2.56	3
10.36	1
-33.03	3
-10.52	2
13.43	4
65.33	3
-7.81	3
252.52	2
37.66	3
-6.77	4
127.2	2
15.49	1
52.05	2
52.13	1
-27.32	5
20.37	1
-38.23	5
12.62	5
-33.16	2
-10.95	4
-84.16	2
99.17	2
2.35	4
5.84	5
7.98	3
-0.11	2
-8.41	4
2.18	3
10.06	1
17.94	5
31.62	3
12.25	2
121.95	5
8.43	3
4.44	4
-4.08	2
-19.07	1
8.64	4
-119.89	3
7.68	3
22.44	4
44.42	3
1.4	5
-42.78	1
26.54	5
1.59	5
7.79	5
-12.89	1
7.8	4
1.29	2
3.91	3
-0.9	4
-65.96	3
-8.13	4
3.96	2
3.02	4
-86.98	2
-102.66	3
66.95	5
-11.62	4
7.04	1
-70.97	5
-25.53	1
-24.89	4
-82.01	5
-35.12	3
8.14	2
42.14	1
9.37	2
-63.42	4
-0.5	4
-159.39	2
-48.14	3
36.17	1
6.76	5
-7.91	1
67.63	5
21.24	5
2.51	1
-55.32	1
1.1	5
-16.79	3
32.59	2
53.63	2
1.68	3
-48.5	2
-135.26	2
7.96	5
-21.77	1
11.06	3
11.14	2
-2.62	5
-9.2	1
15.95	1
-27.98	2
2.36	3
20.48	3
9.69	5
6.23	4
8.36	4
-35.39	1
-11.59	3
6.83	2
-7.18	4
9.37	4
2.51	4
49.69	1
-22.62	2
-2.52	1
8.66	5
-10.14	3
65.7	2
-54.28	2
27.51	3
1.07	5
12.29	2
4.98	1
-59.05	2
73.93	2
-125.66	3
-16.16	1
-68.86	2
-10.9	5
50.2	1
-39.02	3
14.23	1
59.57	3
-55.73	1
-2.89	4
-53.86	2
15.13	4
20.81	5
14.57	1
15.76	2
51.44	2
-82.84	3
-0.97	4
9.48	3
7.54	2
2.52	2
-0.09	4
-123.39	2
2.43	2
-29.01	2
-13.54	1
-27.22	2
-107.63	2
-4.7	3
-0.27	4
-5.5	3
63.83	3
34.56	2
-7.25	4
-13.37	3
-23.31	1
-83.14	1
27.06	5
34.62	5
-63.34	3
-123.5	3
3.38	3
87.78	3
-3.31	4
84.7	2
15.58	1
-43.06	3
2.68	3
3.18	5
-15.03	4
-54.02	5
-10.65	5
74.98	2
93.64	3
27.64	4
119.97	5
-7.83	3
20.24	2
47.91	3
-4.42	3
10.66	5
-78.17	3
16.54	1
7.85	1
3.17	5
-14.75	3
-5.67	1
-46.48	1
251.39	5
20.16	3
-12.95	4
9.86	2
35.53	2
9.78	5
4.54	1
-11.06	2
14.89	1
-100.4	5
44.88	5
-5.07	4
16.6	2
-17.83	1
13.12	4
4.12	4
2.22	4
-47.39	1
1.79	4
9.31	2
0.77	3
63.2	5
-52.35	5
-3.53	3
74.03	3
-52.89	2
1.74	1
52.87	3
-14.86	3
11.93	5
-10.76	4
9.51	5
123.16	3
79.66	3
-5.5	4
-18.83	5
-6	4
9.5	4
7.58	4
56.72	3
165.25	2
-166.39	2
15.21	2
8.27	4
-11.02	5
7.15	2
284.02	5
-44	5
23.2	1
-12.53	4
-58.04	5
18.39	4
-7.89	4
-27.6	1
61.98	1
-8.61	4
-13.96	1
2.62	5
9.5	5
-203.41	2
-9.47	2
-8.01	3
-19.89	1
-4.76	1
-23.4	2
-69.15	3
55.51	3
16.96	1
20.32	5
23.04	2
3.63	4
-114.21	5
7.67	2
-108.13	2
4.38	5
-8.2	4
-6.91	1
55.81	3
-25.01	3
-58.66	5
1.14	4
-6.44	4
10.52	5
-74.31	5
-9.22	5
85.35	5
6.67	1
2.63	5
48.67	5
87.38	5
5.35	5
11.15	4
6.94	5
-5.19	1
-46.04	5
-89.8	3
4.22	1
-65.67	1
-31.49	5
198.28	2
-32.14	2
25.32	2
-0.63	3
-19.66	4
-286.22	2
14.55	2
13.76	4
4.63	3
-10.86	4
73.56	1
12.51	3
30.46	2
82.54	3
-81.75	5
8.59	4
-18.43	5
-31.31	3
221.35	2
107.29	1
142.2	2
54.61	3
-36.26	1
3.33	4
1.28	3
18.28	4
127.39	5
74.65	3
38.08	1
-47.74	1
-6.55	3
-6	3
-16.84	3
-81.78	2
67.16	2
24.52	1
-35.22	1
12.16	3
0.72	2
-2.78	3
-1.91	1
18.42	3
27.26	2
7.1	4
-66.44	1
9.39	4
7.73	4
2.24	5
-53.07	2
15.36	4
168.12	2
1.14	4
89.38	2
5.12	4
-2.81	4
4.33	1
110.52	2
7.34	1
13.59	3
-5.68	4
-16.83	1
16.1	3
-1.31	4
6.24	1
34.01	5
-74.76	3
-7.51	3
1.64	1
2.75	2
-12.41	2
5.96	4
68.76	5
9.72	1
-1.16	4
27.72	3
