63.53	5
-62.89	5
-2.51	4
-72.58	2
11.45	1
65.72	5
-132.61	3
-4.87	1
37.05	2
-17.52	4
13.45	1
74.38	4
11.13	4
46.89	3
-0.19	2
-7.77	3
17.93	2
2.05	5
-11.37	4
-9.98	3
13.47	4
-45.52	3
-10.22	4
99.93	5
15.43	5
-42.92	3
-132.01	3
-10.45	2
-5.7	5
18.38	1
-8.99	5
61.18	5
77.48	1
41.59	5
-61.47	5
-12.71	3
3.4	4
-7.65	4
9.62	4
-7.14	2
77.21	3
-15.06	4
-6.09	2
3.43	2
-35.57	2
6.46	2
59.66	2
17.73	5
12.32	5
33.7	5
41.18	3
8.74	2
10.83	4
62.9	5
3.75	1
4.88	3
13.82	4
11.23	1
-73.94	5
-14.57	1
-4.87	4
13.5	4
-17.49	2
-11.59	5
28.07	1
-134.4	3
45.91	2
12.45	1
21.83	1
-10.14	4
-84.15	5
42.79	5
-7.17	5
21.29	3
-58.98	3
-1.54	4
73.33	2
0.78	5
-2.03	4
7.22	4
-2.09	5
-7.71	3
57.04	2
-0.83	4
36.88	3
71.21	2
141.67	2
-98.25	2
10.42	2
9.11	5
19.76	4
-85.19	1
5.05	1
97.16	3
27.61	5
43.64	1
35.06	3
-5.74	4
4.16	1
18.61	1
13.56	5
4.22	5
10.52	1
6.86	2
6.45	4
-15.54	1
-14.39	4
31.14	2
-15.61	2
-122.47	2
12.54	5
0.9	1
17.21	5
-5.09	1
15.55	2
-0.16	4
48	1
21.98	5
50.81	3
9.39	4
168.14	2
10.24	4
5.78	5
-11.42	4
-13.78	2
53.46	5
-9.41	4
-4.6	4
-7.01	5
-9.15	1
-2.42	4
2.04	4
3.67	5
69.22	5
48.69	1
-65.86	5
-24.63	3
56.66	1
190.79	2
-0.07	3
-9.94	4
3.9	4
-7.38	4
14.38	4
4.01	4
13.14	4
-14.04	3
-69.68	2
-8.16	3
-95.8	3
-54.18	2
4.07	1
6.74	1
9.8	5
-15.48	3
76.26	5
-0.09	3
-18.96	1
-1.11	4
-5.35	4
-60.23	2
56.9	2
-18.51	2
-22.98	1
42.26	3
4.21	3
38.27	2
-13.41	1
34.22	2
22.32	5
-6.51	2
-0.05	2
7.99	4
-2.57	3
-11.38	5
-62.09	5
45.76	1
33.95	5
-143.8	3
21.72	2
-12.36	4
-14.48	2
-61.84	5
-2.13	1
121.95	2
-54.93	1
42.84	2
65.29	3
-23.73	1
8.09	4
20.08	4
82.81	5
14.7	5
-32.59	2
89.77	2
-8.85	1
-71.68	1
-25.41	2
-5.32	3
-6.99	5
13.52	4
26.03	2
-19.96	1
1.03	4
-52.46	5
-56.42	3
-91.64	5
0.3	4
-8.83	1
65.7	5
13.46	5
94.68	2
-32.24	5
-3.55	4
-7.25	1
4.72	3
-0.72	4
27.36	3
-58.87	1
54.35	5
-111.72	2
6.02	1
80.95	3
-1.49	4
-9.65	5
15.91	5
-35.44	1
67.3	3
35.36	3
105.63	3
-31.3	1
74.91	5
-16.34	4
-8.33	4
-21.77	5
10.41	2
-8.15	1
54.15	5
-8.2	4
28.34	1
-19.73	1
-5.02	3
24.76	1
-118.17	5
5.78	4
-5.02	1
-12.06	4
2.9	5
-58.98	5
-3.21	1
-60.8	3
10.64	1
-5.8	1
24.24	1
-65.66	1
33.5	1
-90.39	2
4.63	3
68.18	5
-109.01	3
9.75	4
-6.64	3
-291.56	2
89.64	3
-13.59	2
3.35	4
-18.56	1
13	1
-36.36	3
-1.96	1
11.89	2
39.31	5
7.98	4
-3.03	4
-7.78	5
-54.74	5
33.12	5
-72.59	5
25.99	5
-32.32	1
151.56	5
18.66	1
45.26	5
42.64	5
-12.96	4
70.17	3
-63.01	2
-2.74	1
9.58	4
-5.05	3
41.62	3
-10.59	4
-57.43	3
13.18	4
4.6	1
-32.13	1
10.9	4
4.93	5
1.53	4
-8.9	3
7.47	3
-3.96	5
-15.8	1
-80.46	1
27.11	5
-79.51	1
4.25	5
-23.37	5
-55.17	5
84.85	1
-9.96	5
-13.11	4
-4.93	4
-14.31	1
-3.42	5
51.69	1
-18.13	2
23.73	1
-8.57	4
6.73	4
-6.22	2
-5.74	2
-31.07	3
25.57	1
27.38	1
-5.04	4
-4.95	1
42.23	5
-22.71	1
2.44	4
9.43	1
-9.82	4
9.47	5
3.92	3
40.8	1
16.05	2
9.33	5
-74.05	5
19.29	1
7.63	1
10.21	1
68.11	5
-47.83	2
-15.38	3
49.91	2
-43.02	3
24.43	3
17.48	5
-141.33	5
31.33	2
5.57	1
22.62	3
17.16	3
-3.93	3
43.56	5
16.67	2
-8.17	1
-23.04	1
12.95	4
1.09	4
22.78	3
-108.94	2
13.65	1
-10.77	4
10.37	1
-6.86	5
-9.95	1
0.92	4
-108.64	5
63.87	2
18.95	2
-19.25	5
1.4	4
-11.98	4
12.22	4
-8.57	2
68.24	2
-4.28	5
-10.83	1
34.41	5
22.77	5
-37.15	3
6.26	5
-60.05	3
-32.38	5
1.04	4
71.18	5
-25.27	2
8.11	4
-0.64	4
-9.95	4
74.33	5
13.62	1
7.67	3
-8.61	5
29.11	1
-8.85	4
-6.09	5
5.85	5
88.9	5
12.21	3
60.53	1
-37.74	5
-19.92	2
6.95	1
-4.91	4
11.86	4
-33.33	3
26.03	2
7.91	4
-249.63	2
-116.88	3
5.2	5
-33.19	5
-3.59	5
-27.46	2
-57.62	5
61.3	3
-6.53	4
8.83	3
-8.23	5
20.29	4
8.08	1
-61.95	1
10.9	5
-4.33	3
12.18	5
0.42	4
18.54	1
67.32	1
-58.86	1
0.36	4
14.64	4
-29.04	5
22.89	3
-42.16	2
-4.88	5
-21.57	3
-55.04	3
-55.95	1
-52.22	2
-44.49	1
-50.98	4
19.64	1
-108.18	3
-95.1	2
-2.39	5
-1.85	5
7.5	2
29.25	2
-11.77	3
-51.91	2
-42.39	1
4.11	3
-164	2
-45.14	3
-16.59	3
-12.27	1
-68.84	5
-2.2	3
-63.98	3
-28.55	5
138.74	2
7.39	3
-11.15	2
-99.15	2
-14.73	1
31.85	1
-293.8	2
-1.73	4
55.92	1
49.99	3
64.87	2
-5.31	3
-16.03	2
8.38	1
-28.76	2
17.44	5
4.19	5
9.7	5
-36.83	5
-14.86	2
161.94	3
-11.71	5
9.62	3
-121.99	2
53.39	5
3.47	5
4.48	1
12.18	4
12.52	1
4.29	5
4.23	5
-66.88	2
8.59	4
-57.06	3
15.25	1
45.42	3
2.49	3
-10.2	1
80.87	2
-9.23	4
-41.08	2
-13.78	3
47.96	2
-1.51	3
13.24	2
-12.78	4
-3.6	5
5.72	5
-4.77	5
-6.55	3
5.34	2
-49.69	1
32.94	1
-7.16	2
-103.31	2
-83.85	5
5.19	2
5.83	4
23.15	5
-3.54	4
25.33	5
-134.35	5
-92.6	3
18.52	2
-2.24	4
28.77	5
13.4	4
34.95	2
-39.21	2
-14.92	4
-11.72	4
-11.86	5
7.13	4
-6.23	4
21.95	2
-36.07	2
-67.88	1
-82.26	2
47.5	2
93.12	2
-53.02	2
0.45	4
-56.56	1
5.58	2
-132.08	3
73.79	3
26.51	1
-83.39	2
53.95	2
56.32	3
-6.49	3
-27.09	1
-10.63	1
-27.38	5
-26.06	3
17.27	2
64.05	3
-24.5	3
55.6	5
-6.69	4
-32.09	3
3.38	4
12.36	2
-77.43	2
39.58	3
30.99	1
-11.4	4
-96.37	5
26.13	3
-11.6	4
103.31	3
28.5	3
-3.84	3
38.45	5
82.92	2
-10.36	1
36.42	1
-48.5	2
-103.07	3
-7.49	5
-45.53	2
71.09	2
13.86	5
79.45	5
-0.79	1
-25.5	4
8.05	4
10.87	1
14.08	5
-1.94	3
34.05	3
11.54	4
55.21	3
73.3	3
17.87	1
94.13	1
-26.41	2
0.03	3
5.69	5
-102.05	2
49.01	5
18.83	1
12.98	3
98.11	2
-40.82	5
-1.54	3
-13.72	4
13.77	1
43.52	4
-43.91	1
18.35	1
10.91	4
-87.37	3
1.09	4
34.99	3
-26.86	2
33.99	5
5.72	4
8.85	2
-2.43	4
-115.16	2
90.11	2
26	2
31.06	1
11	4
-0.56	1
-28.44	1
77.34	3
-18.29	2
7.71	2
5.93	5
13.63	1
-27.91	1
-79.81	2
70.49	1
0.73	2
-12.42	2
-73.91	2
16.23	3
29.35	3
-369.39	5
2.24	2
-4.51	5
9.09	5
-36.79	1
3.35	1
-10.57	3
9.77	1
-24.94	3
-4.4	1
-6.69	1
-6.1	4
2.61	4
85.02	3
97.02	3
8.01	1
0.36	4
-6.98	4
-29.63	1
-9.02	5
64.46	2
-14.36	3
1.84	2
13.57	5
9.05	2
-14.71	4
-43.2	1
-1.57	4
46.26	2
-4.59	4
25.73	2
-1.57	2
-130.16	2
-8.2	4
25.17	3
-62.74	5
-123.03	2
31.44	3
4.47	4
-19.39	2
41.96	3
-18.87	4
14.36	3
-95.15	2
43.66	1
-6.1	5
15.15	5
2.35	4
-87.15	2
-7.99	1
-9.03	1
4.73	2
8.65	1
-10.97	3
-83.4	2
9.75	1
-62.9	5
10.16	5
8.62	5
12.46	3
6.12	4
-14.14	5
-9.72	1
28.34	1
40.36	2
36.67	2
-7.38	4
-2.63	1
-1.88	2
13.17	4
-40.1	5
-6.47	4
-0.85	4
-86.95	2
-12.01	3
7.53	4
-7.96	4
-5.62	1
-273.33	2
-4.04	2
10.74	4
10.78	4
210.59	3
-29.99	5
4.64	1
34.57	2
11.59	5
19.67	1
-3.88	4
17.48	3
6.22	4
12.27	2
160.8	1
3.93	4
-76.97	5
72.48	5
-14.88	3
-5.46	4
-2.4	4
22.26	2
7.02	4
74.21	3
-3.67	5
4.72	3
-5.25	3
-9.52	4
-121.99	2
14.06	1
37.27	1
86.93	3
10.21	2
-53.68	1
-32.19	1
-42.54	2
-130.35	3
4.79	4
-63.34	5
-6.5	1
5.29	3
-60.13	1
9.87	1
-192.75	3
3.52	4
-61.51	3
64.76	5
3.66	4
-80.62	1
63.06	3
-6.05	3
-10.77	1
-40.47	2
51.24	3
22.07	4
-17	5
108.82	2
-17.15	2
0.98	4
-99.52	2
131.84	3
-65.88	1
-3.31	4
-53.88	3
-274.23	2
12.99	3
122.92	2
-6.96	1
27.98	1
10.7	4
43.01	2
-17.09	5
-24.08	5
-3.56	5
-21.28	1
16.79	1
34.03	3
87.4	5
-168.54	5
-32.42	3
0.83	1
13.88	3
-69.08	3
-10.81	1
1.2	1
40.44	1
-21.24	2
-4.42	3
-71.31	1
1.28	5
3.77	4
-78.73	1
-66.66	2
-278.37	2
45.08	1
86.1	5
1.53	5
-106.76	3
-8.09	2
19.87	3
3.51	2
-10.26	4
0.46	2
10.47	2
-4.24	4
-28.53	4
-30.79	2
5.49	3
-7.79	4
-3.86	4
-50.78	1
10.36	4
9.93	4
18.96	2
-10.17	2
24.34	1
-11.91	3
-17.01	4
5.65	5
-7.1	1
-58.8	5
40.98	2
127.75	2
34.69	5
6.78	4
48.36	3
-18.9	4
6.85	3
-39.2	5
8.18	4
-10.99	4
-28.3	5
96.76	2
-5.5	3
-14	3
-9.31	4
-1.79	4
9.75	3
-9.46	4
-53.47	2
3.5	1
-31.15	1
14.94	1
28.56	3
5.79	2
55.08	5
34.96	3
6.2	4
19.98	3
33.37	3
13.99	5
8.8	4
52.37	2
65.03	3
8.05	3
-16.53	4
-10.85	1
1.49	4
-1.53	1
-10.36	4
18.95	5
-28.07	2
56.02	2
-15.18	1
-1.99	4
70.91	3
-1.21	5
-6.72	5
-2.95	5
-22.34	2
-6.5	4
51.27	2
3.61	2
3.12	4
2.82	4
-5.83	3
14.54	3
-14.33	3
20.4	5
13.16	4
-0.81	3
59.79	1
-50.43	5
73.55	1
-3.18	1
-79.76	5
-26.1	3
1.35	5
-12.12	5
-37.99	5
-87.68	3
8.03	3
71.86	3
3.87	1
6.3	4
-67.29	1
-6.65	3
-68.67	2
7.13	5
47.3	5
52.71	3
35.15	2
7.99	3
-109.86	5
10.53	4
71.13	3
-79.79	5
-128.94	3
-9.63	4
-164.26	3
-1.03	3
82.6	2
12.86	2
10.31	1
62.06	2
59.58	5
43.65	5
19.59	2
-93.82	5
-15.94	5
-2.37	5
-127.49	2
47.68	1
-8.58	4
-7.31	5
-398.94	2
-13.34	5
-144.19	3
40.02	1
-4.9	4
-18.94	1
-138.43	2
14.67	4
-3.77	4
-13.78	4
0.34	4
2.72	4
-61.59	1
4.91	3
-76.03	2
8.28	3
25.4	2
-8.97	4
24.24	1
-18.52	2
68.41	3
-225.97	2
-13.4	5
14.35	2
3.33	4
-16.84	4
-119.98	2
-33.01	2
7.97	2
16.63	1
-101.3	3
-24.61	5
-8.2	1
44.72	5
21.06	2
-70.58	5
13.49	1
-6.45	4
-24.29	3
8.23	5
-129.42	1
-3.04	4
-3.76	4
7.98	4
-17.74	2
6.75	5
25.25	5
7.63	4
-5.03	2
24.33	1
-85.06	3
11.69	5
85.01	2
9.44	4
67.88	2
81.46	5
-7.46	5
13.13	1
4.42	2
-0.16	3
-20.48	5
-4.48	3
1.27	1
15.5	4
15.54	2
48.64	2
-102.31	5
97.22	2
-38.04	1
-3.46	1
-99.47	3
3.56	4
5.08	4
-61.16	2
1.02	4
3.48	4
-123.7	3
-41.58	1
12.06	1
