1.25	5
18.6	1
-0.07	1
-8.74	4
-60.93	2
31.22	3
-9.49	3
-49.81	1
-7.06	2
-14.16	3
18.79	2
-41.19	1
-76.36	1
70.53	2
-10.44	5
-215.52	5
-8.47	3
1.51	1
0.36	2
-113.02	2
7.51	1
6.69	5
14.32	1
11.98	4
5.44	1
0.63	3
-1.13	5
104.06	1
0.21	4
35.87	5
2.07	2
-25.3	1
53.69	3
115.01	5
4.4	3
16.85	3
-1.57	4
-313.4	3
80.85	3
47.55	2
3.61	3
9.93	4
-20.96	1
-188.52	2
-15.34	3
22.19	3
-70.44	3
0.03	5
66.85	5
-1.5	4
-13.37	4
-0.47	5
-13.66	1
-17.18	5
59.41	3
0.78	1
-9.28	4
22.35	4
-121.03	5
29.64	1
-10.78	4
-16.1	2
7.65	4
-116.7	2
-26.94	2
-90.74	2
-46.46	3
-3.72	1
29.76	1
46.06	2
-6.76	2
8.75	4
-1.82	5
-19.53	1
-115.93	5
47.67	1
5.33	3
20.58	5
-12.61	2
-1.79	1
15.88	2
-197.84	2
-20.99	3
-12.4	5
59.61	2
-3.04	4
-63.94	2
-14.26	1
110.46	2
-19.86	5
34.35	2
-13.37	5
62.4	2
160.85	5
7.58	2
25.56	5
68.59	1
67.65	3
6.95	4
-15.63	1
1.12	2
120.99	2
20.01	4
80.26	2
-51.48	5
22.8	2
3.95	3
75.73	5
3.8	3
1.81	2
-6.53	4
16.77	3
-54.56	1
25.9	3
-39.86	2
15.17	3
21.89	1
-2.86	5
-24.65	3
-28.65	3
-1.63	4
-29.36	5
-57.66	5
-9.18	4
13	1
74.61	4
-25.85	1
-16.2	1
-33.34	1
-64.77	5
223.75	5
-25.47	2
1.62	5
8.57	3
7.12	4
-121.4	4
-13.78	2
-2.99	2
6.83	2
8.87	1
-18.82	5
-0.75	4
85.8	2
21.36	3
-47.52	2
-211.74	2
23.55	4
-2.7	2
-56.85	5
-9.25	1
-3.67	1
-0.93	1
-8.39	1
-35.47	5
46.09	5
36.6	5
-300.65	5
7.53	1
45.04	3
-1.88	5
9.63	4
82.78	3
-6.67	4
121.26	2
-2.56	4
10.66	4
5.88	4
8.46	5
-34.32	3
-76.76	5
7.85	2
275.48	2
48.88	3
4.57	2
-41.06	3
2.54	4
12.14	1
-3.91	1
14.43	5
-11.61	2
-1.17	5
50.49	1
6.32	2
125.14	3
57.98	3
24.6	1
13.9	5
-2.28	1
5.66	2
178.21	5
55.09	2
-53.56	5
28.51	1
-8.49	5
7.37	3
55.97	5
-18.94	2
26.54	5
52.45	2
24.72	1
15.06	5
-19.05	2
111.3	2
-48.53	5
-8.76	4
-274.89	2
-15.73	2
159.45	2
52.39	2
-20.69	5
-14.21	3
66.1	1
47.02	2
13.35	4
67.18	5
-6.62	3
-7.34	4
-13.67	3
-0.72	3
-2.56	5
27.75	4
1.81	4
-8.42	4
136.08	3
6.25	1
42.95	3
-7.45	4
-158.28	5
11.5	4
-31.53	1
9.88	4
-6.41	1
4.09	3
-29.23	3
8.97	4
-6.05	2
-6.02	3
-74.38	1
-0.62	4
6.53	3
15.51	2
7.24	5
38.85	1
-46.22	3
-1.64	4
97.37	3
10.07	5
6	4
2.74	4
-4.21	4
7.34	4
13.94	4
23.98	3
-117.4	3
1.82	4
-66.06	5
-2.82	3
-49.63	5
3.98	4
-33.66	4
50.77	2
-96.18	3
-2.54	4
20.07	3
77.16	1
17.6	5
11.86	4
-2.35	4
10.12	3
9.81	4
12.32	4
-4.43	2
2.52	3
-56.13	1
-9.54	4
-11.93	1
-31.98	3
-82.1	1
-11.79	4
3.28	1
35.77	2
-0.61	4
-6.31	5
5.52	4
17.09	5
-2.55	5
45.37	3
-96.68	1
0.82	1
49.87	3
-33.43	2
-2.3	3
3.83	1
-1.95	4
-4.7	4
-16.95	4
-23.85	4
7.61	4
43.18	4
76.29	2
63.14	5
8.92	5
12.06	5
-55.38	3
65.88	2
1.78	4
-3.13	3
-214.02	5
-12.23	3
48.28	1
34.18	2
56.32	2
33.29	3
-11.54	4
5.6	3
-106.42	5
66.19	3
65.96	3
60.09	2
67.34	5
-33.32	3
56.28	2
-3.05	4
-77.47	3
-22.83	2
12.4	5
18.99	1
68.38	5
6.07	4
-10.37	3
41.3	2
-181.54	5
7.67	3
21.45	1
-10.46	4
-32.99	2
7.95	4
14.39	4
97.55	1
-22.41	5
-42.26	1
-21.38	1
-57.6	3
-131.91	3
-6.88	1
11.31	4
55.04	5
27.35	5
-14.98	3
-39.42	1
-19.63	2
-31.31	5
-29.61	1
-8.48	4
4.43	4
-60.11	2
90.37	5
-280.01	2
-146.15	2
-97.98	5
-14.84	5
47.65	3
-36.66	5
-87.73	3
14.06	2
-151.71	5
-8.57	1
-11.41	1
0.91	2
9.81	3
10.61	2
43.78	3
-26.07	1
15.86	2
-161.72	5
-10.55	2
2.54	5
-131.29	5
23.2	3
26.02	2
-17.23	2
-7.72	5
-1.56	3
-11.27	4
6.91	1
-0.78	4
-184.38	3
30.78	1
-54.5	3
36.72	2
0.42	3
5.96	1
24.91	1
-45.44	3
38.08	1
4.37	4
22.04	2
-47.31	1
-13.54	4
-18.51	1
6.84	2
7.78	5
70.92	5
7.04	1
-51.31	3
-24.55	3
-12.56	4
-8.11	4
-4.07	4
-7.38	4
143.39	3
11.6	4
4.07	1
39.47	3
-15.8	3
6.81	3
33.08	2
4.2	3
-9.39	1
-0.78	2
37.84	2
-28.42	2
24.95	5
40.03	3
49.3	2
-9.26	4
10.93	4
-12.64	3
-100.61	5
13.52	4
11.53	5
21.12	2
-11.76	2
27.55	1
19.26	3
74.29	5
-2.76	4
-10.62	1
-70.77	5
9.41	4
32.97	5
-33.75	3
-2.16	2
10.47	4
57.78	5
25.06	5
-2.67	4
-69.27	3
1.7	2
-56.58	2
-28.32	2
48.77	2
-35.72	3
10.2	4
-46.19	3
102.98	2
-31.37	3
65.52	3
11.94	1
8.7	4
3.5	4
-33.62	1
5.2	2
-42	1
-9.25	4
4.66	4
20.98	2
39.15	3
5.49	4
-39.78	2
-10.38	2
-52.44	3
-0.06	1
16.73	1
-12.16	5
-20.69	1
-131.45	5
-34.66	3
-0.4	2
8.14	1
-65.14	1
-1.69	4
-2.51	2
-70.53	5
61.4	1
12.74	2
-12.28	5
0.27	1
-12.83	5
-10.84	4
-12.88	1
-3.48	2
-18.77	1
4.06	4
-27.96	2
-3.03	2
-1.77	5
13.94	2
-1.04	2
65.91	5
188.81	3
44.05	5
86.72	3
35.48	5
37.96	3
-147.9	5
-2.22	1
-93.35	1
-26.17	2
-25.56	3
-134.34	3
3.95	4
10.4	2
12.42	1
-6.24	3
-123.86	2
0.38	1
-42.29	2
-8.17	1
36.61	2
82.57	3
-38.05	1
-3.65	2
-36.07	2
-4.59	5
1.78	1
-25.59	5
-0.12	4
-15.31	4
-11.93	1
-5.91	4
-10.27	2
34.96	1
1.53	2
-11.21	4
8.16	1
-4.43	2
70.1	5
-52.77	2
22.57	5
-95.06	5
29.9	1
-68.63	2
-3.93	3
-11.98	3
0.31	4
6.33	3
-69.09	5
-0.29	1
-75.67	2
4.56	3
16.72	1
-4.76	4
-82.55	3
-44.47	1
-84.03	2
-25.64	3
37.32	1
53.24	5
-64.2	5
8.37	1
-50.69	2
-12.53	5
-12.22	4
7.65	4
-59.99	5
0.43	1
3.36	4
9.71	1
11.98	3
10.78	1
-22.28	2
-33.66	2
-12.18	3
64.81	1
126.98	2
46.17	3
-1.61	1
-21.08	1
-52.13	2
-4.3	4
-12.02	4
1.75	4
22.96	5
-18.42	4
-0.33	5
3.77	3
-11.48	3
-20.46	3
96.63	3
-1.68	3
2.93	4
93.52	5
76.45	1
61.75	2
-21.01	4
42.78	1
-5.07	4
5.16	4
-9.7	2
49.65	2
-6.12	4
-4.19	3
7.95	4
-61.41	5
-7.33	5
-83.79	5
-8.17	1
129.39	3
4.97	2
50.31	3
-1.17	3
-9.19	1
-16.27	1
-14.93	3
-2.11	1
-42.65	1
-3.65	3
6.85	4
68.99	3
-0.33	1
-39.73	1
-8.57	5
-39.49	3
-16.73	5
-8.72	5
45.15	1
21.88	1
-14.44	5
12.87	3
60.73	3
22.42	5
-11.82	2
-3.82	4
55.19	5
36.16	5
-20.65	5
2.45	2
-88.66	5
10.65	1
-1.51	4
19.8	1
1.63	4
-7.91	2
-8.13	1
2	5
-11.21	3
-48.66	1
29.87	1
-0.23	4
-13.12	4
77.4	5
8.24	4
-104.89	2
-28.61	3
85.81	1
50.55	1
7.91	4
-21.81	2
-1.81	1
13.56	2
36.54	5
13.22	1
-7.22	3
-118.76	2
38.14	2
-12.7	1
-11.38	4
3.69	5
-59.05	1
-10.56	5
42.5	3
-71.52	2
-127.35	3
11.99	2
13.5	2
5.09	4
5.27	4
-8.98	5
6.56	2
-8.55	5
12.74	3
4.18	5
-6.09	5
-91	3
-112.59	5
7.54	4
91.54	2
-6.22	4
-231.21	2
5.6	4
-49.93	3
148.61	5
-99.96	5
-67.75	5
53.8	2
43.01	5
-8.48	4
113.39	2
2.93	1
-7.71	3
-5.87	1
-23.19	2
0.76	3
-9.43	1
-18.68	2
72.71	5
-23.45	5
-7.4	5
10.3	1
13.7	4
110.44	2
-19.91	1
-12.23	4
-3.05	5
-109.16	2
-5.66	5
6.53	1
-17.9	2
4.78	3
1.35	4
-56.82	5
-5.81	1
-7.85	4
5.22	4
3.96	4
-8.19	1
-1.01	4
-40.58	2
-164.94	2
-0.45	5
23.52	5
50.9	2
23.33	3
-14	4
-45.8	3
-14.7	1
16.78	3
35.87	1
-5.17	4
53.64	2
-94.26	3
-203.87	5
89.87	5
37.3	5
-1.05	5
-34.16	3
-42.91	3
4.5	4
-79.82	2
-5.65	4
1.62	1
20.99	1
85.52	5
8.18	2
38.72	1
-0.71	4
70.97	2
21.81	3
9.3	5
-80.9	1
7.37	4
-9.79	5
-56.18	1
9.71	3
-42.15	2
-9.02	4
-55.89	3
36.23	5
-8.91	4
30.15	3
-9.66	4
43.36	1
22.22	4
4.44	3
-21.94	5
37.89	3
42.01	2
27.01	2
11.52	4
-323.22	5
-26.3	1
49.83	1
24.37	2
5.53	5
35.47	1
-109.2	2
-41.17	3
-4.04	2
37.37	3
-29.48	3
-40.56	3
13.45	4
44.96	5
-105.17	3
31.69	3
12.33	4
-16.65	4
119.69	2
0.77	3
9.45	2
-48.58	2
-2.34	3
20.49	1
-79.61	5
-8.68	4
-12.2	2
-4.21	2
54.14	3
14.46	1
-16.64	5
68.93	5
-62.63	1
-5.05	4
14.85	4
-0.36	2
-33.22	5
-85.65	5
8.79	5
-9.78	4
-28.43	1
7.54	4
-10.36	1
-3.98	4
-125.44	2
28.33	3
-6.85	3
78.49	3
-0.85	4
42.43	1
-8.94	5
7.71	4
46.14	2
-118.94	3
-26.24	3
-13.98	3
-32.36	1
-23.75	3
35.85	3
63.65	3
48.57	3
36.89	5
-222.98	5
6.36	3
13.91	1
5.95	3
-20.33	5
30.88	5
28.11	3
4.42	1
12.09	4
-6.34	3
107.48	3
-87.5	3
2.85	5
0.07	2
21.46	5
-90.65	2
11.34	5
18.82	2
11.1	4
-5.36	5
-8.05	5
-18.82	2
43.98	3
-1.56	3
4.81	4
-6.91	2
-9.14	2
-14.49	2
39.42	3
-53.38	1
2.83	3
8.55	5
-9.01	4
3.12	4
32.54	3
-10.29	4
-33.83	5
-35.27	3
74.92	3
49.91	3
-90.23	3
5.4	2
-27.16	1
108.86	3
-69.1	3
15.03	4
-8.38	5
13.24	4
45.33	3
6.06	4
3.19	4
89.44	2
-160.8	2
30.82	4
-138.71	2
-6.95	3
-30.66	3
24.46	5
-57.13	5
55.08	5
5.83	1
4.02	3
9.29	4
-62.9	1
4.07	5
-25.42	3
-6.89	4
-35.29	5
-43.61	5
-9.77	2
23.89	2
27.47	2
36.32	1
47.71	2
-2.51	4
-22.17	3
-8.05	2
23.82	5
-6.73	4
16.27	1
-13.56	5
-3.03	4
7.71	4
42.6	5
96.25	3
-69.63	5
11.85	4
-117.9	2
-126.48	5
106.55	3
11.47	4
-45.31	1
53.41	1
-10.91	5
38.11	2
51.74	3
-1.44	4
1.2	3
79.38	5
72.15	5
-38.14	2
-6.71	1
36.03	5
-30.22	1
17.37	1
-43.71	3
-6.6	4
-136.37	3
4.15	5
19.44	1
51.47	1
10.52	5
-24.58	3
73.06	3
13.23	1
4.42	1
-9.31	5
-0.51	5
8.53	1
17.28	2
39.41	2
9.79	1
-21.55	1
34.34	2
-1.41	5
-70.62	5
39.77	1
-73.48	2
-40.28	5
-16.68	2
-41.29	5
-3.87	1
-2.62	5
13.21	5
0.84	4
-35.22	1
-61.73	3
6.37	4
-22.35	2
-11.88	5
3.87	4
-0.76	1
-2.21	2
9.84	3
3.38	4
15.3	5
10.79	1
-90.93	2
15.97	1
-17.87	2
-36.07	3
-89.88	2
-64.2	2
4.43	1
-25.26	2
-60.74	1
-3.77	2
-17.47	3
-29.01	4
4.72	3
70.45	5
10.19	4
-30.96	5
105.83	3
42.84	2
3.79	4
-14.38	5
41.65	5
28.78	5
-12.52	4
30.97	1
14.63	4
5.74	3
2.45	1
-32.12	5
-21.8	2
-39.17	2
21.54	2
52.96	5
35.45	5
-11.03	2
9.21	5
