22.12	1
6.58	3
15.68	5
-8.22	2
56.76	5
-8.75	5
-47.75	5
51.56	5
-11.96	4
-2.22	2
64.15	3
-14.96	4
-7.64	1
8.98	2
6.38	2
11.86	3
-79.26	1
-45.72	3
-34.91	3
3.19	3
-35.48	1
8.87	2
-37.32	1
7.54	5
-123.93	2
-10.32	1
23.63	5
-10.81	2
13.57	3
42.57	5
83.4	1
12.4	4
0.37	4
10.69	1
126.33	3
14.73	4
-67.63	1
199.78	2
-41.48	1
-35.5	1
-15.21	1
76.98	5
-12.98	1
-7.45	3
-0.14	2
-8.45	2
30.29	1
7.64	2
13.78	4
10.08	2
-29.73	5
-7.49	1
-11.72	2
40.38	5
-33.58	3
6.44	4
-26.93	4
11.59	5
96.11	1
-105.32	3
-10.38	5
2.35	4
-4.72	4
-18.15	3
-11.7	5
-31.29	1
-11.52	2
49.48	5
-13.63	2
10.7	3
-50.23	2
-3.93	4
-67.6	2
-6.95	4
54.95	5
313.87	2
-6.68	5
49.52	1
28.19	2
54.47	5
116.61	2
56.75	3
-8.46	4
56.53	3
10.91	4
-4.52	2
16.73	4
81.4	5
7.38	2
70.58	3
13.82	1
-16.89	2
-7.56	4
-28.42	1
71.1	3
171.05	2
44.85	5
8.13	4
-4.27	5
-6.37	2
37.78	2
31.7	3
7.07	4
-4.42	4
-122.04	3
24.75	1
-159.11	2
10.43	4
178.67	3
12.78	3
5.6	3
9.35	4
5.74	5
10.09	1
-152.85	3
69.14	1
-8.85	1
1.5	4
-8.83	5
9.7	1
8.87	1
-37.04	1
9.91	4
1.26	4
-6.83	1
63.79	4
-10.81	4
-40.96	1
14.54	3
-82.67	2
196.23	5
-4.45	3
6.68	4
13.66	3
-24.87	2
-43.26	2
-51.33	5
0.75	3
13.74	1
-10.16	4
-2.09	3
48.3	5
-11.98	2
10.44	4
12.49	4
11.5	5
33.72	2
46.15	3
-5.55	5
24.4	3
5.72	2
122	3
-6.87	4
-71.38	2
47.4	1
-6.18	2
-43.72	5
-3.01	3
-92.99	2
0.14	3
12.76	4
30.79	5
3.04	5
-48.09	3
83.26	5
-25.22	3
-15.64	5
6.02	2
-13.96	1
21.47	3
-37.33	5
11.29	5
-9.42	1
6.69	5
14.76	4
-9.02	5
-25.71	3
71.72	5
-46	2
15.47	3
10.71	1
49.35	2
-18.07	1
40.7	5
-19.98	1
13.73	1
75.85	5
-152.37	5
-0.58	4
4.8	2
-24.26	5
20.82	1
26.75	1
-102.41	5
63.81	3
96.36	1
29.99	5
-41.8	5
-15.89	5
-25.89	1
8.73	3
6.4	4
6.94	4
35.49	5
-2.17	4
-86.55	4
44.72	5
26.78	5
-4.26	3
2.5	2
38.66	3
32.46	1
-287.96	3
-9.53	5
-11.67	1
-19.34	3
1.12	1
54.3	2
15.12	3
15.14	3
69.6	3
-5.53	3
0.33	4
12.89	2
19.84	2
-17.12	2
9.04	1
-27.64	3
-14.1	2
27.63	5
-8.84	2
8.41	4
4.33	4
43.75	2
4.72	3
-6.71	4
0.14	3
73.42	5
55.18	1
-9.26	2
21.71	3
16.7	4
-62.15	2
7.89	4
3.6	5
-24.14	2
-0.1	4
4.43	1
15.06	4
-0.69	5
-2.46	1
-146.84	5
-3.37	1
-35.33	1
-2.13	4
15.03	2
2.34	1
-115.91	1
-6.53	4
37.16	3
9.03	1
15.88	4
-1.89	5
-47.03	1
56.36	2
9.82	2
-7.34	3
-10.77	2
-51.51	1
-45.06	3
55.41	3
56.72	1
35.02	1
29.02	3
-6.41	4
6.35	2
17.79	1
23.61	5
-6.24	4
-11.91	3
-12.17	4
6.31	3
-11.18	4
3.18	5
7.62	3
-6.63	5
62.26	1
-47.47	3
41.27	5
-3.19	3
-6.92	4
27.5	5
0.66	3
-130.05	2
-39.92	1
10.11	4
-0.18	2
-174.81	5
7.78	5
12.7	5
-106.71	2
25.96	5
6.95	4
114.15	2
-3.57	2
25.35	1
14.2	3
6.99	4
9.31	5
-34.4	3
17.62	3
-36.45	5
70.28	2
9.63	1
16.16	4
11.97	4
-1.65	5
60.33	5
-8.99	4
39.73	1
4.1	1
24.97	3
96.2	5
-3.4	4
76.67	3
53.54	5
-134.53	1
114.42	3
-4.48	4
-38.41	5
3.99	2
-19.32	5
-51.92	3
-163.54	3
-6.2	5
-6.1	5
6.59	1
63.99	3
55.68	1
15.82	4
-85.94	1
10.72	4
89.08	2
15.55	2
-2.53	2
81.62	3
-9.98	1
8.29	4
22.47	5
-17.33	5
-7.42	4
-19.82	4
7.63	4
9.18	4
10.83	2
21.66	2
35.26	5
-1.97	3
6.21	2
-9.85	2
-1.62	3
17.71	4
-8.06	5
-6.38	1
11.16	4
-1.05	3
-4.9	3
49.03	2
2.52	3
-93.64	5
5.24	4
-8.62	4
-59.91	2
-6.3	1
79.35	3
5.87	5
-74.27	3
2	1
42.43	2
42.89	5
-2.86	4
48.94	5
-202.13	2
10.04	4
-58.27	5
-53.3	2
6.33	1
98.76	3
-33.96	3
45.93	2
-169.29	3
-62.53	1
-23.35	5
7.35	4
48.84	5
-27.32	1
117.34	5
-57.47	2
54	3
63.41	3
7.98	1
45.41	1
-13.54	1
-11.93	4
6.02	5
-13.16	4
12.06	2
-24.88	3
-11.48	2
66.56	3
6.31	5
8.36	3
22.73	1
-39.8	3
-24.85	5
3.59	1
-12	3
-44.89	1
-11.68	1
120.35	3
-39.92	5
4.75	4
-5.3	2
-5.37	2
-31.63	1
13.4	3
21.11	4
-6.68	2
-107.86	2
-97.31	5
-1.64	4
-70.75	2
6.26	2
-219.64	3
4.6	4
-63.99	2
83.81	5
-39.76	3
8.21	4
-9.79	3
-109.05	3
-10.17	4
-6.37	4
-103.65	2
-3.86	1
7.55	5
9.72	4
-46.66	5
3.08	5
-27.36	5
-10.15	2
28.28	3
10.34	4
-72.24	2
45.61	1
0.07	4
37.68	2
66.96	2
-9.17	2
94.42	2
8.88	1
-24.35	2
-61.55	5
-8.68	4
-3.85	2
261.08	5
-10.41	4
29.51	1
65.89	2
-87.01	3
39.6	3
-3.09	1
1.46	4
-7.37	5
-7.48	4
19.58	2
-17.49	5
-39.76	5
-12.26	2
-0.75	1
-35.32	5
40.33	3
-24.37	1
7.3	4
16.16	3
11.18	2
24.51	2
-2.33	4
-3.57	1
-24.08	5
-51.5	5
-183.19	3
-46.95	3
16.55	1
-29.77	3
95.79	5
64.57	3
28.04	5
104.5	3
153.08	2
-8.89	4
3.99	3
24.61	2
17.44	1
-6.59	1
36.3	2
62.16	1
-23.66	5
-37.48	3
7.01	3
41.44	2
2.61	2
-191.74	5
-10.26	4
-18.64	3
5.41	1
-52.26	2
-5.65	2
17.97	4
89.67	5
139.78	3
33.92	2
4.35	3
2.97	4
14.51	1
-9.72	4
77.66	5
27.37	5
-11.95	2
68.8	3
-7.06	4
11.27	1
-90.83	2
47.97	5
-16.06	5
40.19	1
14.47	4
-113.99	2
-65.47	3
8.5	3
-9.46	3
-71.21	3
21.35	1
15.7	3
23.72	2
-19.51	2
8.15	3
-21.25	2
-2.66	4
11.76	2
171.79	2
7.86	4
-4.33	4
36.32	5
14.46	4
5.61	4
21.35	1
6.94	3
7.68	4
2.67	4
0.06	3
-10.95	2
19.6	4
22.94	3
11.58	4
6.4	4
20.56	1
-28.93	1
-13.44	4
28.19	1
-209.21	5
-8.28	2
55.21	5
-4.14	1
5.5	4
-7.66	4
-93.51	2
0.48	2
-6.82	3
-17.54	1
-45.4	2
-73.24	2
72.31	5
103.3	3
76.37	2
59.78	3
-43.78	3
-19.11	3
-38.35	5
12.77	1
-88.27	3
57.37	2
-33.8	3
-39.5	5
-3.83	4
-19.85	2
-26.53	1
-8.75	1
14.01	3
8.13	3
39.11	3
-14.63	4
33.59	3
-294.38	5
-4	4
0.83	1
-5.23	1
-12.02	2
2.04	1
52.64	1
-76.14	3
-36.08	5
4.08	1
-63.56	1
-3.92	3
50.44	1
-29.35	1
3.34	5
-45.28	3
1.9	4
35.64	5
-6.8	1
-0.12	5
-28.45	5
-55.9	3
-3.06	2
52.14	1
12.27	5
3.13	3
-6.71	2
-39.86	2
-14.79	1
-42.55	5
-28.2	1
-32.27	2
92.86	5
22.27	5
-45.67	1
-145.27	3
-4.83	1
-0.04	4
28.28	5
38.64	1
91.24	5
-9.32	4
-1.68	1
32.27	1
56.32	1
23.55	2
5	4
-56.94	3
18.61	3
-65.38	3
6.41	4
14.86	4
47.14	1
17.4	4
-23.76	1
-6.39	4
40.83	3
-3.12	1
-73.06	4
-161.85	2
-95.99	5
-4.65	4
-44.97	1
51.69	2
-10.19	4
-11.04	4
-5.17	2
-1.18	5
-27.76	1
-3.36	2
1.57	4
116.01	3
-7.59	4
22.49	2
8.43	1
37.53	3
5.36	2
10.48	4
-69.85	2
-12.55	1
10.92	4
6.82	2
-4.47	3
-27.99	3
1.08	3
60.59	5
-56.44	2
-26.73	3
-10.93	4
-9.97	2
-4.76	5
-0.41	1
12.02	2
12.91	4
3.5	4
1.64	4
-6.5	3
-84.42	5
21.15	1
7.43	4
34.12	3
21.28	4
-60.33	2
-4.81	4
-27.49	3
17.22	2
-8.87	3
92.19	3
64.5	3
-8.46	3
-25.79	2
36.41	1
57.83	1
-38.88	1
-10.97	4
-141.94	2
2.43	3
-125.89	3
-117.61	2
5.72	4
18.88	2
-1.69	2
110.84	3
19.59	2
50.51	1
-17.32	3
-50.08	5
11.74	1
11.67	3
96.77	3
-27.37	1
15.18	1
7.23	4
40.27	2
30.63	1
-92.52	1
40.54	1
-5.38	2
46.98	3
-38.35	2
-36.66	5
1.53	2
-4.46	4
2.25	1
0.11	4
-86	3
-5.19	3
-184.14	5
-9.78	4
-13.89	4
10.52	5
1.92	1
-8.14	4
-44.44	3
7.38	5
-6.36	2
-19.78	4
7.49	3
-1.09	5
-6.37	4
11.35	5
13.73	4
9.45	4
56.79	5
-20.56	1
32.04	5
-9.25	5
62.31	3
43.22	3
-4.91	2
14.13	4
4.84	4
4.99	4
-26.61	2
-125.75	2
-7.99	2
-4.48	4
-2.53	4
-54.28	3
-2.98	1
-70.37	5
-9.11	4
12.26	1
-34.38	5
14.9	1
9.67	4
46.52	5
37.16	2
14.96	2
-74.58	1
46.85	3
40.41	1
-63.29	1
31.46	2
-8.39	4
-81.52	5
-41.34	2
29.76	3
-31.63	3
-4.25	4
-8.99	1
-135.44	3
-0.31	4
29.91	5
-6.84	2
30.93	5
7.85	3
69.03	3
20.45	5
-66.1	3
6.44	1
87.59	2
33.33	5
26.72	5
-6.97	2
-19.1	2
15.58	1
-0.43	5
-18.92	2
-28.17	1
-21.88	1
-19.94	3
18.06	2
12.02	3
9.3	2
42.76	4
-44.99	1
19.9	5
-6.58	2
87.41	3
36.94	5
4.78	5
11.15	4
50.78	5
11.87	4
12.17	5
67.36	2
-6.69	3
1.15	5
47.13	5
-72.62	5
-16.08	5
-3.4	1
0.45	4
3.6	5
13.53	1
-22.1	1
22.86	4
28.44	1
16.92	5
132.83	5
-11.53	2
1.4	4
-0.08	1
63.5	1
-65.66	1
-67.59	3
-5.78	4
9.64	1
-5.97	1
-41.49	2
5.42	2
3.05	2
-43.55	5
-24.48	4
13.39	1
-14.96	5
-5.31	3
-2.57	4
-77.58	5
13.79	4
-0.66	2
7.26	5
-61.92	3
0.55	2
152.44	2
63.2	2
23.47	1
-10.07	1
-4.8	4
64.51	1
-3.01	5
7.56	5
-70.34	1
32.57	5
11.49	1
-29.91	2
-3.69	5
60.23	2
74.8	2
30.27	5
52.95	2
3.18	5
-10.52	5
-36.02	1
-29.03	5
10.73	4
99.4	3
17.65	2
-26.69	1
-144.23	2
-13.86	5
-13.8	2
-10.29	2
-77.36	3
-5.2	1
6.09	3
25.82	2
54.65	1
-37.33	3
8.12	1
11.46	4
-6.24	4
-9.4	5
37.8	2
23.2	2
-11.68	3
7.54	2
14.69	1
-9.85	2
31.27	2
19.2	4
4.42	1
139	2
1.51	2
-1.3	2
10.39	5
0.02	3
-17.07	4
9.99	4
-74.75	3
191.63	2
8.7	4
-1.55	4
-55.48	2
1.58	2
13.82	4
-8.1	4
-0.25	3
-8.63	2
-6.46	1
-17.32	1
-9.12	4
-7.12	3
412.78	2
-78.28	2
14.05	4
9.02	2
-22.95	5
0.48	4
-13.27	1
32.36	2
-14.33	4
15.66	5
33.98	1
14.42	4
13.37	2
-64.97	1
-5.24	4
29.12	5
47.66	2
3.99	4
-52.85	1
-3.75	2
55.11	5
-9.79	4
-26.8	2
-4.03	2
-78.7	3
78.93	5
12.95	4
0.89	1
11.08	2
5.21	1
-8.19	1
4.73	4
-34.58	3
5.52	1
-10.16	5
-1.7	4
8.2	4
-103.47	2
-0.83	4
101.5	5
3.71	4
-151.39	5
-7.7	3
-14.44	5
-11.51	5
-3.57	4
-15.23	1
33.59	5
-13.31	4
0.24	2
41.17	1
5.57	5
-7.18	3
-74.31	2
6.17	5
4.16	2
72.91	3
-73.75	3
-18.01	5
-3.31	4
16.29	2
8.56	5
10.95	3
-6.34	4
-44.01	1
8.97	1
2.26	5
-83.84	3
-106.65	5
-1.71	4
18.11	2
-4.47	3
-88.72	3
-12.23	5
-13.23	2
33.3	1
-53.76	5
