26.69	5
37.93	2
-47.57	1
-2.61	1
-8.89	3
45.97	2
-107.55	2
-5.5	5
-71.05	3
-12.03	5
-4.27	1
-8.47	4
27.27	3
-21.89	1
70.9	2
13.45	4
7.38	4
-14.56	5
4.24	3
56.48	3
23.33	2
-3.73	5
51.99	3
33.93	1
-91.44	2
12.65	4
1.18	4
-9.18	4
-7.6	2
0.52	4
-19.83	5
8.75	3
62.28	2
-11.4	2
99.48	5
-13.28	3
-1.46	5
-2.32	5
-129.95	3
41.14	2
14.08	4
-9.1	3
26.61	1
1.85	3
-12.06	1
5.69	4
5	1
5.34	1
-4.11	4
-0.44	1
38.06	5
-21.45	2
-11.46	3
17.22	3
74.2	3
-12.24	3
26.02	3
-12.52	4
-18.4	5
33.6	5
1.45	5
-18.08	3
17.3	4
-29.94	2
72.11	2
-58.18	5
69.62	3
-20.94	3
8.7	2
12.8	1
7.59	3
40.22	5
8.6	3
14.63	5
17.36	4
-118.18	2
-1.14	2
-39.84	2
6.42	4
2.23	5
-1.21	5
-3.84	4
-59.65	3
43.72	5
14.28	1
77.91	3
-35.05	2
-52.8	3
-2.87	1
40.12	2
-11.61	1
-56.22	2
-3.36	1
-17.26	2
-24.17	1
1.76	1
4.26	3
32.9	1
-2.66	4
12.08	4
-22.43	3
16.77	3
-13.26	2
55.76	5
18.46	1
-44.3	2
-26.88	1
-36.61	5
-12.54	3
22.5	2
11.08	4
84.67	5
16.28	5
-60.58	1
0.64	5
-77.47	2
-17.63	1
-0.19	5
-5.03	4
-1.01	4
15.4	1
11.53	4
-36.31	3
1.75	1
-10.74	1
-1.4	4
-66.38	2
40.43	1
7.71	5
-63.88	3
-9.68	3
-1.73	4
-5.59	4
-9.3	3
-67.21	3
4.98	3
69.34	5
-12.46	3
-3.88	1
21.51	5
-15.84	2
-116.23	1
49.47	5
0.23	5
-8.84	4
70.96	5
-122.66	3
6.79	3
6.01	4
29.79	5
14.19	1
23.69	3
40.52	3
-11.3	1
-6.87	2
3.72	4
-59.47	3
-18.99	3
-2.13	5
-0.58	5
10.38	1
13.1	5
-2.09	5
29.69	5
7.56	1
-72.25	1
-41.33	2
15.79	5
-64.15	2
-19.54	3
35.42	2
4.01	5
18.72	5
48.9	3
49.86	5
-40.31	1
2.76	1
-6.07	3
7.52	4
40.46	5
-16.71	2
-14.78	3
-14.02	2
42.88	3
-1.36	2
-59.5	3
-109.49	1
-4.02	5
18.6	5
-11.91	3
-20.81	2
61.91	3
21.47	1
-12.07	5
-64.79	2
2.26	1
-11.14	1
-29.06	3
41.86	5
40.69	2
54.78	5
-5.49	4
15.55	2
0.62	4
-8.61	1
44.58	2
3.88	3
147.15	3
-21.5	1
-1.43	4
35.18	3
55.43	2
12.71	1
-14.11	1
76.78	5
-14.86	4
-28.8	5
-5.07	4
76.73	2
-10.96	4
-13.6	4
-30.58	1
-1.69	5
-4.99	4
26.66	1
-41.65	5
-126.52	3
47.51	2
77.85	5
-9.86	4
-119.67	5
101.47	3
-0.45	1
-9.45	3
-0.11	4
-42.19	1
-5.46	1
-79.66	2
-48.37	2
-5.58	3
9.46	5
-8.98	3
-84.98	2
-55.28	1
44.32	3
-74.21	5
-26.89	5
6.32	5
-18.94	1
60.52	5
8.2	1
6.48	5
89.56	2
6.09	2
22.93	5
-7.51	3
89.24	3
-10.69	4
4.15	5
7.55	4
7.84	5
-3.24	1
-1.08	5
-10.44	4
30.21	5
-121	5
20.1	2
48.01	5
-9.43	1
-15.05	1
2.94	5
31.64	5
-70.29	5
-26.16	5
11.29	1
35.16	3
-8.8	1
33.46	3
40.93	2
-75.95	5
2.96	2
37.17	1
94.72	2
21.75	5
5.2	1
4.98	4
42.71	5
181.71	2
-2.37	2
-7.59	4
-19.25	2
33.95	2
-5.01	2
2.69	5
-73.5	2
9.1	2
-9.74	4
52.79	5
-26.45	5
30.22	3
59.72	3
6.96	5
-48.09	5
40.32	2
33.46	5
57.92	5
136.88	3
82.27	1
46.99	2
-9.44	5
-35.94	2
92.34	1
-3.98	2
11.75	4
-6.17	5
-3.13	3
-61.28	3
0.8	2
27.7	3
21.61	2
60.78	3
22.74	1
40.89	1
2.95	4
5.44	1
-10.62	1
3.14	4
28.9	3
2.25	4
-8.61	5
-12.95	1
-7.08	4
-9.58	1
1.91	5
14.6	5
70.88	3
27.45	5
-14.8	1
10.63	4
-2.05	3
5.97	5
-19.95	2
-8.74	5
-127.02	3
-34.61	5
-24.48	5
2.47	5
5.16	5
12.79	3
14.05	2
-22.03	3
26.83	2
15.52	1
31.06	2
-14	5
10.56	4
90.15	3
-3.35	4
5.4	2
45.58	2
10.97	3
-25.62	5
100.24	5
-36.52	1
-64.76	3
-6.54	2
96.15	1
-9.59	3
-5.97	4
-20.67	5
-0.85	5
74.89	3
14.69	4
-22.59	3
-28.47	1
-8.03	1
70.91	5
-19.64	5
-13.29	1
101.02	5
-93.17	2
-5.44	1
222.16	3
-137.04	5
-9.15	4
7.05	4
-2.76	2
13.11	4
-60.66	3
-96.96	3
-3.39	4
7.44	1
16.44	4
148.81	3
12.75	3
-12.83	1
-12.87	5
0.72	4
57.08	5
-21.9	2
50.27	5
-17.68	5
7.15	4
9.51	4
-128.5	2
92.95	3
-11.04	4
8.71	5
-22.62	5
-7.35	2
-26.59	2
-8.78	5
-12.96	3
32.86	5
2.3	1
-45.68	1
-34.19	1
-23.6	3
73.71	2
-206.88	2
-1.64	5
57.77	3
61.4	3
-19.49	2
-7.36	3
50.27	2
-6.15	5
38.32	3
41.92	2
7.83	4
-1.98	4
12.36	2
31.56	3
-52.31	3
73.77	2
-11.32	4
31.44	3
39.02	5
-19.29	2
25.99	5
31	3
102.23	3
-10.36	4
8.02	4
-1	4
-23.23	5
-34.78	2
-0.21	5
-11.9	5
-8.13	4
125.21	2
82.53	3
-36.41	5
8.97	5
-12.35	2
-60.03	3
-71.56	2
-32.7	3
-47.18	3
-0.45	2
-7.63	4
3.4	5
-8.55	1
-45.66	3
11.31	2
-6.06	1
10.12	3
4.81	3
-8.53	1
0.18	5
44.25	5
-17.8	4
162.65	2
-38.74	2
-0.87	5
16.87	4
-0.77	2
18.9	3
-21.01	5
84.71	5
16.58	3
29.36	3
86.65	5
-11.05	1
-5.18	4
-138.99	1
-7.7	4
-11.72	4
-55.46	3
-37.1	2
5.18	3
145.85	3
-38.78	1
-72.88	1
-11.39	4
-3.39	4
183.2	2
-19.9	5
-8.15	5
3.25	1
-31.01	1
-13.82	2
-23.64	2
12.88	5
16.26	3
33.8	4
23.15	1
54.67	2
85.32	2
-106.32	5
41.09	3
42.03	2
-65.45	3
20.99	5
-34.15	2
40.1	1
47.4	2
13.92	2
0.95	1
2.72	4
9.86	2
19.06	1
2.77	1
-8.98	5
10.49	4
19	1
-100.62	3
-9.76	2
-10.07	4
5.49	4
36.97	1
-3.67	5
-37.41	5
-9.18	4
-17.93	5
-5.39	3
51.27	3
57.5	5
-15.5	5
-33.93	5
-14.57	2
-3.82	2
-13.38	5
-91.77	3
-7.67	5
5.88	3
-2.39	4
12.97	2
15.14	4
-6.26	5
-15.48	3
-17.33	5
55.92	3
6.53	4
15.67	3
-52.55	2
42.13	5
0.31	5
-10.55	3
7.37	3
-102.83	3
-9.16	4
1.51	4
-11.5	1
8.77	3
13.2	2
-7.38	4
-6.08	4
10.71	4
-62.12	2
-96.1	2
7.91	1
-4.48	1
-158.77	5
8.61	3
128.79	3
-11.5	5
0.96	3
-53.1	2
-14.88	4
-49.45	5
4.87	3
20.12	1
-54.72	3
1.53	3
122.55	2
-71.53	5
124.52	2
-10.56	4
3.86	2
-174.16	2
-29.01	3
-14.29	3
-21.7	2
14.78	5
55.81	5
-27.8	5
5.54	1
-17.23	4
30.55	5
49.78	3
-10.38	4
-21.65	2
-0.37	2
-5.13	2
-4.23	1
-32.43	3
116.64	3
67.87	1
-3.6	5
-1.84	4
-8.14	3
1.17	3
15.32	5
2.78	5
-90.48	3
9.14	1
-58.82	3
10.47	4
19.35	2
-5.22	1
-123.99	3
42.48	3
-7.5	4
-25.29	1
23.57	3
-61.06	1
54.19	3
3.26	1
7.77	2
61.36	2
152.24	1
6.07	5
-14.59	1
2.1	2
-332.21	2
-8.64	4
-463.52	5
15.65	4
12.24	4
68.75	2
13.88	5
40.23	1
10.61	4
-26.68	3
-12.15	1
-62.4	2
89.44	2
-11.74	5
14.61	3
-11.11	1
55.33	1
-3.13	4
3.54	3
6.26	4
-11.84	3
11.5	4
-12.42	3
-67.1	2
4.48	1
76.08	3
2.06	4
63.77	2
1.45	2
-126.78	1
-7.03	4
6.22	3
-8.18	1
15.69	2
68.14	5
-10.75	2
5.6	5
9.43	2
9.51	5
-9.15	3
-41.04	3
7.56	3
-13.29	3
4.71	5
-2.36	4
4.62	5
3.43	5
20.73	1
98.11	3
13.04	4
13.25	3
1.81	4
4.06	4
60.6	1
77.36	3
-1.12	4
3.42	5
52.68	5
12.18	2
-11.52	1
-35.1	5
41.59	3
10.61	1
19.75	4
-3.85	1
23.1	1
-5.1	4
5.72	1
-6.92	4
6.5	2
2.56	4
-31.22	5
-49.89	2
55.07	5
-13.18	1
18.69	4
38.77	3
-46.66	5
46.91	5
-5.09	1
-6.47	3
-6.91	4
-4.4	5
49.55	5
29.49	5
9.8	4
-6.88	3
19.86	5
-18.28	2
-24.03	1
9.98	4
-69.67	3
16.72	1
-5.42	4
-10.54	4
35.01	2
18.08	2
-129.1	1
11.25	4
-26.85	5
-8.87	3
96.7	1
-25.94	3
17.54	3
-19.42	1
-142.54	5
-5.24	4
28.92	2
-10.1	3
4.74	1
18.43	4
100.29	5
16.57	4
154.51	3
-11.96	2
9.03	3
-42.66	3
35.8	3
23.07	1
-6.86	3
-7.06	1
-3.67	1
-11.39	5
7.6	1
-86.17	1
46.9	5
62.68	2
30.37	3
36.76	5
-49.15	3
0.26	4
-4.63	1
7.72	2
-9.62	2
71.88	5
-17.47	4
-57.1	2
10.36	5
66.89	5
-18.5	5
40.35	2
-0.53	4
2.73	5
4.95	1
-10.86	5
-7.65	4
72.44	3
-51.37	3
3.42	5
57.45	1
-12.75	1
70.12	2
-56.37	1
0.57	5
52.89	1
7.4	5
-45.03	3
10.6	1
-68.69	2
7.82	5
-4.7	4
29.61	3
66.61	3
-21.9	1
11.82	5
-3.21	4
-59.07	1
-21.64	3
8.36	4
56.04	5
20.99	5
15	3
3.43	3
9.09	4
4.03	1
-84.94	5
38.72	3
22.49	5
-12.43	2
-5.78	2
-33.67	1
-9.03	5
8.36	2
-3.35	1
-61.91	1
18.01	2
20.92	4
3.26	5
23.02	5
-50.84	5
-26.17	5
-6.6	4
-19.28	3
-2.13	3
-141.88	2
8.04	4
-7.84	2
-71.3	2
-49.83	2
8.63	5
-3.58	4
139.23	5
36.42	5
6.95	1
-3.42	4
-0.62	5
-78.99	2
19.44	5
13.17	4
9.52	4
-108.91	3
9.78	4
10.59	5
-3.73	1
-7.06	2
-12.84	4
-65.4	1
7.74	3
-15.18	4
12.08	1
6.53	3
37.18	1
-6.01	5
-26.67	3
43.99	2
36.3	1
50.08	3
33.36	3
-45.48	2
31.98	2
-13.16	3
45.25	5
-39.4	2
-169.29	5
-53.14	1
155.55	2
-38.2	2
-5.92	5
-5.59	5
-91.3	3
-40.28	3
32.63	2
64.77	5
-18.36	5
31.77	2
5.65	5
42.31	2
-6.22	4
-24.75	3
125.38	3
11.12	5
-8.5	4
140.26	5
-7.14	1
-37.81	3
19.32	3
-97.33	1
17.93	1
47.77	5
-68.08	5
111.52	2
6.84	2
43.03	2
-1.43	4
-9.11	4
-13.44	3
12.96	4
17.52	3
-23.1	1
9.19	4
-22.61	5
-32.92	4
-5.79	5
-27.75	2
-9.28	4
44.77	1
-9.58	5
45.32	2
11.48	1
2.92	1
2.59	4
7.22	5
-11.78	4
7.08	4
-107.2	2
12.71	1
12.61	3
-10.01	4
-6.09	3
53.45	3
10.97	4
27.99	5
14.73	5
8.87	5
-10.84	3
-83.39	3
-7.8	4
26.5	5
2.78	3
-8.55	1
5.19	4
-1.92	5
5.15	1
69.05	4
56.27	5
6.92	1
39.78	5
6.83	4
18.54	1
5.09	5
27.7	3
-98.23	2
70.64	1
0.6	5
-19.68	2
-4.59	2
-94.16	3
12.03	4
14.58	2
-7.36	5
8.34	5
-7.7	3
48.73	1
10.63	3
60.58	2
4.42	3
13.34	1
25.66	1
2.87	4
34.73	3
-5.82	4
57.49	3
-74.13	5
1.96	1
2.78	1
31.16	1
6.9	4
2.96	2
6.92	2
83.74	3
39.11	2
12.16	4
31.84	2
34.34	5
6.67	1
26.75	5
-5.21	5
53.62	2
-3	4
27.73	1
-7.62	5
39.39	5
-49.43	1
0.18	4
-5.23	4
-30.7	5
-11.15	1
-65.19	5
-4.38	5
-19.34	2
-1.79	4
34.1	2
-18.39	5
13.16	4
151.99	3
-17.51	2
-4.92	4
38.68	3
15.71	4
84.55	3
76.58	5
92.91	1
-8.41	3
-117.56	2
-6.65	1
16.21	5
5.19	5
-8.58	2
-4.9	3
-80.03	3
-75.46	2
-140.79	2
-10.4	4
18	5
10.35	1
87.69	2
-0.07	2
11.25	5
5.2	1
