9.85	5
61.32	2
-40.29	1
-19.47	4
-5.4	3
-6.85	4
68.28	2
-85.31	3
72.21	5
-50.33	2
75.59	5
32.71	1
-17.88	5
0.69	4
-3.9	4
166.43	3
-40.81	2
18.29	1
-188.48	2
0.63	4
35.92	1
4.78	1
82.76	2
-16.22	2
8.66	1
-1.84	3
19.37	2
-9.2	2
-30.78	5
-5.08	4
22.82	1
128.61	3
-12.11	4
-54.77	3
-4.73	2
-5.17	2
5.16	2
71.39	5
-62.05	2
4.31	2
-6.21	5
-0.71	1
-5.44	3
-8.36	4
127.46	3
1.67	4
-58.26	2
14.46	4
-7.67	5
-8.18	5
-21.76	1
-88.93	2
-0.01	4
-54.59	5
57.42	5
4.08	4
-19.51	1
-14.62	1
3.39	5
-5	4
-15.28	2
-20.48	1
-5.02	1
-93.75	5
-8.41	1
-12.45	5
38.1	1
15.98	4
-33.93	5
-4.32	5
50.15	2
-19.9	4
-34.88	3
-15.32	4
8.55	1
-57.07	3
54.97	1
-42.49	5
42.71	1
-1.05	5
-7.19	4
-2.91	5
-61.82	5
38.05	5
18.15	1
-6.91	2
-35.84	3
8.18	2
107.49	2
116.29	2
37.5	2
-4.53	1
12.25	1
-7.76	4
-9.14	2
-4.74	3
7.54	3
80.25	5
-5.97	1
15.34	2
-121.41	2
51.64	2
12.35	3
-5.5	1
5.18	5
-14.17	3
7.26	1
4.78	3
14.15	3
85.48	3
46.66	3
63.45	2
57.8	2
-1.26	4
13.43	4
-7.98	1
92.8	5
-4.58	1
3.27	1
-19.54	3
-1.65	4
5.73	5
-1.45	2
73.62	1
-19.55	4
38.55	5
-7.91	1
6.67	2
-13.04	4
-17.54	5
53.91	2
60.22	2
38.34	5
-7.94	3
-83.82	5
-106.36	1
-6.55	3
82.52	5
32.06	1
68.34	1
1.91	4
-5.85	1
12.2	3
15.03	2
-119.48	2
2.06	4
2.23	4
-7.5	4
66.71	1
128.41	3
43.79	1
-21.52	3
-103.93	3
-72.66	2
-10.31	4
4.6	4
40.94	3
5.31	4
-1.65	4
9.01	4
17.75	4
-6.11	5
13.3	4
-95.08	3
2.37	1
8.55	3
4.57	2
-4.32	5
9.45	5
39.98	1
0.79	2
214.84	2
-28.34	5
11.59	4
11.15	1
-1.39	5
0.69	4
-48.87	3
50.51	3
86.78	2
-4.83	4
27.06	5
73.61	2
-3.91	3
1.23	3
55.27	1
-0.43	1
2.27	3
-2.28	5
-36.15	3
14.25	4
-61.35	2
52.69	3
-7.93	2
78.21	2
-10.36	4
-34.89	5
-0.39	1
-9.71	2
6.51	3
9.76	3
1.63	1
193.36	3
-6.2	2
-10.89	4
-21.36	3
-1.57	3
15.02	2
3.04	1
-106.27	1
-9.79	5
-4.8	5
14.41	4
-105.83	3
-16.52	1
9.55	1
-89.34	2
-7.31	1
39.55	1
-61.56	3
-2.93	2
16.52	1
7.35	4
-68.75	5
-7.68	2
-25.46	2
-49.64	5
-7.11	4
-1.6	4
6.43	5
-106.71	5
22.71	5
2.3	3
1.71	4
21.66	3
11.15	2
-38.8	5
-74.62	1
3.76	4
-12.74	1
192.56	2
24.58	5
13.36	4
3.63	5
-84.02	5
-4.82	5
-68.97	3
4.14	4
-106.26	3
-61.23	5
12.27	4
27.35	5
-31.93	5
-96.5	3
9.56	3
8.85	1
58.39	5
4.84	4
-60.61	2
68.19	2
2.05	3
-36.96	1
92.42	5
-7.02	1
-6.88	1
43.65	1
-33.94	3
-10.92	3
-7.69	5
-3.55	1
-12.58	4
5.92	5
-0.24	4
59.59	3
-6	4
-17.5	3
21.4	1
78.45	1
12.16	3
5.95	4
-76.02	3
30.76	3
5.46	2
57.94	5
15.14	1
9.97	3
1.02	1
-17.26	1
-7.75	4
-11.46	1
-41.43	1
34.04	5
21.5	4
17.93	1
-37.65	1
-5.87	1
-10.82	2
8.2	5
-4.26	1
-7.09	5
26.37	2
81.43	5
157.07	3
19.99	1
-92.04	5
-113.83	1
-0.43	4
11.05	1
-3.49	5
10.19	1
-60.17	5
3.04	5
-11.53	5
28.28	1
3.18	4
11.85	3
-18.17	4
-170.38	5
-44.85	2
-42.77	2
-101.53	1
-8.23	4
57.79	5
-50.8	2
27.33	1
-159.46	2
-10.27	4
-10.73	4
-6.21	4
-11.89	4
24.63	4
72.76	5
-8.53	4
3.73	4
-1.12	5
-26.65	1
-29.41	1
39.68	5
54.83	3
28.77	2
3.54	1
10.98	2
57.71	3
39.44	2
2.77	5
-9.76	5
-49.58	2
17.04	1
-20.79	1
25.45	2
-41.26	1
6.42	2
7.92	5
-95.47	2
12.72	2
7.68	2
-3.06	4
-2.07	4
97.69	1
8.22	3
53.61	1
109.51	3
19.33	5
-8.39	5
51.14	2
-9.77	4
24.36	3
18.05	1
-2.5	4
8.28	5
-46.41	1
14.59	5
-6.85	4
-30.51	1
2.31	4
7.72	3
-1.28	4
-0.24	3
93.56	5
34.78	2
-2	1
19.97	5
-65.38	5
-7.66	3
-20.22	5
19.57	2
-3.82	3
13.66	1
4.78	4
-5.27	5
1.8	4
-96.11	3
-64.32	2
77.22	3
-6.28	4
-0.31	1
2.89	3
9.6	2
167.05	1
-1.54	4
5.88	5
335.63	2
20.34	5
-5.32	5
10.61	4
13.09	5
40.21	5
87.53	2
-42.87	2
74.77	2
-100.69	3
120.05	3
48.8	2
-0.55	2
6.49	4
49.42	1
-6.94	3
-4.38	4
8.49	4
-11.55	1
47.69	1
-13.75	3
5.31	3
-7.84	4
70.86	2
-2.98	4
11.65	4
-42.44	2
23.67	2
-11.7	3
-7.5	4
1.77	1
3.58	1
6.45	2
-4.46	3
56.7	1
10.23	4
11.79	2
-42.9	3
1.08	1
-4.95	1
-110.65	3
-14.04	4
-25.35	2
-96.39	2
14.7	3
10.18	4
-16.48	3
55.01	2
10.03	3
18.45	2
47.39	5
0.81	4
2.71	4
-62.53	3
-21.74	1
-2.38	4
-5	4
12.33	1
-15.52	1
2.41	5
-3.41	4
19.61	1
2.14	3
-1.45	4
9.31	4
8.74	4
77.56	1
9.49	4
59.55	2
8.87	4
2.22	5
40.56	5
91.22	2
150.98	2
35.07	2
-70.95	3
-32.21	5
-3.03	1
-9.41	4
-84.24	5
-75.98	1
8.7	4
77.86	3
-11.39	4
-48.31	3
-1.83	4
70.81	3
95.14	2
8.63	2
30.78	1
49.78	2
-6.91	2
-5.93	2
48.9	2
-12.98	4
-17.76	5
-12.8	2
-11.08	4
126.41	1
29.3	5
-25.21	2
-19.68	5
-39.43	1
4.77	1
19.66	3
-37.33	1
13.56	3
32.59	1
2.3	3
-80.7	2
-42.2	5
-172.45	5
-13.36	5
7.2	2
27.58	2
-28.28	2
41.3	2
-0	4
-109.91	1
-3.28	2
45.53	1
20.01	3
-55.44	5
-95.73	5
-41.62	1
10.77	3
-36.15	3
-2.61	1
25.65	2
48.12	1
-22.15	4
45.69	1
-62.17	3
59.65	3
7.8	5
9.21	5
-27.86	5
9.3	4
-32.22	5
29.64	3
62.07	5
-45.85	3
30.94	5
39.32	3
-39.6	1
43.65	3
0.07	2
-99.83	3
-1.57	4
54.56	1
-65.68	2
-97.01	3
-171.96	2
-7.49	3
-80.19	3
5.44	5
-119.12	2
13.45	5
-7.27	3
67.81	2
87.8	2
-1.56	4
42.04	3
26.68	1
-7.22	4
-8.15	4
80.79	3
-11.06	1
-63.62	5
-8.69	4
-6.25	5
45.1	5
45.93	3
26.07	5
-64.93	3
-13.47	4
-11.38	3
72.16	5
-13.43	5
37.39	5
6.79	5
30.24	3
-21.24	3
-27.82	2
-58.83	1
34.93	1
-15.19	5
5.32	5
6.52	4
6.91	4
14.33	4
11.64	1
-10.22	4
15.96	3
8.67	2
-4.07	2
-7.24	1
-30.32	3
-4.41	3
25.95	2
21.2	5
-9.94	4
51.9	3
9.57	4
10.14	4
-18.02	4
9.65	4
36.77	5
3.41	3
18.6	1
-10.14	4
-12.03	4
-15.33	2
-61.46	1
16.5	5
8.72	3
-15.72	4
-36.69	1
23.59	2
-49.74	1
-9.86	3
-17.77	3
-5.37	4
29.28	5
5.32	1
-9.76	4
-11.62	4
-51.93	1
5.81	2
-14.88	1
-14.53	4
81.84	3
1.71	4
1.07	4
-77.28	3
3.49	4
-8.57	1
53.5	2
6.65	3
-91.9	1
-24.18	1
-118.2	3
4.44	5
17.37	5
139.6	2
-32.79	1
-9.48	3
-1.63	4
2.24	1
-1.61	1
4.42	5
-70.9	5
75.08	1
56.85	1
1.88	4
-12.51	4
8.16	5
-7.02	2
32.71	1
25.44	5
-10.14	3
-42.69	1
39.87	2
146.92	3
-6.21	4
6.39	3
-16.53	1
52.67	5
16.17	1
-49.16	1
-19.36	5
-74.03	5
-11.92	4
29.11	1
11.18	4
-10.54	3
116.9	5
-11.34	2
-10.62	4
27.94	1
9.58	5
72.69	5
9.65	4
-152.54	3
-26.87	3
-41.93	1
-37.34	2
160.96	2
-18.08	5
-27.35	2
12.3	4
-10.24	2
-31.89	1
24.21	1
25.65	1
83.76	5
1.3	4
1.94	3
55.86	5
7.49	5
35.31	2
4.27	4
75.37	1
45.27	3
37.23	1
-14.32	1
10.44	4
-1.03	1
49.33	3
11.11	5
76.1	2
13.88	4
75.05	2
-19.56	5
-7.75	5
-6.34	5
27.28	2
-2.8	1
-49.68	3
28.82	5
12.4	1
11.51	1
1.24	3
32.75	2
16.51	5
2.36	4
-60.45	3
-54.77	1
-61.81	3
-30.98	1
-3.89	4
56.54	5
57.5	3
46.5	5
-32.79	3
-36.04	1
-2.08	4
12.27	3
55.72	5
1.46	2
38.49	1
-3.9	4
-5.53	1
85.53	3
-0.24	1
9.95	2
-13.82	1
-4.77	3
-115.07	1
-15.67	2
-57.37	1
-16.25	4
3.58	5
4.51	4
89.82	2
16.22	2
55.27	3
-44.61	2
-10.93	2
7.7	4
-3.5	4
-36.63	5
10.57	3
8.27	4
-1.37	4
58.19	5
23.6	5
0.37	1
-54.17	1
51.37	3
11.85	4
-13.27	5
-12.2	4
80.07	3
5.21	4
-4.1	4
105.17	3
105.37	2
44.97	1
25.52	2
14.42	3
-26.77	5
-16.44	3
-57.8	1
54.23	5
-49.5	2
-62.77	2
-143.42	3
3.93	4
252.11	2
-1.94	5
-0.25	1
-19.34	3
0.66	2
56.64	5
14.45	1
27.2	1
5.26	2
10.27	4
-13.9	4
133.76	2
20.17	5
6.81	2
-168.96	1
101.69	2
32.95	3
-48.7	2
3.69	4
-213.49	2
5.29	5
-61.65	5
-16.54	2
21.39	2
-16.45	1
14.67	1
-94.73	3
-5.45	4
80.55	2
-7.66	3
26.48	2
-116.37	5
6.83	4
12.36	2
15.69	4
-4.64	1
-8.37	1
-40.01	5
2.21	1
20.99	3
6.81	3
3.27	3
15.99	2
14	4
71.99	5
-1.52	5
109.33	2
-110.33	5
13.64	5
10.11	4
63.52	2
-46.85	1
15.29	2
129.04	3
0.34	4
4.89	5
16.69	1
-2.28	5
9.53	1
9.65	5
-28.83	5
11.83	1
-20.53	5
-44.25	3
12.76	5
63.67	1
-6.52	3
82.32	3
-106.49	2
74.26	3
13.82	1
87.81	3
-35.9	3
-3.12	4
7.79	5
33.08	3
-7.34	3
5.84	2
-8.88	4
13.47	5
-5.57	4
-144.62	2
104.89	5
11.94	5
0.26	2
68.42	5
47.28	5
-15.12	3
-24.29	4
-25.98	3
-11.5	2
11.42	2
25.48	1
46.77	5
-3.73	2
8.38	5
-6.98	3
-22.93	1
98.48	1
59.37	1
35.29	5
-5.06	4
6.52	3
-58.51	1
-6.57	5
-17.49	3
2.05	4
-72.88	1
-9.21	4
-8.45	2
-38.86	2
-6.72	4
-5.52	2
-94.34	2
1.16	4
-5.54	4
93.19	5
-8.05	2
89.64	5
6.35	2
12.16	3
-13.55	4
-0.74	5
-6.22	4
11.31	2
-44.03	3
-13.95	4
-8.92	3
-14.94	1
10.51	4
-109.51	3
-54.08	3
-87.04	3
-3.41	4
-123.72	1
48.63	2
-9.49	4
37.73	5
-10.97	5
42.37	5
-22.33	1
-12.64	5
10.75	4
34.14	5
74.37	5
-11.74	1
106.49	5
2.53	4
43.56	3
-30.79	2
8.45	4
5.6	5
11.73	3
-6.29	4
7.66	3
-31.22	3
6.53	4
-1.58	5
1.29	1
-70.74	5
-15.21	2
14.48	5
6.22	4
72.73	5
-8.05	5
33.83	2
130.29	3
12.71	4
14.18	4
267.76	2
-272.15	3
63.32	5
20.63	3
-33.49	5
57.25	5
8.83	4
12.44	5
-2.03	1
0.8	4
-1.54	2
-32.18	5
-62.1	2
146.16	2
-18.69	5
30.01	5
2.94	2
-177.92	3
18.85	1
-4.02	5
-3.04	1
3.36	1
-18.21	3
-8.68	4
67.58	2
-131.6	2
-8.98	4
-12.44	5
-10.99	1
52.1	5
7.92	4
12.22	5
-76.88	2
-19.17	4
-16.8	4
16.11	2
5.23	2
7.7	4
-49.2	2
-7.27	2
142.38	2
16.27	2
-60.36	3
-24.47	2
-5.61	2
-58.07	1
-12.08	5
42.81	3
-141.46	2
8.5	2
3.56	4
31.63	3
107.75	1
10.42	3
-11.04	1
-17.65	3
-8.17	4
-3.48	2
11.9	2
3.84	4
38.02	2
0.21	4
3.71	5
5.7	4
-12.71	1
