-6.78	3
8.6	1
7.95	2
-12.72	5
72.71	2
10.96	1
15.98	5
-3.39	3
-2.76	4
31.41	2
33.07	5
22.29	5
-30.07	5
-9.97	5
8.04	3
13.44	2
21.37	1
5.31	1
56.44	3
66.75	3
37.29	2
6.02	4
45.01	2
21.84	5
-0.03	4
11.84	4
1.42	3
11.78	3
-9.68	3
38.24	5
29.92	5
19.92	3
80.44	3
-226.2	2
-7.73	4
11.8	4
-142.04	5
82.91	1
6.56	2
10.17	4
-2.85	4
-1.33	1
-5.99	1
-22.47	3
100.92	1
82.82	3
4.46	4
-9.17	4
13.67	4
-7.93	4
-9.74	1
-39.26	3
65.1	2
-4.33	5
42.37	3
13.92	1
0.16	4
5.34	4
36.33	5
-3.34	4
75.82	3
-9.55	3
-126.01	2
65.07	1
7.28	3
-7.01	1
-39.6	2
-97.66	2
4.76	5
-17.39	4
-27.97	3
-14.95	4
7.13	2
-14.26	3
9.89	4
-4.43	4
-33.58	3
53.85	5
36.42	2
14	1
1.03	1
45.18	1
31.01	1
94.62	5
13.13	2
33.58	2
-27.45	1
-13.16	1
61.27	1
5.35	2
80.96	3
92.38	5
-309.67	5
0.81	1
13.15	3
71.46	3
-40.42	3
-8.46	4
-4	5
58.93	5
70.25	3
-75.61	1
18.64	4
11.48	5
-8.03	1
19.65	5
107.94	2
5.76	2
4.66	5
-21.43	5
3.01	4
7.34	3
2.72	5
12.63	4
40.29	2
60.58	3
89.51	5
7.12	2
12.39	4
-45.22	3
-48.9	1
51.65	5
41.39	1
-10.84	1
127.55	3
-8.81	4
45.4	2
13.9	3
-9.56	5
-0.39	1
-97.29	5
12.49	1
78.56	1
7.96	2
-9.21	5
-9.8	4
32.86	2
12.93	1
165.33	3
62.85	2
14.4	2
-22.34	4
-109.67	5
15	5
-59.22	5
12.49	4
-207.47	2
-1.45	3
17.88	5
-10.62	3
-7.16	4
29.66	5
-18.26	2
36.85	3
-9.91	4
13.88	5
23.84	1
-0.64	4
-84.65	5
-82.44	5
-10.51	4
-42.73	1
5.52	5
-48.28	1
4.3	4
124.59	5
10.93	1
37.51	1
-44.9	3
11.09	2
-8.17	1
-58.74	1
31.86	1
10.99	2
-54.09	5
-20.04	4
-14.77	5
-63.22	3
-85.06	1
50.48	2
39.26	1
6.38	2
-0.96	1
-5.15	1
31.97	2
29.03	2
-14.13	5
-2.14	4
-4.41	4
-49.82	2
35.46	5
61.19	1
-11.71	1
1.57	5
59.64	2
5.67	3
11.78	4
14.62	4
5.22	1
7.89	5
-16.05	5
31.26	2
10.93	2
-50.78	2
16.36	2
4.21	4
28.71	3
-51.84	2
-2.83	2
3.02	3
7.99	5
-20.6	4
18.82	2
11.08	2
-7.69	2
-11.03	4
7.11	3
-4.94	1
18.74	2
77.38	2
1.43	4
16.64	1
10.03	4
-136.45	2
-129.94	3
-111.36	3
20.02	2
2.49	5
5.61	4
-33.51	3
-11.17	1
14.17	3
42.82	2
34	1
-56.1	3
-83.26	3
56.45	3
34.66	3
-56.81	5
-75.97	3
-12.47	3
15.53	4
56.32	1
-38.87	5
-6.29	2
7.11	4
-10.97	4
11.9	4
2.72	2
-34.55	1
-2.24	5
-11.09	2
10.91	4
30.97	1
11.38	5
-24.85	5
55.82	4
34.48	2
61.82	5
12.91	4
18.68	1
-45.79	2
77.36	5
8.14	1
-12.09	4
-3.62	4
49.96	1
-49.4	2
5.69	1
7.88	4
-6.57	1
-10.8	3
26.11	2
38.26	1
-3.17	5
9.78	4
-8.15	1
8	4
-57.33	5
-15.7	5
9.87	1
-239.96	2
8.09	4
-15.53	1
42.82	1
36.54	4
26.9	3
49.81	2
-9.29	3
5.14	4
7.09	4
17.65	2
30.14	5
-8.2	4
-32.89	1
13.04	4
10	1
13.1	5
0.9	3
-22.39	3
9.34	4
11.37	5
-16.39	3
41.92	1
-77.6	2
2.08	2
105.12	3
-2.01	4
-10.01	1
-5.66	2
86.52	2
-43.66	2
-13.09	4
-7.47	4
-24.56	3
-11.47	5
11.18	2
52.7	1
-7.28	4
-331.58	2
-25.36	2
-7.13	4
-11.66	5
7.93	3
8.55	4
49.65	3
8.03	1
3.02	2
4.79	1
-1.81	1
-9.36	3
-7.9	3
-10.13	4
20.85	3
-2.02	5
-28.63	2
-20.63	2
-5.1	4
82.42	5
-6.55	3
-34.43	1
-3.24	4
59.5	2
-39.3	1
-12.28	5
0.27	5
-10.64	5
-78.6	2
79.11	2
-10.82	5
-22.73	3
-16.81	3
-23.17	3
-17.35	3
10.98	3
7.61	4
-27.52	1
-30.72	3
14.92	2
0.51	5
-19.93	1
-6.21	4
-123.05	2
-13.75	1
-7.38	2
-3.8	4
3.3	1
-4.13	5
-7.17	4
46.63	5
-10.83	3
-77.8	2
-53.07	3
19.41	4
30.55	1
15.6	1
-3.16	3
-20.11	3
13.35	2
-7.37	4
16.4	1
10.32	5
33.01	1
-40.16	1
54.95	1
56.27	3
167.06	5
40.45	2
17.59	3
43.25	2
-27.16	1
-11.99	2
-7.34	1
68.68	1
4.31	1
-190.29	5
-142.2	2
-23.93	5
27.88	5
-16.59	5
44.97	5
-1.71	1
6.12	5
10.91	4
2.16	2
-30.07	2
3.14	5
5.48	2
8.57	2
39.29	5
0.42	5
-66.63	2
-10.9	4
33.73	1
-51.02	3
-21.15	2
0.84	2
5.53	5
13.08	3
16.71	4
0.36	4
28.67	3
6.99	3
30.27	1
15.55	1
-3.4	4
58.88	5
-10.97	4
104.39	1
-2.58	4
61.6	3
29.23	5
-15.9	1
5.99	4
173.61	5
6.62	5
-19.92	5
-4.82	4
-1.96	5
-59.21	2
15.2	4
-12.71	3
21.41	4
14.98	5
-25.32	2
5.94	4
73.73	5
9.05	4
-13.16	5
-92.36	5
-73.61	2
-1.65	1
-26.87	5
-30.04	1
4.78	3
80.28	1
10.07	3
8.26	1
-0.87	3
-9.22	4
-2.36	5
5.13	3
-2.56	4
-21.87	1
-51.01	3
35.36	3
6.35	2
-7.03	4
11.99	2
15.73	3
-4.44	4
7.19	2
14.29	5
-7.08	4
-33.35	5
137.87	2
61.99	5
-75	2
7.17	4
-30.56	1
-86.32	3
-8.5	5
16.72	5
40.18	5
32.3	1
3.76	4
37.94	2
-15.56	2
-5.56	1
8.78	1
-22.6	5
-8.5	5
17.49	3
32.95	3
-0.66	4
-14.8	1
125.16	3
-6.1	4
1.39	4
4.75	3
84.84	5
-11.67	3
-8.6	4
2.39	4
-7.64	5
-7.11	3
-28.52	2
4.38	4
42.61	5
121.35	3
6.12	5
8.64	5
45.62	5
69.17	1
7.99	4
-16.73	3
-22.45	2
-8.55	3
-23.72	2
-8.3	5
9.6	1
93.42	5
-16.47	2
-49.47	3
-14.12	4
8.3	2
95.92	2
-14.14	5
-21.68	2
14.96	4
9.58	3
33.4	2
-39.39	2
-22.52	4
-25.67	2
10.72	3
-8.99	1
-11.46	3
35.67	3
1.17	2
21.48	2
1.6	4
4.31	3
-8.25	3
-45.43	2
-48.13	2
-9.45	4
-74.21	2
-6.97	5
-7.93	5
-24.44	1
-81.99	3
-30.38	1
5.13	3
21.81	5
16.74	3
-11.44	4
2.76	4
11.42	5
-37.65	2
-25.83	4
56.55	3
47.78	2
3.07	4
104.26	3
32.76	5
-25.45	2
-0.95	5
-5.13	2
22.94	1
7.89	3
44.78	1
-124.79	2
60.36	1
-12.3	4
20	2
34.34	5
82.65	5
-36.7	3
8	1
12.6	4
40.31	2
5.61	1
0.54	4
18.14	1
-78.21	5
34.29	5
-12.34	4
-4.21	5
42.28	3
-23.7	1
17.85	3
61.77	1
-23.9	5
-75.26	3
-40.91	5
13.22	4
-54.46	1
9.96	2
50.34	5
-3.06	1
-17.64	1
-24.24	3
11.77	1
-12.81	1
29.29	1
20.74	1
-40.28	1
4.17	4
78.15	5
-15.66	3
-15.52	2
53.23	1
-116.23	3
215.49	5
67.44	2
-21.25	1
-11.4	4
-10.11	4
13.76	4
8.96	2
-7.51	4
-24.66	5
50.63	1
-85.59	2
-4.91	2
112.52	3
-64.37	2
37.72	3
33.04	1
6.51	4
7.39	5
15.57	1
-26.33	5
4.15	3
10.5	4
139.62	2
3.64	2
177.64	2
29.3	1
-8.56	4
-9.7	5
-2.92	4
6.08	4
-76.69	1
80.54	2
45.1	1
-6.72	4
-11.29	1
-16.92	3
105.46	2
-1.1	1
-13.36	3
-43.77	5
1.89	3
5.28	4
19.16	1
-7.22	2
-13.45	2
4.49	3
9.89	1
-25.61	1
-10.23	4
56.39	3
-8.45	1
60.03	5
63.77	1
78.77	2
8.05	5
38.38	2
-110.15	5
-2.89	4
3.15	1
3.83	3
-3.76	4
-1.21	2
3.07	4
3.99	1
-5.45	5
-13.29	5
59.36	1
57.38	3
1.82	1
-470.4	2
1.08	5
-12.14	4
153.09	5
51.29	3
-9.55	2
29.58	1
-49.34	1
2.66	3
45.39	5
-36.84	1
-82.3	1
-23.04	5
-5.32	4
21.72	2
-4.6	2
5.96	3
-47.53	5
-29.23	5
10.13	3
69.47	2
-15.19	5
-47.85	3
-8.86	1
-73.12	3
67.72	2
-5.1	4
-0.05	4
-20.38	5
3.52	3
39.33	3
7.56	4
13.03	1
-12.89	4
2.26	5
4.64	4
1.26	4
88.67	5
-54.29	3
-8.38	3
-2.41	3
8.4	3
-8.43	2
-20.9	3
6.69	1
0.98	3
47.01	5
-53.36	1
-2	5
60.17	3
-8.27	3
16.89	4
59	2
-1.51	4
69.64	2
10	2
65.94	5
74.39	3
8.09	2
5.63	1
2.04	4
-14.43	4
-8.87	4
8.72	4
1.31	3
17.74	1
121.27	2
-95.68	5
-47.93	2
-87.12	5
112.87	2
-96.77	5
154.89	1
-10.09	1
-2.43	3
-87.71	3
9.31	4
4.65	5
4.01	3
6.33	4
51.26	2
0.6	3
54.85	3
25.82	1
17.1	1
18.97	2
-7.48	2
-69.33	1
8.24	1
-37.13	3
138.28	3
2.38	1
-29.47	1
32.65	5
10.11	4
10.96	2
123.41	1
69.88	1
-14.39	2
-57.01	2
12.4	2
-91.34	3
-3.68	5
6.95	4
12.61	4
-7.76	1
-106	3
-5.73	2
48.52	1
10.2	1
1.05	4
-1.14	4
-20.05	5
14.89	1
64.6	2
-6.64	5
38.6	5
28.19	5
-36.35	2
84.42	2
1.94	2
166.62	3
84.8	5
44.71	5
-9.42	5
12.17	4
136.63	3
46.32	1
-8.82	4
23.58	3
65.5	3
-5.58	3
19.98	1
3.93	5
-54.83	1
12.94	1
-3.66	1
-5.31	5
9.83	4
16.65	2
-5.77	4
-15.89	4
30.92	2
-8.68	1
0.36	2
-14.11	3
-7.56	2
6.24	1
-11.77	3
10.96	4
-43.22	5
14.02	4
13.2	5
-8.28	4
89.38	1
10.31	5
-0.16	4
1.81	4
9.14	4
-65.71	3
134.08	2
17.25	3
6.03	4
15.48	1
60.58	5
-5.68	1
30.69	3
9.62	5
17.42	5
12.62	1
8.14	5
5.94	4
-0.1	4
-140.74	5
-19.78	1
-20.9	2
12.77	5
-86.48	3
-48.23	1
-9.48	2
12.35	3
7.37	3
53.52	1
53.47	5
-32.4	2
18.26	3
9.98	1
10.41	1
15.28	5
-1.3	5
-137.93	3
40.31	5
39.36	3
-23.93	5
-20.64	3
61.11	5
-5.62	2
-7.72	2
5.58	3
37.17	2
-48.93	5
60.56	2
-81.97	3
153.52	3
40.96	2
-4.3	4
25.95	2
37.96	3
-8.03	4
2.67	1
81.03	2
-79.79	3
-12.09	1
34.59	3
-3.15	1
-2.15	4
-1.83	3
-7.21	2
8.51	5
-10.98	1
4.76	5
11.26	2
-8.49	4
-39.9	2
-12.25	4
117.54	3
65.35	5
-131.85	3
46.38	2
-7.1	4
44.09	1
-4.03	1
7.25	5
-8.2	3
-41.73	3
-4.51	5
-23.99	2
8.2	4
0.83	2
-139.05	2
-79.93	5
64.14	3
-4.21	4
10.93	5
-12.81	5
54.61	2
2.01	4
-16.14	2
24.17	1
-10.51	1
9.36	4
-12.7	5
-49.3	3
-3.46	4
-10.34	4
26.05	1
-30.02	5
9.51	5
-37.59	5
1.16	4
-20.6	1
63.81	1
-53.62	5
-81.8	3
-34.32	5
-2.41	4
-5.86	5
1.24	4
27.05	2
-7.18	3
3.54	4
-8.91	4
55.77	2
-71.13	1
21.18	5
9.43	4
-25.72	5
18.32	4
7.59	4
8.72	1
46.19	3
-8.16	4
6.92	4
-11.36	2
-61.58	3
-17.51	5
-10.12	4
-24.86	5
-14.24	4
-3.08	4
-4.93	2
-7.81	4
-8.95	4
-35.8	2
-60.51	5
-56.17	2
2.54	5
23.98	3
-58.83	3
4.71	4
97.97	5
-7.44	1
-66.45	2
6.99	3
87.35	3
-9.22	4
3.85	5
-230.52	2
8.59	3
-2	4
28.29	5
10.18	2
-14.12	1
-0.25	5
-27.67	1
-6.49	4
-14.64	1
-32.24	3
-0.91	4
76.68	5
-62.5	1
177.12	2
16.34	2
-112.57	2
-6.95	4
64.12	5
-75.02	3
33.65	5
4.93	2
-80.22	3
9.88	1
4.1	2
-3.88	3
-83.05	2
-11.56	2
9.7	5
55.33	2
-62.16	3
10.5	2
-13.76	3
-54.03	3
