-20.89	3
32.48	2
5.77	1
-20.11	2
-12.21	4
-25.88	2
18.45	2
-2.69	3
-25.61	5
4.76	1
-44.55	5
-30.21	5
-127.5	5
83.12	2
-9.1	5
-1.11	4
-2.38	5
-13.55	2
-7.89	1
59.45	2
5.59	3
5.96	4
154.97	5
56.33	1
0.33	4
-29.93	1
-10.88	3
-11.6	2
54.88	2
56.51	1
-117.38	1
-41.15	3
-38.08	1
-20.37	2
41.11	5
12.1	5
8.72	4
-6.84	2
-9.91	1
10.71	4
-1.29	4
-27.4	1
-1.31	2
0.47	3
3.98	4
0.15	2
-21.77	5
-20.96	4
21.01	1
-23.7	3
273.81	5
99.15	3
25.96	2
-133.93	5
101.3	3
-1.78	2
4.88	1
-2.93	4
53.04	2
-80.65	3
-36.36	5
-30.08	1
-0.14	4
-82.37	3
-7.65	5
7.76	3
-68.56	5
9.31	5
63.08	2
5.08	4
-37.34	2
-6.29	4
-76.27	3
25.63	3
6.13	2
-146.79	3
-9.34	2
4.92	4
-15.3	5
-27.63	1
58.55	1
9.87	3
77.45	3
-61.79	2
1.55	4
12.39	3
-0.82	4
14	3
-2.72	1
111.34	3
23.32	2
35.23	3
76.02	5
-47.15	5
-7.42	5
39.34	5
-26.85	5
-36.99	2
9.6	3
-34.48	3
-2.84	4
-1.41	1
4.14	4
-11.84	4
23.9	5
-20.33	1
150.05	2
-32.85	3
59.82	3
-38.7	2
3.53	4
2.7	1
1.52	1
-92.16	3
6.34	1
-11.91	4
24.34	5
39.03	2
-8.33	5
-17.2	2
-87.47	1
11.01	5
2.87	5
3.05	1
-23.79	1
8.34	4
88.55	5
-3.14	3
-60.28	5
-7.45	1
-0.62	4
11.49	4
13.23	3
-8.74	2
75.14	3
24.45	3
-5.85	2
-7.24	2
-7.21	2
-23.21	1
50.21	3
-2.96	4
-4.29	4
151	5
24.06	3
23.65	2
-26	5
-0.97	5
-55.46	2
4.2	3
51.69	2
-42.16	1
-85.03	2
-14.47	2
26.03	3
-14.31	5
-6.36	4
-11.8	2
-36.93	2
16.64	5
24.7	2
-22.18	1
42.59	3
-3.93	4
42.19	1
-46.26	5
49.19	5
4.94	4
62.76	3
-8.78	5
-0.67	4
8.28	4
18.9	3
21.6	1
16.07	2
3.68	3
73.84	5
4.17	3
119.93	5
-16.04	4
-5.67	1
-39.98	2
-19.05	3
46.52	3
-24.23	2
67.93	5
26.8	5
-17.94	2
1.4	4
109.02	3
-66.08	1
7.42	3
2.31	5
-11.37	4
5.8	1
-21.44	3
-284.21	5
-18.53	1
80.58	2
-1.26	5
46.25	1
1.94	1
-8.37	2
14.96	5
8.97	4
-4.14	4
2.45	5
10.57	3
-45.57	2
-24.91	1
7.57	5
-1.21	1
-58.72	3
12.6	4
-4.48	3
5.82	4
-10.94	1
-29.89	1
-33.71	1
-34.58	2
-29.94	1
-4.79	5
13.34	4
-35.73	5
23.86	2
6.56	4
-9.65	4
52.97	1
-15.69	1
12.37	4
6.38	4
-6.15	4
23.09	1
-86.82	1
-36.54	3
-25.3	5
-14.45	2
-231.12	2
-27.99	2
173.61	2
172.42	5
-65.99	5
-73.25	5
5.02	3
13.2	5
-6.81	2
8.67	2
32.48	5
-15.12	2
7.6	1
-90.36	3
40.68	1
5.45	3
101.93	1
52.67	5
14.85	4
27.38	1
70.5	5
45.48	3
-12.62	4
2.71	4
65.25	3
51.27	5
113.5	3
-4.92	3
-20.1	5
-5.73	4
-0.17	4
176.69	5
-6.42	3
5.44	1
-13.68	4
-13.61	3
8.58	4
-0.49	4
-13.36	5
7.37	5
-75.46	2
13.66	3
-5.63	4
-21.05	1
66.39	3
15.34	4
17.3	4
7.13	4
-10.64	5
101.09	1
12.26	4
48.06	5
4.58	5
69.59	5
74.57	2
-11.47	4
62.06	1
-11.64	2
-3.96	4
-7.84	3
-6.91	4
28.07	5
1.77	4
-67.4	3
7.29	3
-9.4	5
34.05	2
12.11	5
30.59	3
-13.08	5
1.95	2
-42.58	2
-7.27	4
19.38	1
-19.8	1
-44.11	5
-122.69	5
-13.89	1
-1.65	4
0.96	4
-79.33	2
-44.54	2
3.84	2
-11.13	4
2.44	5
-24.36	1
5.41	5
8.93	3
5.26	2
44.6	1
39.84	5
14.05	4
-1.73	5
50.34	1
-82.43	1
-12.31	2
17.1	4
-6.8	4
-36.6	3
-10.27	3
-25.5	1
-0.8	5
-3.15	4
0.92	4
-12.95	2
1.87	2
31.78	1
-51.6	2
-8.06	4
147.07	3
-29.91	3
40.06	3
108.01	2
3.94	3
13.28	5
-19.03	2
18.07	4
4.39	2
-16.27	3
-15.27	5
48.2	3
-3.3	3
-9.58	4
-5.36	1
8.36	4
-25.03	2
43.18	3
7.46	2
69.71	2
-10.82	4
-20.59	5
23.1	3
45.44	5
7.46	2
-5.9	2
-89.46	2
36.11	5
2.1	1
12.72	3
-12.63	5
2.69	3
4.68	1
11.13	5
-132.6	5
-15.84	5
-5.56	4
214.33	2
-40.8	5
6.98	5
-1.27	4
6.81	2
-8.23	4
15.42	2
-2.73	1
-79.09	3
-35.7	5
-52.43	1
6.6	1
-5.92	2
3.33	5
27.87	1
17.73	4
19.27	5
3.43	5
64.13	3
42.25	1
3.47	4
8.26	2
-17.62	1
77.16	2
20.82	5
-79.47	1
8.86	1
-1.99	3
-18.2	5
-3.22	4
-51.53	3
-6.46	5
-6.49	4
-54.28	5
63.52	2
2.43	1
0.97	4
37.94	1
8.2	1
-1.68	5
0.84	4
75.84	5
132.05	5
-10.74	5
10.26	1
-10.98	4
-6.03	1
-6.56	5
82.41	3
15.1	2
-286.4	5
71.05	2
-109.41	3
3.28	2
-32.99	5
14.7	5
-25.45	5
-0.69	1
7.57	1
4.86	4
3	4
24.2	1
15.34	2
5.35	3
16.53	1
51.84	1
-10.64	5
5.72	4
5.78	3
-58.58	3
0.37	5
-5.03	1
4.74	2
28.94	2
10.42	3
4.96	4
51.34	3
13.66	2
-56.75	2
17.5	3
5.77	4
58.28	5
-50.35	3
15.57	1
11.36	1
-3.25	1
5.24	4
74.87	3
-7.42	1
-51.96	1
16.22	5
18.1	1
25.08	3
13.64	2
46.42	2
2.56	5
-6.19	4
42.67	1
39.2	3
-2.95	3
2.96	5
-16.8	3
1.17	1
73.88	2
6.75	4
-80.42	3
-52.53	5
30.16	5
6.51	5
-25.22	1
-176.39	5
129.8	3
-5.76	1
-0.42	1
-6.4	4
-93.57	5
-80.52	2
-76.52	3
52.25	1
48	5
78.67	3
29.14	3
-51.2	5
-5.48	4
-64.06	5
6.07	5
-9.78	4
77.91	5
3.62	1
-49.57	2
-6.73	3
-33.89	5
-2.46	4
-167.14	2
-5.38	4
65.33	2
30.58	5
118.02	5
98.44	3
-38.22	3
-9.01	4
8.51	2
13.8	1
3.93	1
-98.15	5
30.64	3
94.22	3
61.15	5
-8.04	4
-33.27	3
-6.77	4
3.07	4
71.28	3
-91.62	1
-232.4	2
14.65	3
40.12	3
31.18	5
68.19	2
154.61	1
-30.01	3
-0.75	5
-16.09	4
9.05	4
-71.86	2
15.22	4
-4.75	5
8.8	5
23.86	2
-16.77	3
-21.02	2
-9.7	1
-9.09	5
54.25	2
-20.59	2
1.52	2
43.29	3
76.44	3
-11.65	4
27.37	3
-8.73	3
36.87	1
-6.02	4
10.1	4
-0.87	1
-6.14	5
-5.24	2
12.01	1
-90.81	3
-22.68	1
-40.86	3
-8.02	1
-51.44	5
-8.34	5
-40.29	5
83.55	2
-6.08	1
51.53	1
-6.34	4
43.25	2
-148.16	2
-5.23	3
-14.34	5
-33.79	3
-18.26	1
4.65	4
-23.75	3
6.62	4
-60.83	5
-11.36	4
5.28	5
-18.33	3
-48.86	5
-184.96	2
-7.29	1
-5.38	4
-69.26	3
-31	1
-19.26	4
-34.3	2
-0.36	4
-50.51	1
-35.61	1
33.78	1
83.81	5
-111.56	2
23.58	3
-57.89	5
33.07	3
9.97	5
22.08	5
-9.08	3
37.4	5
-39.6	3
-44.32	1
-7.35	4
-0.06	1
60.95	5
-34.13	1
-26.52	5
18.58	1
-3.45	4
171.28	5
2.53	4
3.22	1
34.33	5
26.35	3
1.85	4
246.3	5
12.41	3
-22.81	1
-4.98	3
-7.19	4
11.06	3
-4.33	1
-37.7	5
-128.98	5
25.06	1
-12.28	4
3.49	1
6.57	3
5.67	1
-88.01	2
-192.47	2
-13.91	4
-9.37	4
-103.73	3
40.78	1
-28.55	2
-6.08	2
-55.15	3
-7.35	4
32	3
10.83	4
7.07	4
-48.85	1
-38.97	3
-24.46	1
19.13	2
8.38	4
-72.09	2
31.62	1
-6.16	4
14.69	2
-30.93	5
-27.47	5
-9.72	5
5.7	4
58.07	1
9.67	1
-0.53	3
-0.7	3
-11.41	4
-58	5
8.67	2
0.2	4
-19.09	2
11.84	4
-34.07	3
-34.9	5
21.63	1
-1.22	2
-67.49	3
72.73	5
-138.25	2
-2.39	1
-3.41	5
10.12	3
66.17	5
6.11	5
-9.31	2
-2.7	1
23.64	1
1.23	5
27.63	5
15.32	5
8.72	4
-1.46	4
49.22	5
2.75	4
-19.64	2
171.62	2
-11.68	2
-107.29	1
-0.14	1
-11.76	1
12.69	3
5.7	3
11.64	4
1.08	4
26.97	1
-1.58	4
46.22	2
11.44	3
-12.21	1
19.41	1
16.39	5
-35.1	1
4.29	1
11.42	4
17.73	2
-8.02	2
-7.92	1
-1.58	4
6.08	1
27.44	5
-7.84	2
-11.09	5
-33.05	1
-43.44	2
-34.98	3
7.91	5
42.76	1
8.91	2
-0.22	1
42.66	5
-5.4	1
-22.26	5
-78.3	2
-71.02	1
-125.52	3
8.35	4
-0.53	1
-16.73	5
-25.59	2
17.63	5
-123.81	2
-52.38	1
10.81	4
-10.16	4
53.56	2
-76.99	2
7.89	2
9.96	3
-47.64	5
-1.51	1
21.09	2
-6.88	4
49.75	2
-11.18	4
-5.3	2
-16.2	2
44.81	3
-54.47	5
1.73	4
13.23	2
8.23	1
-0	4
-37.06	5
11.7	3
105.82	2
11.89	4
0.8	1
41.86	3
11.97	4
25.38	5
39.46	5
-11.96	4
15.85	1
19.7	1
44.91	3
41.67	1
-10.77	4
24.73	5
54.19	5
-44.12	5
30.62	2
-10.52	5
16	4
76.42	3
-20.6	5
53.16	2
-0.48	1
61.54	2
8.2	4
-3.22	4
-23.62	3
-40.91	3
-8.58	5
-7.65	4
41.08	1
-0.23	4
9.41	1
6.37	4
8.82	4
-3.22	4
-2.01	2
-82.83	2
8.59	4
-11.58	3
-76.71	5
-37.68	1
-6.17	5
-13.34	3
-45.88	3
-69.45	2
10.6	1
2.3	1
-6.58	2
12.04	1
-53.39	5
4.55	4
47.03	5
-43.21	1
-3.76	4
-21.98	5
25.46	2
-58.74	5
52.46	1
-10.83	5
-10.45	3
97.11	2
-19.75	2
-15.89	3
-10.93	4
20.2	5
-95.37	2
-49.87	2
14.19	3
47.61	1
-11.32	5
-8.01	4
14.43	3
50.5	5
3.65	3
25.83	5
-5.91	3
-2.42	5
108.62	2
-19.22	3
-4.32	2
33.25	5
13.75	1
-0.03	2
102.2	5
13.97	1
-8.22	3
-14.54	4
-8.39	4
-20.57	2
-15.97	5
-85.89	5
-84.1	2
-26.86	2
-2.49	3
3.66	4
-0.68	3
1.9	4
-95.77	3
13.57	2
-0.1	5
-20.34	2
17.69	1
60.06	5
-71.03	3
13.6	4
9.2	1
1.08	4
5.32	5
183.4	5
54.89	1
0.62	3
-34.17	1
-7.84	4
22.7	1
-2.55	1
6.44	1
6.29	2
32.54	1
8.2	1
44.37	3
-4.83	2
5.62	3
-13.95	4
-47.22	5
12.45	2
2.74	1
-1.68	2
0.02	2
-22.1	1
3.96	4
-18.44	5
108.83	1
-10.86	5
-9.4	4
8.16	3
-69.98	2
-7.96	4
15.24	1
-30.74	5
-119.1	5
78.38	5
-13.74	5
-85.29	5
29.04	2
-100.61	3
-2.85	1
3.7	3
9.12	4
-9.17	1
97.19	5
2.66	4
-244.9	3
-38.82	2
36.92	3
34.57	1
-2.74	2
10.6	4
6.83	1
139.29	3
6.58	3
32.12	3
-184.87	3
47.93	1
6.67	2
-58.76	3
6.82	4
12.73	2
27.28	2
-45.78	5
3.43	3
9.5	2
58.68	2
-4.54	4
8.76	4
10.35	3
8.54	3
23.39	3
6.8	3
61.16	2
0.21	2
6.8	1
-18.66	3
-26.29	5
5.36	4
3.05	3
41.13	1
-145.84	2
-10.75	1
9.41	4
-10.21	1
18.33	1
12.25	4
55.72	5
-6.13	3
2.72	4
86.56	3
-3.44	5
-40.93	2
11.45	1
7.8	1
46.24	1
-4.23	3
-10.69	5
12	4
-39.24	1
-44.02	1
9.5	1
101.61	2
82.02	5
-9.94	4
10.55	4
-115.58	2
-7.84	4
-75.42	5
43.59	3
231.44	2
3.99	3
-13.19	5
-5.58	3
-22.87	1
-42.9	5
-5.79	2
-38.99	3
19.43	3
2.82	4
-8.29	2
46.66	3
-154.44	1
-105.49	2
61.33	3
19.67	3
4.45	1
87.33	5
-12.28	4
6.9	4
20.21	3
-63.78	3
191.41	1
62	1
6.29	1
7.99	4
77.71	3
-116.31	2
-10.67	4
60.56	5
-9.45	5
6.7	3
-21.45	1
7.44	4
-46.49	1
